This is computation ability:
[
[0,0,0,0,0,0,0,0,0,0,0,0,0,0,0,0,0,0,0,0,0,0,0,0,0,0,0,0,0,0,0,0,0,0,0,0,0,0,0,0,0,0,0,0,0,0,0,0,0,0,0,0,0,0,0,0,0,0,0,0,0,0,0,0,]
[0,0,0,0,0,0,0,0,0,0,0,0,0,0,0,0,0,0,0,0,0,0,0,0,0,0,0,0,0,0,0,0,0,0,0,0,0,0,0,0,0,0,0,0,0,0,0,0,0,0,0,0,0,0,0,0,0,0,0,0,0,0,0,0,]
[2,4,1,2,2,3,2,2,3,2,3,2,3,3,2,2,3,2,2,2,4,2,2,3,2,3,4,3,2,2,3,2,3,2,3,2,4,2,2,4,3,3,2,3,2,1,3,2,2,2,2,2,3,4,3,2,3,3,3,2,3,3,4,4,]
[22,29,11,26,19,23,16,31,21,21,34,25,26,26,22,14,33,12,24,18,23,26,14,17,26,29,17,32,19,20,21,34,27,23,20,25,22,15,22,31,22,30,30,31,14,33,28,28,30,18,27,21,16,26,32,28,24,19,16,16,22,34,18,14,]
[30,19,25,18,20,20,27,29,27,19,26,29,32,25,19,14,29,27,25,33,17,18,23,27,26,26,37,22,31,14,22,28,16,21,19,33,26,18,24,12,13,38,20,23,24,27,19,22,39,15,27,33,16,24,25,25,13,28,23,23,12,20,25,19,]
[19,17,25,18,20,18,20,31,18,22,15,16,23,25,18,27,24,24,28,25,25,27,25,21,18,25,42,14,20,21,23,14,26,22,17,29,24,21,25,20,20,28,31,16,26,13,28,28,21,16,28,21,21,25,25,21,22,21,29,17,24,15,24,14,]
[18,19,17,31,26,26,25,18,20,21,18,36,14,20,22,46,30,19,32,25,30,21,16,13,22,20,22,21,28,25,31,30,19,19,17,20,21,22,19,17,15,15,32,30,23,24,18,20,18,19,23,16,26,30,19,24,30,14,12,29,20,20,27,18,]
[6,6,3,6,2,3,6,3,4,3,2,3,3,3,4,4,2,4,4,3,3,2,3,4,4,3,4,4,5,4,3,2,5,4,3,3,4,4,3,3,3,2,4,3,4,4,3,2,4,6,3,4,5,2,2,3,4,3,4,2,4,3,3,4,]
[5,3,3,4,3,4,4,4,4,2,5,4,4,3,4,2,4,3,4,5,4,4,3,2,3,3,3,3,4,4,4,3,3,4,3,5,4,3,5,4,4,3,3,3,3,4,4,2,4,3,3,4,4,2,4,3,3,5,4,4,4,3,4,3,]
[3,1,3,4,2,4,4,1,2,4,3,4,5,3,5,2,3,3,4,2,4,3,4,3,5,2,3,5,4,3,3,4,2,2,4,2,4,5,2,4,4,4,2,4,4,3,3,2,3,3,3,2,4,3,3,3,4,3,5,4,4,4,2,3,]
[4,5,3,2,2,6,3,3,1,4,5,3,3,4,3,3,4,4,1,3,3,5,3,5,2,3,5,3,4,4,4,3,3,4,2,5,3,4,3,4,4,3,3,4,4,4,4,3,1,3,4,4,3,5,3,5,3,2,5,2,3,3,2,4,]
[4,3,3,3,3,3,4,4,4,5,2,5,4,3,5,5,4,3,4,4,4,2,4,3,4,5,3,5,3,3,4,3,3,5,3,3,4,3,3,2,3,3,4,3,3,4,3,2,3,3,2,4,2,3,4,2,3,4,4,3,7,3,4,3,]
[3,6,3,4,3,7,5,4,4,2,7,6,3,3,1,5,4,3,3,2,5,4,4,5,3,3,5,5,3,5,3,2,5,5,2,3,3,3,3,5,5,5,2,2,2,3,3,5,4,5,3,3,4,5,4,3,4,2,2,4,5,3,4,4,]
[4,3,2,3,3,2,3,3,4,3,3,4,3,5,2,6,3,2,4,2,2,4,2,3,4,4,2,4,4,2,2,4,4,5,2,5,3,3,3,4,3,4,2,3,4,2,5,6,2,4,3,4,4,3,4,2,4,2,3,4,4,2,5,3,]
[2,4,5,3,4,3,5,3,3,3,5,2,3,3,4,3,3,3,4,4,3,3,5,2,4,4,7,5,3,4,5,5,4,4,4,2,2,5,3,4,4,3,2,3,3,2,3,3,3,5,2,4,3,3,3,3,4,2,3,3,3,4,4,4,]
[4,3,4,3,4,4,4,4,4,4,3,2,4,5,3,2,4,3,5,4,4,5,4,4,3,6,4,4,3,5,4,2,5,4,4,4,5,6,4,4,3,4,2,2,3,5,4,4,4,6,3,6,3,4,4,3,2,2,3,3,3,5,4,2,]
[4,4,3,4,7,3,5,4,4,3,4,2,3,4,3,4,3,4,3,3,5,5,4,4,3,2,2,4,3,3,4,5,3,3,3,5,3,4,2,4,5,3,3,3,3,4,3,5,3,4,2,3,3,3,5,4,2,3,6,5,3,4,3,3,]
[3,3,5,3,4,2,3,3,3,4,3,3,2,1,3,4,2,4,3,2,3,3,2,4,4,5,4,4,4,5,5,3,4,3,4,4,4,3,3,5,2,3,4,3,3,4,5,4,4,3,3,4,3,3,5,4,3,5,4,5,2,5,4,3,]
[3,4,2,3,3,3,3,3,4,3,3,6,2,4,4,3,5,3,4,5,4,4,5,3,3,5,4,5,3,4,4,2,3,4,3,4,3,4,5,3,3,4,3,1,6,5,4,3,3,4,4,2,5,4,2,5,3,5,3,3,6,3,3,4,]
[3,2,4,2,4,3,5,4,3,3,4,5,4,3,2,4,3,3,4,2,2,3,2,3,5,2,5,3,3,4,3,3,4,2,3,3,2,2,4,2,3,3,3,2,3,3,3,5,3,2,3,5,3,5,4,2,3,4,4,1,4,5,4,4,]
[3,3,4,3,2,5,4,3,4,3,4,3,4,1,3,4,4,3,4,3,3,2,2,3,5,2,6,3,2,4,3,4,3,3,3,3,6,3,3,3,4,3,3,3,4,3,5,5,3,3,4,3,4,2,3,5,4,5,4,7,1,4,5,4,]
[4,3,4,2,3,4,2,3,5,3,3,3,3,1,3,4,4,3,4,2,4,3,3,3,4,5,3,4,3,4,1,4,3,4,3,3,2,5,3,3,4,4,3,3,3,3,4,5,4,3,5,4,2,3,6,3,3,5,2,2,3,2,2,5,]
[37,31,34,24,20,20,17,27,28,22,26,32,30,29,37,28,14,20,33,33,22,31,29,27,38,27,32,30,19,29,28,25,20,17,30,24,34,13,28,36,30,29,15,34,38,29,30,32,42,25,30,24,34,27,25,19,29,28,26,29,23,22,30,24,]
[5,4,8,3,5,5,4,5,4,4,4,8,4,3,5,5,6,6,3,5,4,6,5,3,5,7,4,6,5,3,7,4,5,4,4,6,5,4,4,6,4,3,3,2,5,3,4,5,6,3,4,4,4,6,4,4,6,5,5,4,6,3,4,7,]
[2,3,2,3,4,3,1,1,3,2,2,3,3,2,2,2,2,3,2,2,2,2,3,2,2,3,2,3,3,2,2,4,2,3,1,4,1,2,2,4,2,2,4,3,4,2,2,2,3,2,3,3,5,2,2,3,3,2,2,2,1,4,3,2,]
[30,22,28,14,26,21,26,20,27,16,24,27,20,36,24,19,21,17,27,20,28,24,36,28,46,27,21,28,24,15,35,22,30,23,23,24,25,32,22,16,21,23,24,23,17,15,30,26,14,13,25,20,26,22,25,17,39,20,30,15,40,24,22,17,]
[26,20,20,24,20,32,30,28,34,21,27,23,22,20,21,36,20,28,22,27,26,26,33,26,33,23,26,24,21,27,17,17,44,25,21,13,17,24,28,23,35,28,26,25,24,25,26,32,24,20,16,18,12,20,16,24,19,20,26,28,18,34,23,20,]
[23,30,21,17,20,21,28,16,31,17,31,19,13,20,29,22,19,27,20,22,27,24,28,22,27,24,20,20,32,15,23,24,20,50,17,34,21,23,16,23,25,31,18,23,15,21,18,21,25,23,19,18,25,18,24,23,19,25,23,20,22,25,29,21,]
[20,20,22,29,28,35,19,22,22,27,33,20,14,28,23,15,18,23,38,27,8,25,26,22,28,26,14,28,37,25,29,26,25,22,20,31,39,23,24,16,28,11,36,23,33,27,20,22,25,22,17,16,16,17,20,22,24,23,20,24,13,19,26,41,]
[2,3,4,6,4,3,3,3,4,3,3,4,3,2,3,2,3,2,4,3,3,5,3,4,4,4,4,2,3,5,5,5,3,4,4,4,4,4,3,3,4,4,4,3,5,4,6,4,4,3,3,5,5,2,2,3,4,4,3,4,2,3,4,3,]
[2,3,4,3,3,3,3,3,4,3,5,4,3,4,4,3,4,4,3,4,3,3,5,2,4,2,5,5,5,2,3,2,3,5,4,4,3,4,3,4,2,4,4,3,3,2,6,3,3,3,4,1,6,4,4,3,2,3,4,3,3,6,2,5,]
[5,3,5,6,4,3,4,3,3,5,4,2,6,4,2,3,4,6,5,4,3,3,4,3,3,3,4,2,4,3,4,3,2,3,3,4,3,2,4,2,2,4,3,4,3,3,5,3,3,3,4,3,4,4,3,2,3,5,4,5,3,4,2,3,]
[3,4,3,3,3,2,3,6,5,4,3,3,4,6,5,2,3,5,4,3,3,3,3,3,4,2,4,3,2,3,5,4,3,3,3,6,4,5,4,3,6,3,5,4,2,2,3,3,3,2,3,4,3,3,3,4,4,3,4,3,4,3,3,3,]
[4,6,3,4,4,3,3,3,4,4,3,4,4,3,2,2,2,3,4,3,4,5,4,4,4,4,2,4,5,5,6,2,3,4,3,3,2,4,3,5,3,4,5,2,5,5,5,3,3,3,3,3,2,3,5,3,5,2,2,2,4,2,4,3,]
[4,3,3,2,2,4,2,3,3,4,4,5,3,2,2,4,4,2,3,3,6,4,3,4,4,2,5,3,4,3,6,4,3,5,4,4,2,3,4,3,3,3,3,4,3,3,3,2,3,5,4,4,3,2,3,4,3,3,3,4,4,4,4,3,]
[4,3,4,6,5,6,3,5,3,4,4,2,3,4,4,3,4,4,2,3,3,5,3,4,3,3,2,3,3,4,4,5,6,3,4,3,4,3,4,4,3,1,3,4,4,4,5,5,3,4,4,4,2,3,4,4,2,3,3,4,3,3,1,3,]
[5,2,3,2,4,4,3,3,6,3,3,2,2,4,4,2,4,3,3,4,4,4,4,4,3,3,2,3,2,4,2,4,3,3,3,4,3,3,3,3,3,4,4,2,4,3,3,3,4,4,5,4,5,4,5,3,2,4,4,3,3,3,3,5,]
[4,3,3,4,4,4,5,3,3,4,4,4,4,3,3,4,4,3,3,3,2,3,2,3,4,3,5,4,3,3,3,4,3,3,2,2,3,3,4,4,5,3,4,4,3,3,2,2,2,3,5,5,5,3,2,3,3,3,3,4,4,3,3,5,]
[3,5,5,5,5,2,3,4,2,5,4,4,3,4,2,4,4,4,5,3,4,2,3,5,3,4,2,3,4,4,4,4,4,4,3,3,4,3,3,5,5,4,3,3,2,5,2,3,3,4,6,6,4,3,2,4,3,3,2,5,3,3,4,3,]
[4,3,3,3,4,4,3,3,3,3,3,3,2,3,4,4,4,3,3,2,3,4,3,2,3,5,3,3,3,3,2,2,5,2,3,4,3,3,5,3,3,4,3,3,2,3,3,2,3,3,4,3,4,3,3,4,2,4,2,5,2,4,3,4,]
[2,3,4,4,4,4,3,5,2,5,5,4,2,2,2,3,3,3,4,3,2,3,2,2,2,4,4,3,3,4,2,3,4,5,4,3,4,4,4,6,5,4,2,3,3,5,5,2,5,4,3,3,7,3,3,3,2,2,3,4,4,4,4,4,]
[3,5,2,2,4,4,4,2,3,3,3,3,3,3,3,3,3,3,4,3,4,2,4,4,3,3,3,5,3,4,2,3,3,5,3,3,4,4,2,3,2,4,5,3,3,2,3,5,3,2,3,6,3,4,2,4,6,3,3,3,3,4,3,3,]
[3,5,2,4,3,3,5,3,2,3,4,4,4,5,6,2,4,3,2,4,3,4,3,2,3,5,2,3,2,5,4,2,4,2,4,3,1,3,3,3,3,3,3,3,6,2,2,3,2,4,2,3,4,4,2,3,2,5,3,4,5,5,4,5,]
[4,3,2,3,2,3,3,5,5,3,4,3,3,2,2,4,3,3,4,4,4,2,2,5,3,4,4,3,4,4,4,4,3,4,3,4,3,3,3,4,4,6,3,4,3,2,3,3,3,4,4,5,4,4,3,3,3,3,3,4,4,3,4,4,]
[17,19,18,21,35,19,23,21,20,33,28,37,27,27,20,39,23,35,21,25,24,37,32,14,20,35,14,19,29,21,22,38,27,41,39,24,27,31,21,26,23,32,13,29,25,31,25,27,25,23,28,28,27,23,37,26,24,35,27,33,21,19,36,26,]
[4,5,5,5,5,4,3,3,4,4,4,5,3,5,2,5,3,3,6,5,5,4,4,4,3,4,4,6,7,5,4,5,5,3,5,3,4,4,3,5,3,2,4,6,4,3,6,3,7,6,4,3,4,5,5,3,4,6,4,7,4,4,5,6,]
[4,2,4,3,2,3,4,4,4,2,3,4,2,2,1,2,3,2,3,5,3,2,2,2,2,3,1,2,1,2,2,2,3,2,2,2,1,3,2,2,2,2,2,3,2,4,2,2,3,3,3,2,2,1,2,3,3,1,3,3,3,4,1,3,]
[24,28,19,18,10,22,28,25,25,27,30,20,17,24,24,16,22,24,37,21,32,18,19,19,26,31,24,25,30,22,18,27,21,26,29,21,34,17,22,22,20,21,25,25,16,26,15,23,24,17,17,37,29,23,23,27,14,26,20,17,15,19,22,19,]
[16,13,20,22,29,16,26,25,17,24,30,31,24,20,20,23,39,32,29,23,27,31,28,20,24,21,19,18,22,24,22,18,22,22,27,20,20,36,26,22,17,30,22,23,27,24,26,13,19,22,15,23,23,29,23,15,22,19,19,11,21,33,22,37,]
[34,28,28,20,27,29,31,26,36,20,34,23,23,18,34,20,24,24,25,23,13,30,31,26,18,24,24,20,30,16,30,24,18,15,18,25,26,33,12,27,32,24,18,17,17,26,13,22,22,22,18,34,28,18,30,19,17,30,16,33,30,25,24,18,]
[14,27,16,39,16,23,16,33,26,26,14,16,18,21,26,24,25,16,39,15,18,24,32,27,14,26,29,17,23,31,29,36,27,21,26,24,22,37,14,31,21,22,29,22,24,38,29,25,23,29,20,26,24,26,18,18,13,20,23,32,19,23,23,28,]
[4,4,4,4,3,3,3,1,5,3,3,5,2,2,5,3,4,2,4,3,3,3,5,3,5,4,5,6,4,4,5,5,2,3,2,4,3,5,5,3,3,2,3,4,4,2,4,5,3,5,4,4,3,3,3,4,2,4,4,2,4,4,3,4,]
[2,4,3,2,3,2,3,4,2,3,2,6,2,4,2,3,3,4,4,5,2,3,4,6,4,3,2,2,2,4,4,4,3,3,4,3,4,3,2,2,4,4,6,3,5,3,3,5,4,4,2,3,4,3,4,5,2,5,3,3,2,4,4,4,]
[4,4,3,3,4,4,3,3,3,2,3,3,2,2,3,2,2,4,5,3,6,4,5,1,4,4,3,4,4,3,2,4,4,3,4,2,3,2,5,3,4,4,4,3,3,3,5,3,3,3,5,2,5,2,3,6,3,4,5,4,4,3,4,3,]
[4,2,3,4,5,5,4,4,3,3,4,1,2,2,4,4,3,2,3,3,4,4,4,5,3,4,3,4,4,3,3,4,5,5,4,5,2,3,5,4,2,4,3,2,3,3,3,2,3,3,4,4,3,4,4,1,4,5,3,4,5,4,3,6,]
[4,4,4,4,2,3,3,5,3,3,3,2,3,4,3,4,4,3,5,3,3,3,2,2,4,4,2,3,4,3,3,4,6,3,3,4,4,4,4,3,3,3,3,4,3,2,3,3,2,5,2,3,2,3,3,3,3,7,3,3,3,3,3,3,]
[3,3,2,4,3,2,6,3,4,2,4,3,3,6,6,3,2,5,3,3,5,4,4,2,3,3,5,4,3,3,4,5,2,4,3,4,4,5,3,3,3,2,3,2,3,3,6,1,5,5,3,5,4,2,4,3,3,4,4,2,3,4,3,5,]
[3,2,5,4,3,4,4,5,3,3,3,3,5,4,2,2,5,2,4,4,4,3,5,3,3,4,3,4,4,5,3,4,4,4,4,4,4,5,4,6,3,2,5,2,3,4,4,3,3,5,4,4,2,2,4,3,6,6,2,2,2,3,5,4,]
[5,2,4,2,5,4,3,3,4,4,3,4,4,3,4,3,4,3,2,4,3,2,3,3,5,4,2,2,3,3,3,3,4,2,4,3,3,3,4,6,3,3,3,3,3,5,4,3,3,3,5,3,4,4,4,3,6,4,4,4,5,4,5,2,]
[5,4,3,3,5,3,4,4,3,4,5,3,2,2,3,6,4,3,3,3,5,3,4,4,2,2,4,3,5,5,3,5,3,4,3,4,3,2,3,5,4,3,4,3,3,2,3,3,2,2,4,2,3,4,4,3,3,3,2,3,3,4,6,4,]
[4,3,3,3,4,3,3,3,3,3,4,3,4,4,3,3,3,6,2,4,2,6,6,4,5,4,3,3,4,3,3,4,2,2,5,4,4,3,4,6,4,2,3,3,4,4,3,2,3,2,2,4,4,2,3,4,3,2,2,3,5,3,3,5,]
[5,3,3,4,4,4,3,2,4,5,4,2,2,4,3,2,3,3,3,4,3,4,3,3,3,6,3,4,3,2,4,2,3,3,4,4,4,3,2,4,4,4,2,4,4,3,3,4,4,3,3,6,3,2,2,3,3,5,3,5,2,3,5,2,]
[4,2,3,4,3,4,3,4,3,4,3,3,3,3,4,4,5,2,3,3,4,4,4,2,3,3,3,4,4,2,2,4,3,2,2,3,2,2,4,4,3,3,6,5,4,6,3,3,3,3,4,4,3,3,4,4,4,2,2,4,2,2,4,4,]
[4,3,3,3,4,7,4,4,4,3,5,2,3,3,4,3,4,5,3,4,4,4,3,5,5,4,3,3,3,6,3,3,3,5,4,4,4,3,3,3,5,4,4,3,4,3,4,2,5,3,4,1,3,3,3,2,4,3,3,5,4,3,4,4,]
[1,4,2,3,3,3,3,4,6,3,3,2,2,4,2,3,2,5,3,3,4,4,6,5,3,3,3,3,3,4,2,3,4,3,2,3,3,4,5,3,3,3,3,4,2,5,3,4,4,3,5,3,3,3,5,2,3,4,4,3,5,4,4,4,]
[3,4,3,3,4,3,2,4,3,4,3,4,4,2,3,4,5,3,3,3,5,4,4,6,2,4,4,4,2,3,4,3,4,2,3,3,3,4,4,4,5,4,4,4,2,4,4,3,4,4,6,4,3,2,4,5,4,2,7,2,4,4,4,5,]
[32,32,18,41,20,35,34,19,38,31,17,33,27,29,32,24,22,43,27,30,25,16,27,30,30,36,27,22,18,37,24,15,25,30,22,17,25,20,22,38,23,39,22,31,36,32,17,28,20,34,40,34,25,24,23,20,26,38,28,30,23,33,17,33,]
[4,6,3,5,2,5,4,3,8,5,7,4,5,3,7,6,3,4,5,4,2,4,5,5,6,2,3,5,5,4,4,4,5,4,4,4,4,4,4,3,6,6,3,4,5,6,3,5,6,3,3,6,6,4,4,3,4,8,3,6,3,4,5,3,]
[2,2,3,1,4,4,2,2,2,2,2,4,2,3,2,3,2,3,3,3,2,3,4,2,3,3,3,2,3,4,3,4,3,3,2,2,1,2,3,3,2,3,1,1,2,1,3,4,2,3,4,2,2,2,3,3,2,3,2,1,2,2,2,3,]
[20,21,21,31,31,27,22,21,21,24,14,26,23,22,25,17,30,19,26,27,23,27,20,22,29,33,26,35,39,15,27,25,27,21,14,25,26,29,20,24,15,26,18,29,25,29,17,27,28,21,18,16,26,25,17,26,42,17,28,23,31,23,23,31,]
[21,18,19,21,27,19,33,14,27,24,30,31,29,27,28,23,50,31,23,30,25,29,18,26,16,36,14,30,16,22,25,34,18,33,23,32,23,36,27,22,30,30,11,19,22,20,29,19,26,20,21,14,32,27,15,27,23,34,33,19,26,29,29,23,]
[31,28,22,21,23,24,13,21,27,24,16,16,37,26,32,17,36,22,17,19,18,28,22,25,26,21,18,14,15,19,14,26,22,24,27,20,31,33,16,23,18,28,18,28,33,21,18,15,32,31,26,22,25,27,32,27,20,12,26,35,27,26,24,18,]
[19,23,17,20,15,23,28,15,19,15,12,29,25,39,22,23,22,26,32,19,20,25,22,19,23,20,30,20,17,18,33,17,22,31,22,21,26,24,29,30,23,18,17,42,21,13,19,17,28,19,16,26,24,21,20,22,26,22,24,34,25,24,21,23,]
[3,3,4,5,3,4,4,4,5,5,1,4,2,4,2,3,4,2,6,4,4,5,5,3,4,3,2,4,6,4,5,4,3,4,3,4,3,5,4,4,3,4,4,2,3,6,3,4,3,3,4,6,3,3,3,3,3,4,3,2,4,4,4,3,]
[3,3,5,3,3,3,4,4,3,6,3,5,5,4,4,5,2,4,3,3,4,4,4,2,3,4,4,5,5,5,2,3,5,6,4,3,4,3,4,3,4,4,4,4,2,2,2,6,4,2,5,4,3,5,4,3,3,3,5,3,3,4,2,5,]
[2,5,2,2,3,3,4,3,4,2,3,3,3,3,3,3,5,4,2,5,3,4,4,2,3,5,4,3,4,3,6,4,3,4,4,3,4,3,4,7,5,2,4,2,3,3,1,4,2,4,3,4,4,3,3,4,6,3,3,5,2,3,3,4,]
[4,3,3,3,3,4,4,2,5,3,2,3,3,2,3,4,3,3,3,3,5,4,5,4,3,4,3,2,4,4,4,2,4,3,3,3,6,4,3,3,4,3,3,4,3,2,3,3,5,2,4,5,3,3,3,4,3,2,5,3,3,4,4,3,]
[4,3,5,3,4,3,3,4,4,4,1,3,4,4,3,3,4,5,5,5,3,3,3,3,4,2,4,3,5,2,2,4,2,2,2,6,2,4,2,3,4,3,2,3,3,4,4,4,3,2,2,4,3,5,3,5,4,3,3,3,3,3,4,3,]
[4,7,3,4,5,6,2,2,5,3,4,3,3,3,2,3,3,4,3,3,5,2,3,4,3,2,3,5,3,5,4,5,6,4,3,2,4,3,1,2,2,3,2,3,3,3,5,3,3,3,7,3,4,3,4,3,3,3,3,3,4,3,2,3,]
[5,2,3,5,3,3,3,2,3,3,3,2,5,3,5,3,5,4,4,4,3,3,2,4,4,3,3,3,3,4,4,3,3,4,2,3,3,3,4,6,3,3,5,3,5,2,2,4,2,4,5,4,4,4,3,3,4,4,3,4,2,2,3,3,]
[3,3,4,4,3,3,4,2,3,4,5,3,2,4,4,2,3,4,4,7,3,4,3,3,6,3,4,5,6,3,2,3,3,3,4,2,4,4,3,5,4,4,3,4,2,3,4,7,3,3,3,3,2,5,2,4,2,3,2,3,4,5,4,3,]
[6,2,3,4,4,3,6,4,3,6,3,4,2,3,5,5,3,6,3,3,4,5,3,4,5,3,3,2,3,4,3,5,5,4,3,3,3,3,3,5,4,3,4,5,3,3,4,2,4,3,3,4,3,2,4,4,3,4,4,4,3,6,6,4,]
[3,4,3,5,3,3,4,3,4,4,4,4,3,3,3,2,4,3,4,3,3,5,1,4,3,3,3,3,4,4,3,5,2,3,4,2,2,3,3,5,5,5,3,2,2,3,3,4,4,3,3,4,4,5,3,3,4,2,3,3,4,5,3,2,]
[3,3,5,4,3,3,4,2,4,3,4,6,2,3,4,2,4,2,3,2,3,4,3,4,3,5,5,2,4,2,4,3,4,4,3,5,2,4,3,2,2,2,3,5,6,4,3,3,4,3,1,5,5,4,2,2,3,4,4,3,3,6,5,5,]
[4,2,3,5,6,2,2,4,5,7,3,3,4,3,2,4,3,4,5,2,5,3,3,4,3,3,3,4,4,5,2,6,3,3,3,3,4,4,5,2,4,2,4,3,4,3,3,5,3,2,4,4,4,3,5,5,4,4,3,4,4,3,3,2,]
[4,3,3,5,3,4,5,3,5,2,4,3,3,3,5,3,4,4,4,6,4,4,3,3,5,1,3,2,1,3,4,3,4,2,4,3,4,6,4,3,4,3,3,4,4,2,2,3,5,3,5,2,4,3,2,3,3,3,4,4,3,2,6,2,]
[5,6,4,5,2,3,4,2,4,2,4,2,3,4,5,3,4,5,2,4,3,3,3,4,3,6,5,5,3,3,4,4,6,4,5,3,4,3,4,5,3,3,3,5,5,4,4,4,4,4,4,4,2,2,3,4,4,3,4,3,3,4,4,3,]
[2,2,5,3,4,4,3,5,2,3,3,6,4,3,4,5,3,3,4,3,4,3,4,3,3,4,3,3,4,3,3,3,3,2,3,3,5,2,4,2,4,3,2,4,5,3,5,4,3,3,3,2,4,3,2,2,5,4,2,3,2,3,3,4,]
[31,34,21,18,23,25,32,23,11,18,17,20,22,18,35,27,26,24,33,27,44,30,25,19,22,34,33,20,26,30,25,35,21,25,47,33,25,29,21,24,36,28,18,23,20,30,34,46,22,26,33,27,29,25,29,30,26,29,42,17,33,35,30,34,]
[5,4,5,3,4,4,3,4,3,4,3,6,6,7,5,3,5,5,3,6,2,3,4,3,3,5,3,3,7,6,3,5,5,3,3,6,8,5,3,3,4,3,3,5,4,5,5,6,4,4,4,2,4,4,4,4,3,4,4,5,4,7,6,7,]
[3,4,4,2,2,2,4,1,2,4,2,2,2,3,1,3,2,3,2,3,3,3,2,3,2,3,2,2,2,1,1,2,3,3,2,3,3,3,3,4,2,2,1,2,3,2,2,3,2,3,2,3,3,3,3,3,2,2,3,1,2,2,3,2,]
[20,24,15,15,33,23,17,20,19,16,21,29,21,18,27,20,24,25,26,27,32,33,25,16,25,13,16,13,30,13,37,30,21,20,25,21,12,23,25,14,20,20,23,27,37,26,14,31,25,19,37,21,32,17,21,21,27,32,26,36,21,30,21,13,]
[22,16,24,21,17,16,20,27,25,28,25,18,18,30,17,20,21,27,26,23,26,23,20,24,22,36,20,42,28,37,14,33,24,11,19,17,17,22,18,18,28,19,24,26,19,29,30,19,27,34,24,28,23,28,28,37,23,24,18,28,11,15,17,27,]
[24,26,25,25,25,17,28,20,27,33,44,16,18,17,28,37,21,28,29,15,17,19,23,27,25,12,19,31,26,19,26,27,32,22,16,19,21,15,27,17,18,37,26,24,34,24,22,14,23,35,21,22,17,24,22,20,26,15,15,26,20,23,27,20,]
[24,18,20,22,31,20,26,18,27,19,19,22,25,19,29,18,23,30,16,24,22,22,18,29,16,23,23,19,29,26,26,23,22,22,25,23,33,16,19,31,32,20,22,19,40,30,19,19,20,23,21,24,31,40,15,38,34,16,23,25,22,21,22,17,]
[6,4,3,4,2,4,4,6,4,4,1,3,2,4,3,3,3,2,3,4,4,5,2,2,3,2,6,3,6,5,5,4,5,6,6,2,6,3,4,4,4,4,4,3,4,4,5,3,4,4,3,1,4,2,5,5,4,5,3,4,3,3,3,3,]
[4,3,4,3,4,4,5,2,4,4,3,5,2,3,3,4,2,3,3,2,4,5,3,4,5,5,2,4,3,3,3,4,2,5,3,3,4,3,4,3,4,3,2,3,4,2,6,3,3,3,3,5,3,5,3,2,4,4,4,4,3,3,3,4,]
[4,3,5,4,4,3,4,4,2,4,4,5,5,3,3,3,5,3,2,5,5,4,5,2,3,3,3,5,5,6,3,1,4,5,2,4,3,4,1,2,2,4,5,3,2,2,5,4,2,1,3,3,2,3,3,3,2,3,4,2,3,4,3,3,]
[4,3,3,4,5,4,4,3,3,4,4,3,3,5,2,3,4,3,2,3,3,2,4,3,4,4,4,4,4,5,3,5,4,4,3,4,3,3,3,4,5,5,3,4,3,3,2,2,3,5,4,3,4,4,5,4,3,5,2,3,4,4,3,3,]
[2,2,3,3,5,3,5,5,4,4,5,4,3,3,3,3,1,3,3,2,4,3,3,2,6,4,5,6,3,2,5,4,4,3,3,3,5,5,3,3,3,3,3,4,3,4,3,4,5,3,4,3,2,4,3,4,3,3,4,4,4,2,4,3,]
[3,2,3,3,3,3,5,5,2,2,5,5,4,4,3,5,5,3,2,3,2,2,2,3,6,4,3,3,4,3,2,3,2,2,5,3,3,2,4,3,4,4,5,4,3,4,2,3,4,4,2,4,6,4,3,4,4,2,4,3,2,4,3,3,]
[4,4,3,3,4,4,3,3,4,4,4,2,3,3,4,3,3,5,3,3,3,3,5,3,3,3,3,5,4,4,3,2,5,3,2,3,4,4,2,2,4,3,3,3,4,3,4,5,3,2,3,4,3,2,3,4,3,6,4,2,3,5,2,4,]
[3,3,4,5,3,3,4,4,4,4,5,4,4,3,3,4,3,4,4,5,4,3,4,3,3,4,5,3,4,3,6,4,2,4,5,4,4,4,3,3,4,3,5,4,2,4,4,4,3,4,2,5,4,4,5,5,4,5,4,2,5,4,6,3,]
[3,3,3,4,3,4,4,4,3,3,3,3,4,4,6,4,4,2,6,7,4,3,3,4,2,4,3,4,2,4,2,3,4,4,3,4,4,3,4,2,4,6,4,5,3,3,5,4,4,4,3,5,2,3,4,3,5,3,5,5,4,2,3,5,]
[2,3,4,4,3,4,3,3,4,5,4,4,3,4,6,3,4,4,4,3,3,4,6,3,3,4,4,2,3,3,3,4,4,2,4,4,3,3,4,3,2,4,4,3,4,5,4,2,2,3,5,2,3,3,3,2,3,3,3,5,5,3,4,4,]
[4,3,3,4,4,4,3,3,5,6,3,4,4,5,4,3,4,3,1,5,4,5,5,2,3,5,4,3,3,4,3,3,4,3,3,3,3,4,6,3,4,2,4,2,4,5,5,4,5,3,3,5,4,3,4,3,4,3,5,3,3,5,3,3,]
[2,3,5,5,6,2,3,2,4,2,3,2,4,3,4,3,4,4,4,2,4,2,6,2,2,3,4,3,5,4,3,3,3,3,4,2,4,3,4,3,3,4,3,5,3,3,2,1,4,4,3,3,2,4,3,3,6,2,2,3,5,4,3,3,]
[3,5,5,4,4,3,4,4,2,3,7,3,2,2,2,4,3,4,4,3,3,3,2,3,4,5,3,6,4,3,4,3,3,4,2,4,5,3,3,5,7,3,3,5,3,3,6,3,4,5,3,5,3,4,3,3,4,4,3,5,2,3,3,6,]
[4,4,3,4,1,3,4,3,4,2,5,2,1,3,6,2,7,2,4,3,3,2,3,2,3,3,3,4,3,3,3,6,2,2,4,2,3,4,3,3,3,5,1,5,5,3,2,2,4,4,3,3,3,4,4,4,4,4,3,3,3,3,3,5,]
[2,4,3,3,3,3,2,4,5,4,3,4,2,4,4,3,4,3,3,3,3,3,3,3,2,4,3,3,5,3,3,4,5,4,3,3,4,2,4,5,3,3,3,4,3,4,2,4,4,3,4,3,4,4,3,2,3,3,3,2,3,5,6,6,]
[21,25,21,26,37,21,28,26,30,21,17,29,37,31,20,20,30,25,38,16,54,16,26,23,23,34,31,29,32,28,30,35,27,32,24,33,26,22,24,33,33,16,26,25,28,30,28,40,29,24,17,36,29,24,22,22,46,18,15,26,22,27,38,27,]
[5,5,6,5,4,5,3,3,4,5,4,5,4,2,5,3,5,4,5,5,2,5,3,6,4,7,5,4,2,5,2,3,3,6,3,5,3,3,3,3,2,4,4,4,4,5,4,5,4,4,5,5,6,6,2,5,5,4,3,5,5,4,4,2,]
[1,2,2,2,2,4,2,2,2,3,2,3,2,3,1,2,1,3,2,2,3,2,1,2,4,2,3,2,5,3,2,2,2,2,2,2,3,3,4,2,2,4,3,3,1,3,3,2,2,3,2,4,3,4,2,1,2,2,3,1,2,1,3,3,]
[23,37,18,24,19,19,24,30,16,20,28,25,28,28,15,24,33,23,27,15,28,10,25,26,26,17,33,30,17,23,26,25,19,23,37,15,20,22,26,16,30,14,19,24,29,12,18,37,36,32,16,27,32,34,26,34,21,24,30,20,21,24,24,20,]
[27,27,18,19,24,33,37,21,25,20,21,22,25,17,15,17,29,36,37,25,40,19,27,20,26,29,22,18,21,36,35,19,21,29,18,20,24,31,20,17,29,20,24,17,17,24,19,22,18,18,17,22,24,32,24,26,27,22,18,19,19,12,15,12,]
[19,18,29,21,27,17,21,21,28,15,20,16,17,31,21,25,20,20,23,29,22,29,19,26,26,25,21,32,25,20,17,17,32,18,17,36,30,23,17,21,26,21,25,28,25,16,27,30,25,26,22,28,30,24,25,19,25,24,14,28,20,21,28,23,]
[26,25,13,22,28,21,20,17,39,28,17,16,16,27,31,16,18,21,31,24,14,32,31,31,18,21,32,19,22,17,24,21,24,30,38,15,20,26,30,33,19,27,32,19,27,9,21,22,28,14,23,17,20,16,26,25,20,26,27,29,29,27,12,16,]
[5,2,3,7,4,4,4,4,3,3,4,6,4,3,3,2,3,4,3,3,6,3,4,7,3,3,3,3,6,6,2,3,3,4,4,3,3,5,3,4,4,4,2,2,3,3,3,2,3,4,3,3,3,3,5,4,3,3,3,3,3,4,2,4,]
[3,3,2,6,2,2,5,4,4,3,4,4,3,1,3,3,6,4,4,3,2,4,3,3,4,2,2,4,4,5,4,4,3,3,3,2,4,3,3,3,7,2,4,4,5,5,5,4,4,3,3,4,2,2,4,3,4,3,3,4,3,4,4,2,]
[4,4,4,3,4,8,2,5,3,3,4,5,2,2,2,4,3,3,5,4,4,4,3,3,2,3,3,2,2,4,4,2,3,3,3,4,2,2,2,4,4,3,3,3,4,2,2,2,3,4,4,3,6,2,3,2,4,4,3,2,4,3,4,5,]
[5,3,2,3,4,3,3,3,3,4,4,5,4,2,4,2,3,5,2,3,4,4,4,4,4,4,3,3,3,5,3,3,4,2,3,2,3,1,3,4,3,3,4,4,3,3,4,2,2,3,4,2,3,2,6,5,2,3,4,3,3,4,4,5,]
[3,3,2,4,4,4,5,3,4,3,3,3,2,3,3,4,5,3,3,3,2,4,4,3,3,2,5,5,4,3,5,2,4,3,2,2,3,4,6,6,4,3,2,3,2,3,4,4,4,3,4,2,3,4,2,4,4,3,3,4,3,5,2,5,]
[2,3,4,3,3,5,3,5,2,2,3,2,3,5,3,4,3,3,3,4,4,3,6,2,5,2,3,3,2,5,2,4,3,4,3,3,1,3,2,3,4,3,2,4,4,2,5,4,2,1,4,3,3,4,4,3,3,4,3,2,3,4,4,3,]
[3,5,3,4,3,4,3,2,4,4,4,3,3,5,3,4,4,5,3,2,4,2,2,2,3,3,3,4,4,2,4,5,4,4,3,5,5,4,3,4,2,4,4,2,4,3,2,4,5,4,3,4,5,2,5,2,4,2,5,2,2,4,3,3,]
[2,3,7,3,2,3,6,4,1,4,4,3,6,3,3,4,5,2,4,3,2,4,6,3,4,3,4,2,3,5,3,4,3,5,4,4,4,3,3,2,4,4,2,3,4,1,2,4,3,4,2,4,1,4,3,3,3,3,2,5,3,4,2,4,]
[3,4,6,3,3,3,4,2,3,6,6,3,3,3,4,3,3,4,2,4,2,3,5,3,4,3,4,4,4,3,3,4,3,3,3,3,3,3,3,2,3,3,4,4,5,3,4,2,6,2,3,2,4,3,5,2,3,2,4,5,4,3,2,4,]
[4,4,5,3,4,3,4,4,3,3,4,6,3,4,2,4,2,5,4,2,3,2,3,2,1,2,2,3,3,3,3,4,3,4,3,3,3,5,3,4,4,2,5,3,2,3,4,4,4,4,2,2,5,2,2,5,5,4,5,4,3,3,5,4,]
[4,4,2,4,4,3,3,3,2,2,3,2,3,3,3,5,5,4,3,3,4,4,2,3,4,7,2,5,2,6,5,3,3,4,3,5,3,2,3,3,2,5,2,5,4,4,5,5,5,5,3,4,3,1,3,4,5,3,4,5,5,4,3,5,]
[4,4,2,2,3,4,3,2,3,3,5,4,3,3,4,3,3,2,6,2,4,3,4,3,3,3,3,5,6,3,3,2,3,4,3,3,3,5,3,4,3,2,4,5,2,4,3,4,3,2,5,3,6,2,4,3,3,4,2,3,5,2,3,3,]
[4,3,1,2,4,6,3,3,2,5,5,3,5,4,2,5,2,4,5,4,3,3,3,4,3,4,4,4,2,3,2,6,2,4,4,3,3,3,4,5,5,3,3,3,2,4,3,4,4,4,4,4,4,3,4,2,2,4,3,2,2,3,4,3,]
[4,4,3,4,4,5,2,3,4,4,3,3,3,1,5,4,5,4,4,3,4,3,4,4,3,3,4,4,1,4,3,3,4,2,2,5,3,4,4,4,6,4,5,5,2,2,3,5,4,3,2,2,3,3,3,4,1,5,4,3,3,5,2,2,]
[6,3,4,6,5,4,5,3,4,5,4,3,4,4,4,3,4,4,4,3,3,4,4,6,6,4,3,3,3,5,3,5,3,3,5,2,3,2,3,3,2,2,3,4,2,4,4,6,4,3,4,3,3,3,4,3,4,4,4,2,4,2,2,2,]
[23,27,21,31,23,27,38,25,31,20,25,20,41,37,29,35,21,41,22,22,26,48,24,25,26,34,20,34,24,37,21,40,28,31,24,41,21,17,36,40,32,31,32,26,25,30,20,24,35,21,26,17,25,47,49,30,23,26,21,21,33,24,35,27,]
[5,5,7,3,6,4,4,5,3,6,5,3,4,5,3,5,4,5,3,4,4,4,5,5,3,6,4,5,5,3,4,4,5,5,6,6,5,4,5,7,4,6,3,3,4,4,7,4,6,2,6,3,4,5,5,5,3,4,5,3,5,4,3,6,]
[2,4,3,3,3,3,3,3,2,2,2,2,3,3,1,3,3,2,3,4,4,2,2,2,2,2,2,2,1,3,2,2,2,3,2,1,1,2,2,2,2,2,2,3,2,2,3,2,2,3,2,2,3,5,2,3,4,3,2,4,2,2,0,3,]
[19,26,32,21,22,26,30,23,31,18,21,18,22,27,31,28,24,19,20,20,26,23,25,40,17,18,19,39,19,16,18,39,36,14,19,17,17,22,24,19,23,23,33,21,25,20,27,13,21,16,21,17,35,19,23,27,25,21,22,23,21,27,28,23,]
[25,18,26,23,18,27,35,24,19,14,12,15,24,17,16,27,21,22,20,34,15,17,33,16,15,24,28,23,11,21,23,26,25,22,29,17,20,27,19,26,37,31,26,26,10,28,26,18,18,17,20,24,24,18,21,22,25,19,23,23,32,24,20,44,]
[41,18,20,22,21,21,20,24,16,19,27,28,32,21,16,15,27,25,24,24,43,36,21,27,30,19,20,18,23,20,22,31,31,30,21,26,34,22,28,29,30,17,33,22,27,32,18,17,22,26,27,22,24,26,34,28,23,31,20,19,19,19,24,20,]
[32,16,17,27,25,21,33,35,23,23,16,23,20,21,28,16,28,26,21,26,18,24,23,33,22,20,26,14,17,22,30,25,22,15,19,17,21,30,20,11,18,30,22,25,26,19,20,19,18,24,19,21,27,36,24,18,28,18,29,24,18,24,24,17,]
[2,2,5,4,5,3,4,2,3,5,3,3,4,4,3,2,4,2,4,4,3,4,4,5,2,2,1,3,3,3,5,4,4,3,3,3,2,5,2,4,1,4,3,4,3,4,5,3,2,4,2,4,4,3,4,3,4,4,2,4,3,6,4,3,]
[3,4,3,3,5,2,4,4,4,3,5,4,4,7,4,5,4,2,3,6,2,3,4,4,4,4,4,2,3,3,3,3,3,3,3,3,6,3,3,3,5,4,4,5,4,5,2,3,2,3,2,3,4,2,3,5,3,2,4,4,5,5,3,4,]
[3,3,4,3,4,4,4,4,4,5,3,2,4,4,3,4,5,3,6,4,5,3,4,2,4,2,3,4,4,5,3,5,3,5,4,4,4,4,3,4,3,5,2,2,2,2,2,3,3,3,3,4,3,4,4,3,3,2,4,1,2,4,5,3,]
[3,4,3,3,6,3,4,4,3,3,4,5,3,5,3,3,4,3,4,3,4,4,3,5,3,4,3,3,5,4,5,6,3,6,2,5,3,2,3,5,3,2,4,5,3,4,2,3,4,4,3,4,4,2,3,3,6,2,5,3,3,3,6,4,]
[5,5,3,3,4,2,2,3,4,3,2,3,2,3,5,6,2,4,2,3,4,5,2,6,4,3,3,3,2,5,3,3,3,5,4,5,3,4,4,5,3,6,4,5,5,4,3,3,5,4,4,4,4,2,3,4,3,4,3,4,2,3,3,3,]
[4,5,4,4,3,4,4,2,3,4,3,5,5,4,6,3,4,4,2,5,3,6,4,5,4,4,3,3,5,5,4,3,2,4,3,5,3,5,4,3,5,5,2,3,5,5,3,3,5,3,4,5,3,6,4,3,5,3,4,4,3,3,3,4,]
[3,4,4,4,3,4,4,4,4,2,3,4,5,5,3,3,3,2,3,4,2,3,3,3,4,3,3,3,3,3,3,4,2,3,2,4,4,3,4,4,2,4,4,4,3,4,5,3,4,2,5,3,3,3,3,5,4,4,3,3,4,3,4,3,]
[4,4,4,4,4,3,4,4,3,3,7,5,4,5,5,5,3,3,4,5,5,2,4,4,3,3,3,3,3,4,4,3,1,4,2,4,5,3,4,2,2,2,5,3,3,2,4,3,4,3,4,4,5,4,6,8,2,4,3,4,4,6,2,1,]
[4,4,4,2,5,3,4,4,2,4,4,2,4,1,2,3,4,4,4,4,4,4,3,4,4,5,3,4,6,5,4,5,4,5,4,4,5,5,4,3,5,5,5,4,3,3,2,2,3,2,4,5,5,3,4,6,4,2,3,3,5,3,5,3,]
[3,3,4,3,3,2,3,4,3,4,4,2,4,3,3,2,5,2,3,5,4,2,4,4,2,5,4,3,3,3,5,4,3,4,6,3,2,4,5,5,4,3,6,2,3,2,4,4,3,5,2,2,4,3,4,4,2,3,4,5,4,5,3,5,]
[3,3,2,6,4,2,6,3,4,4,4,3,3,4,1,3,3,5,4,3,4,4,3,3,3,4,2,4,3,4,5,3,3,3,3,3,5,4,4,4,5,3,3,4,2,6,4,4,3,3,2,3,2,2,4,5,4,1,5,3,2,2,3,6,]
[2,3,6,3,3,3,5,4,4,3,3,2,4,4,4,2,4,4,3,4,2,3,5,3,4,2,3,4,3,3,3,2,3,3,4,4,5,3,3,2,5,3,3,3,3,4,1,4,4,3,3,2,2,4,5,2,3,5,2,2,3,4,2,2,]
[4,3,5,2,3,3,4,1,3,2,3,3,5,3,3,2,3,3,3,4,4,4,3,3,2,4,3,3,4,3,2,3,3,4,6,4,3,4,4,3,4,3,5,3,4,5,4,3,3,4,5,3,5,3,4,4,3,4,5,4,3,5,4,4,]
[3,5,3,3,4,3,3,3,5,4,3,4,4,3,4,3,4,5,3,4,3,3,4,3,3,2,3,4,3,4,3,4,4,3,2,2,4,3,3,3,3,4,2,3,4,4,4,4,5,3,4,3,4,3,4,2,4,3,4,4,4,3,2,3,]
[4,4,4,4,4,3,4,3,2,3,3,6,5,5,3,4,3,4,3,4,3,4,3,5,4,3,5,3,4,3,4,3,4,3,6,4,4,5,3,3,5,3,2,5,3,2,1,3,4,3,4,5,4,6,2,5,4,4,4,3,4,2,5,5,]
[36,22,25,24,33,27,49,19,31,30,36,28,41,19,37,37,24,26,38,26,27,34,36,33,31,19,27,25,28,20,29,24,22,25,32,22,30,22,33,34,24,27,16,33,20,27,29,37,36,33,22,23,32,38,36,33,38,23,28,24,27,24,38,20,]
[4,4,5,3,3,3,8,5,4,5,3,3,5,6,4,6,6,3,8,4,8,3,4,5,4,7,4,7,3,5,2,3,3,5,4,6,6,5,4,6,2,4,3,5,4,4,4,5,3,5,4,3,3,4,4,5,5,4,4,5,4,5,5,5,]
[2,3,2,2,4,3,3,2,2,2,1,3,2,3,1,3,2,2,2,3,3,2,3,2,4,2,1,3,2,2,2,4,2,3,3,2,3,2,2,2,3,2,4,2,1,2,3,4,2,4,3,4,3,3,2,3,3,2,3,2,2,2,2,4,]
[23,28,16,28,34,30,28,19,18,19,19,23,20,35,21,32,29,20,25,23,28,24,14,30,22,21,30,17,18,27,22,27,30,20,30,20,21,25,21,23,28,30,33,13,30,17,20,23,32,20,37,34,19,23,15,31,22,15,20,16,31,30,16,25,]
[26,18,22,33,25,22,20,19,20,38,21,30,23,18,23,33,27,23,32,15,23,25,21,28,14,20,29,23,20,22,27,10,20,32,33,19,28,24,23,27,24,19,32,27,19,18,28,28,31,25,31,21,17,31,25,19,22,26,21,24,26,19,19,18,]
[24,18,29,21,31,24,26,16,19,18,27,36,22,19,33,20,24,18,24,23,14,27,29,24,25,26,24,27,33,13,20,22,13,29,24,15,28,10,37,21,20,24,18,18,25,18,25,26,25,13,15,26,19,23,27,27,18,16,25,26,14,27,26,21,]
[24,21,21,23,29,21,18,27,15,18,21,22,27,34,27,32,28,17,22,17,24,19,29,18,31,22,28,19,29,31,25,18,22,24,22,23,32,23,22,14,29,17,15,24,19,23,24,20,19,25,26,13,32,21,14,22,29,25,24,26,44,30,17,21,]
[3,6,2,3,3,3,3,3,3,3,3,3,7,3,4,5,6,3,3,4,2,3,4,4,4,5,4,3,2,3,1,5,4,3,5,3,3,4,4,3,4,3,2,5,4,4,5,3,4,3,3,6,3,3,3,2,3,3,3,3,4,3,2,6,]
[2,4,3,4,3,7,2,4,3,2,5,3,5,2,3,2,3,3,4,3,3,3,4,3,4,2,3,4,3,3,4,3,4,4,4,3,3,4,3,5,3,1,3,6,3,3,2,2,3,3,2,3,4,3,4,3,3,4,3,4,2,4,5,5,]
[2,3,2,4,3,2,3,2,1,5,3,2,2,3,4,4,4,3,4,3,2,5,5,3,3,5,4,4,3,4,5,2,3,4,2,3,3,3,5,3,3,5,3,4,5,5,2,4,2,3,3,4,4,4,4,4,3,3,4,3,3,2,5,5,]
[4,3,4,4,4,4,2,4,3,3,3,5,3,3,2,4,4,2,3,2,3,4,4,3,4,3,3,3,2,4,4,3,3,3,3,3,3,5,2,4,4,4,3,2,2,2,3,2,4,6,2,4,3,3,5,4,3,4,6,3,4,2,4,2,]
[4,3,3,3,4,4,4,3,2,2,3,4,4,4,2,4,4,4,4,1,4,3,5,5,4,4,5,2,2,5,2,3,4,2,2,5,3,4,2,4,5,3,4,5,2,3,3,4,5,4,3,3,3,3,4,3,3,2,3,3,4,3,2,3,]
[3,3,3,4,6,4,5,6,3,2,5,7,6,3,5,5,3,4,4,3,4,4,4,3,4,3,4,3,4,3,4,4,3,2,6,5,4,5,5,4,1,3,4,3,4,3,3,4,4,2,4,4,5,3,4,2,5,3,3,4,3,4,4,2,]
[4,2,5,5,3,4,5,3,3,3,4,2,4,3,5,2,5,3,6,2,3,1,3,2,3,3,3,2,6,2,3,3,3,3,5,3,5,3,4,5,4,4,4,3,4,4,5,3,3,1,4,2,5,4,3,4,2,5,3,3,2,2,3,4,]
[3,3,3,6,3,2,3,6,4,5,4,3,5,4,2,2,3,3,4,3,2,2,6,3,2,4,4,3,5,4,4,3,3,3,5,2,4,3,3,6,5,3,3,5,3,2,5,2,2,4,4,2,4,3,4,4,5,2,3,6,4,6,4,6,]
[5,2,5,3,3,4,4,3,4,5,2,4,4,4,4,5,5,4,3,3,4,3,3,5,3,4,3,3,4,4,3,4,3,3,2,3,4,3,4,3,6,4,3,4,5,3,3,4,4,2,2,4,5,2,2,3,3,3,5,3,4,6,4,4,]
[5,4,4,5,3,4,2,4,3,3,5,3,4,3,5,4,4,4,5,5,2,3,3,2,3,4,3,5,5,4,2,4,3,5,4,3,6,2,3,3,2,4,4,3,2,2,3,2,4,4,6,2,4,3,2,2,4,4,4,4,3,2,4,4,]
[3,3,4,4,2,3,2,4,5,3,3,3,3,3,5,4,5,4,3,3,5,3,5,3,5,3,3,4,2,3,4,4,2,3,4,3,4,3,3,2,4,2,4,2,3,3,3,3,3,3,3,3,6,4,5,4,2,4,4,3,3,2,3,4,]
[3,2,5,3,4,4,3,4,4,5,6,1,4,5,3,3,2,4,6,3,3,2,2,3,3,2,4,4,6,3,3,4,4,3,3,4,3,3,5,3,3,3,3,4,3,5,2,4,4,5,2,2,5,4,3,7,3,3,3,4,4,3,3,5,]
[2,4,6,3,4,3,5,4,2,4,4,4,3,3,4,4,3,4,2,3,3,4,4,4,4,4,4,3,2,5,2,4,4,2,4,3,4,2,4,4,4,5,2,2,5,5,4,3,4,4,4,6,3,4,3,3,4,4,4,3,4,4,4,3,]
[3,3,3,3,4,4,2,3,3,4,5,3,3,5,2,2,4,3,4,2,4,3,3,6,2,3,3,3,3,4,4,4,4,5,4,3,3,5,3,3,4,4,2,3,2,4,4,5,5,2,3,3,3,5,4,3,5,2,3,5,3,4,3,4,]
[5,4,4,5,4,3,6,3,3,2,6,4,2,4,2,3,3,3,4,4,2,5,4,2,3,5,2,4,2,3,3,4,4,3,2,4,4,2,4,3,5,2,3,4,2,6,4,4,4,5,4,4,2,2,4,5,4,2,2,3,4,3,4,4,]
[7,27,22,39,27,40,27,29,25,30,38,21,16,33,34,41,29,24,32,25,25,16,27,38,29,27,17,20,36,18,21,18,27,18,28,29,32,20,27,37,25,26,26,28,29,26,19,36,39,14,27,17,21,15,35,28,23,36,35,27,25,26,27,24,]
[3,3,4,7,3,5,4,2,2,5,5,5,4,3,8,7,5,5,3,7,5,4,4,5,5,3,5,8,6,4,4,6,6,4,5,5,3,7,5,5,4,4,5,5,4,4,4,2,6,4,3,6,4,6,6,4,2,5,5,5,5,3,4,6,]
[1,2,2,3,3,3,2,2,1,2,4,3,2,3,2,3,3,1,3,2,2,2,3,2,2,1,1,2,2,3,3,2,2,2,2,3,2,2,4,2,3,4,1,2,2,3,2,2,3,2,1,3,2,4,5,4,3,2,2,3,3,3,2,3,]
[34,34,30,18,23,25,27,16,20,34,26,20,17,16,24,25,26,33,22,22,19,23,34,16,23,19,22,22,28,22,14,14,39,30,24,41,34,33,17,24,21,20,16,24,24,28,25,21,22,36,22,13,22,21,14,16,21,19,19,25,18,22,28,34,]
[23,31,21,31,25,25,19,19,21,30,20,24,30,21,45,17,23,36,19,25,23,24,28,20,27,22,40,20,24,27,21,11,22,19,27,19,21,27,27,18,20,22,24,22,19,26,27,23,21,17,26,17,23,24,13,17,24,21,18,28,22,20,24,22,]
[24,29,22,38,20,18,25,34,24,34,23,25,21,23,31,21,21,27,23,27,29,19,31,16,29,28,36,19,15,15,23,34,24,32,24,21,24,21,18,30,35,16,17,36,28,25,26,30,27,18,30,38,8,28,27,39,23,27,22,22,13,28,26,12,]
[20,21,27,24,16,17,20,13,35,28,26,30,21,47,27,23,23,26,24,25,26,27,27,31,27,18,21,24,25,27,15,24,18,18,19,27,14,21,37,23,32,10,26,16,23,18,19,20,23,26,22,26,21,24,24,21,16,23,13,24,29,31,22,16,]
[3,5,6,3,4,4,5,6,4,3,6,3,3,4,5,5,2,4,3,4,2,3,2,2,3,3,3,2,3,3,2,3,3,4,2,4,5,5,3,4,4,4,3,3,3,5,3,3,5,3,5,5,4,4,2,3,4,6,2,3,3,4,4,4,]
[4,4,3,4,4,4,3,4,3,3,5,4,5,2,4,3,4,4,5,2,3,3,2,5,4,4,3,3,2,4,5,4,4,5,4,4,2,4,3,5,4,3,3,5,3,3,4,5,3,4,3,3,3,3,4,2,4,3,3,5,4,4,5,3,]
[4,3,3,3,4,5,3,6,5,3,4,2,3,3,4,5,3,4,3,3,2,4,3,2,5,4,3,4,3,4,4,3,5,3,3,3,3,5,4,6,4,4,4,5,4,2,5,4,2,5,3,3,2,3,4,5,4,4,5,3,5,4,2,5,]
[3,3,3,3,2,1,3,4,5,3,4,3,4,4,2,4,2,3,4,3,3,2,4,2,3,2,4,4,2,4,4,3,5,3,2,4,4,4,4,3,2,2,4,4,4,3,4,3,5,4,2,3,3,3,2,4,4,4,4,4,5,3,1,5,]
[6,3,4,2,3,3,4,4,3,4,2,2,3,4,4,5,2,2,2,5,3,5,2,5,5,3,5,2,5,3,4,2,2,3,4,4,2,3,4,4,5,3,4,2,3,5,5,3,4,4,4,4,2,4,4,4,3,4,4,4,3,4,3,5,]
[3,4,3,4,4,3,4,3,2,2,3,4,3,4,3,6,3,4,3,3,4,5,3,4,5,4,4,2,5,2,2,5,4,3,3,4,3,3,3,5,4,3,4,3,3,3,3,3,4,3,4,3,2,4,3,2,4,2,3,3,4,3,4,4,]
[4,5,3,6,4,2,3,3,3,3,6,3,3,3,5,2,3,5,4,6,4,2,2,4,5,4,3,4,4,3,3,5,3,4,2,2,2,3,3,3,5,3,4,5,3,3,3,5,5,2,3,3,4,3,5,3,4,4,2,3,4,3,4,3,]
[4,3,3,4,3,2,2,5,2,3,3,4,4,4,5,2,2,4,5,4,3,3,4,5,5,4,3,4,2,5,3,3,2,4,2,3,2,2,4,5,2,4,3,4,4,5,3,2,4,4,2,3,3,3,3,4,6,4,4,4,3,3,3,4,]
[1,3,4,3,3,5,3,3,3,5,3,4,4,4,4,6,5,3,3,4,3,4,4,2,3,4,4,3,3,2,4,3,3,4,4,3,2,3,3,2,4,3,2,3,4,3,2,4,6,6,4,4,2,3,2,6,4,2,5,2,3,4,2,3,]
[4,4,6,2,5,4,5,4,3,3,3,2,4,2,4,2,4,2,3,3,5,5,3,3,5,4,2,4,3,4,6,5,3,3,5,5,6,4,5,3,3,4,3,5,5,3,4,4,2,4,2,3,4,3,4,3,6,5,3,4,2,3,4,5,]
[5,3,2,2,3,2,2,3,3,3,2,5,4,4,3,4,5,3,5,3,3,3,6,6,4,5,4,3,2,4,4,4,5,4,2,2,2,5,4,2,5,5,3,3,1,3,5,5,1,2,4,3,4,3,4,5,2,3,2,4,3,3,4,3,]
[3,2,4,3,6,3,3,4,6,4,6,5,3,3,4,3,5,4,3,3,2,4,4,2,4,5,3,4,4,6,3,5,4,3,3,3,5,4,4,3,2,4,5,2,4,4,3,4,4,2,3,6,4,5,4,4,2,3,2,6,4,5,4,3,]
[4,5,5,3,2,3,4,3,3,4,4,5,3,6,3,6,4,3,3,3,5,3,7,2,5,4,2,3,2,4,4,2,3,2,5,4,5,4,3,3,5,5,3,3,5,3,3,2,4,2,3,4,3,4,4,2,3,3,2,3,3,3,3,3,]
[2,3,5,3,4,3,4,4,6,2,3,4,4,3,4,2,3,5,3,4,2,4,3,3,3,3,4,2,3,3,4,2,3,4,3,3,2,4,4,3,3,3,4,3,4,4,5,2,4,3,4,5,3,4,3,4,3,3,3,4,4,4,3,3,]
[2,3,2,3,4,3,4,4,3,4,2,2,4,3,3,4,4,3,3,3,3,2,2,2,2,2,4,3,3,3,4,4,3,5,2,3,2,5,4,3,5,3,5,3,6,2,3,2,3,3,3,3,3,3,2,6,3,2,3,3,4,4,3,3,]
[23,30,29,39,26,25,27,20,19,30,24,17,33,25,23,44,20,22,35,27,35,37,24,28,23,21,34,33,30,15,17,20,17,19,25,11,33,19,31,23,26,31,24,27,25,29,23,22,39,27,20,30,19,38,27,42,34,28,37,23,26,27,34,32,]
[7,5,4,4,5,4,3,4,3,3,6,5,4,3,5,6,3,6,6,4,3,2,4,3,4,9,4,7,4,5,6,3,4,2,5,5,4,4,6,4,2,4,4,5,4,3,6,3,4,7,5,6,5,2,4,4,7,5,5,5,6,6,5,7,]
[3,3,3,3,2,2,3,2,5,3,3,3,3,2,3,4,4,1,3,2,4,2,2,3,3,2,3,1,2,3,2,1,2,2,2,2,2,2,2,3,2,2,2,3,3,2,2,2,3,2,3,2,4,3,3,2,3,2,3,2,4,1,3,2,]
[30,18,25,39,19,18,23,28,21,25,35,22,18,17,18,31,24,25,18,20,16,26,23,20,22,28,27,13,23,19,29,34,20,18,22,23,35,33,18,19,16,17,14,26,30,35,27,18,23,34,18,22,24,19,13,24,26,29,14,30,22,21,17,17,]
[16,22,22,23,17,39,28,29,34,22,13,24,23,26,13,28,31,17,15,16,17,17,26,30,30,24,40,16,21,22,23,18,22,15,19,22,19,31,10,13,22,25,17,22,35,25,34,23,20,13,32,23,22,24,23,25,17,19,32,31,22,31,34,11,]
[21,22,29,29,30,16,20,26,23,11,18,19,15,24,27,30,20,17,32,22,17,18,23,20,26,24,28,32,18,25,32,37,23,22,16,26,15,24,23,23,18,16,20,16,12,18,19,24,29,18,21,32,21,38,29,33,24,20,23,19,20,30,31,35,]
[33,24,23,23,17,22,22,34,28,19,24,16,40,32,24,22,17,30,17,29,16,20,23,20,23,23,21,28,22,28,21,31,30,17,13,28,23,23,38,20,25,17,21,31,27,23,25,24,24,14,19,23,22,30,23,17,11,21,24,27,26,29,20,15,]
[4,2,3,3,2,4,2,2,5,4,3,2,4,5,5,2,4,2,4,4,3,3,3,3,3,2,4,4,4,4,2,4,3,3,2,2,2,5,3,5,3,2,4,4,5,5,3,3,2,4,4,3,2,4,2,3,1,4,6,4,3,3,2,2,]
[3,5,6,4,2,2,3,3,3,3,2,5,4,5,2,5,4,2,3,3,4,2,3,4,2,3,4,3,4,3,3,4,3,5,3,5,3,4,3,2,4,3,4,3,3,4,4,6,3,3,3,4,2,3,3,3,3,2,3,4,2,2,3,6,]
[3,4,4,3,2,3,2,4,4,3,3,4,3,3,4,2,6,2,4,3,2,4,4,4,4,3,4,4,3,3,2,3,3,3,4,3,4,3,6,3,4,3,2,4,2,3,4,4,2,2,2,2,3,3,5,3,3,4,3,4,4,2,4,2,]
[4,3,5,3,2,5,4,3,2,4,6,5,3,3,5,4,4,3,4,2,3,3,5,6,4,2,4,4,2,4,3,3,3,2,2,4,3,3,4,3,3,3,4,3,4,4,2,4,4,5,2,2,3,4,4,4,2,3,4,4,2,3,3,3,]
[4,4,3,4,4,4,2,3,3,4,4,3,4,4,4,4,4,3,4,4,3,4,3,2,4,3,2,3,2,5,3,4,4,4,4,5,5,2,4,4,4,6,4,8,2,3,4,3,2,4,3,4,3,3,4,3,4,3,4,5,4,3,4,4,]
[3,3,6,3,4,2,4,3,3,4,4,4,3,4,4,6,5,5,5,3,3,3,6,4,4,4,4,1,3,5,3,4,5,5,3,3,3,3,2,4,4,4,4,2,3,3,3,3,5,3,5,6,3,5,3,4,3,2,4,3,3,3,4,4,]
[3,4,2,4,4,4,7,3,4,2,3,5,3,3,3,2,3,3,3,3,2,2,3,4,5,3,4,3,3,2,5,4,4,3,3,4,4,4,3,3,3,5,4,4,4,5,4,5,4,3,3,4,3,3,3,4,4,3,3,3,3,3,4,5,]
[4,3,3,3,5,4,4,4,2,6,4,6,4,4,3,2,5,5,3,2,5,3,2,3,3,2,4,3,4,2,5,4,4,3,4,4,5,3,5,3,2,3,3,3,2,4,5,4,5,4,5,4,2,6,3,3,4,4,5,6,3,3,2,5,]
[3,6,5,3,5,5,2,4,4,4,3,3,5,3,4,3,5,3,4,3,3,1,4,2,5,1,3,5,5,5,4,5,4,4,4,3,3,2,3,3,5,2,3,3,4,2,3,3,2,5,4,2,3,5,4,4,3,4,3,4,4,4,4,4,]
[4,2,4,4,4,5,4,3,5,3,4,5,4,4,6,3,3,5,2,3,3,3,4,3,4,3,5,2,3,3,3,3,3,3,4,4,4,4,3,4,3,3,5,3,5,3,4,5,4,4,3,2,2,2,4,3,2,1,3,5,2,3,3,2,]
[4,3,6,2,3,3,3,3,4,3,5,4,2,1,4,2,3,3,4,4,6,3,2,3,3,4,2,3,3,4,5,4,5,4,4,4,2,3,4,4,5,4,3,4,3,2,4,3,4,4,3,4,5,3,2,3,3,6,4,2,4,2,4,3,]
[1,4,5,4,2,3,5,4,2,4,5,3,4,4,5,3,2,4,3,4,3,5,3,3,2,2,4,2,4,2,4,4,5,3,4,3,4,4,5,4,4,3,4,3,2,5,2,3,5,5,4,3,3,4,4,4,3,4,3,3,3,4,4,4,]
[4,4,2,3,5,2,3,3,5,3,3,5,3,4,3,3,4,3,5,3,3,3,4,4,6,3,3,2,4,7,5,3,2,4,4,4,4,4,5,3,3,3,2,5,4,4,3,3,2,4,3,4,4,4,3,3,5,5,3,2,3,3,5,3,]
[4,3,3,5,2,3,5,5,5,5,3,3,2,3,3,5,3,5,5,3,3,4,2,5,2,4,4,3,4,4,4,3,2,2,4,3,3,3,4,2,2,4,4,3,3,3,4,2,4,2,3,3,3,1,5,3,4,4,2,3,3,4,2,2,]
[3,4,5,4,2,3,3,2,5,5,3,3,4,4,2,4,3,4,3,2,5,3,3,6,3,4,3,4,3,2,4,4,4,3,3,3,4,2,5,4,4,4,4,4,5,3,3,3,4,3,5,2,3,4,2,4,2,3,2,4,4,3,3,5,]
[21,29,16,30,35,22,24,35,44,36,23,20,22,37,27,34,31,31,24,30,38,52,26,24,32,29,29,39,34,28,26,34,16,36,22,26,20,33,19,21,37,26,18,18,36,24,37,19,30,25,33,26,26,39,46,17,40,24,23,24,25,19,31,40,]
[5,4,4,4,5,4,7,6,6,8,4,7,4,4,5,4,5,8,5,3,5,6,4,4,5,4,5,4,4,5,3,7,4,4,3,4,5,7,5,4,6,6,5,4,4,3,4,4,5,4,5,2,5,5,4,8,4,1,6,3,4,4,4,2,]
[4,3,3,3,3,3,3,3,2,2,2,2,2,1,3,2,3,4,3,2,2,3,2,2,4,3,2,2,3,3,2,3,2,2,4,3,2,2,3,3,2,2,4,3,3,4,4,3,2,2,5,1,3,2,3,2,3,2,3,3,2,3,3,2,]
[17,18,24,23,19,25,22,24,20,32,21,30,25,18,16,23,21,24,24,23,22,22,27,23,20,17,37,24,24,32,31,25,18,26,16,13,17,17,28,20,28,18,21,19,25,19,27,27,17,26,17,17,23,29,35,26,17,23,16,26,26,11,20,29,]
[23,24,29,35,21,32,33,34,32,25,20,27,23,23,33,19,30,37,19,29,32,26,29,29,19,29,16,16,20,19,20,19,25,18,35,21,26,14,35,29,25,14,26,29,27,28,12,15,20,20,17,29,23,17,21,31,34,22,29,12,27,21,24,31,]
[27,15,18,20,16,25,23,18,19,18,24,44,30,29,21,16,13,23,22,23,28,24,25,31,27,27,21,25,17,22,21,27,18,31,24,26,20,11,10,18,17,21,22,22,17,18,23,26,27,26,19,24,20,20,17,24,27,27,30,23,28,15,25,28,]
[20,13,18,26,33,23,21,36,31,35,32,19,20,20,27,27,40,26,12,25,20,13,18,14,16,10,28,22,24,17,14,26,19,36,26,22,33,22,11,19,16,16,20,25,30,21,23,23,11,28,22,19,33,20,26,29,16,15,29,26,21,19,13,20,]
[4,5,4,4,4,3,5,2,3,3,3,4,3,3,2,2,3,2,3,5,4,4,3,5,2,4,4,4,3,4,3,5,4,3,3,4,3,3,5,2,4,4,6,6,2,2,3,2,4,4,3,3,5,5,2,3,5,3,3,4,3,4,4,2,]
[1,3,2,4,2,4,2,4,5,5,4,5,3,4,2,3,3,4,4,4,3,3,4,5,5,3,3,3,4,3,3,7,4,3,3,3,3,5,5,3,3,3,4,4,3,2,4,2,3,3,4,4,3,2,4,5,3,5,6,4,3,4,5,3,]
[5,3,4,6,5,2,1,3,4,4,4,5,3,3,4,5,3,3,3,3,3,3,5,5,3,4,4,3,5,3,2,3,3,6,4,4,5,5,5,4,4,5,4,3,3,4,3,5,4,2,2,3,4,2,3,4,2,2,3,5,4,3,5,3,]
[2,4,5,4,3,3,4,2,3,4,4,3,6,3,2,3,5,3,2,3,2,3,4,3,4,3,3,3,2,3,4,3,5,3,4,3,3,3,4,4,4,2,4,2,3,5,4,3,4,4,4,3,2,4,4,2,3,5,3,4,4,2,4,3,]
[4,4,5,4,4,4,3,3,2,4,4,4,4,2,4,5,4,3,4,2,3,4,5,3,3,3,3,3,3,3,4,3,3,3,5,3,1,4,4,2,4,4,3,2,3,4,3,4,3,4,4,4,4,4,3,4,5,3,4,5,3,5,4,3,]
[4,3,3,4,3,2,3,3,4,4,4,2,3,3,4,2,4,4,4,3,4,4,2,2,3,5,4,2,4,3,2,3,4,5,3,3,3,4,4,2,2,3,3,3,4,3,3,4,4,4,2,4,2,2,4,5,4,3,2,6,4,5,2,3,]
[5,4,4,3,5,3,4,5,3,4,3,3,2,2,3,3,5,5,4,4,5,4,3,2,3,3,4,3,7,5,2,3,3,4,3,4,3,5,5,3,4,3,5,3,1,4,3,3,5,2,3,4,4,3,3,2,3,3,3,2,4,3,3,4,]
[4,2,4,4,4,2,3,4,5,3,3,4,4,5,3,4,3,4,4,3,5,4,4,5,2,3,5,5,5,4,3,5,4,3,3,3,3,3,4,4,4,4,2,5,5,5,3,4,2,3,5,4,3,5,2,3,4,5,3,4,4,3,6,6,]
[5,5,2,3,3,3,5,4,4,3,3,4,3,6,4,3,4,4,4,5,4,4,3,4,3,3,3,2,3,3,3,3,2,4,3,2,4,3,5,3,3,5,4,2,2,4,3,4,5,4,5,2,3,3,6,5,3,2,4,5,3,2,2,3,]
[4,4,2,3,3,3,3,4,3,6,4,4,2,3,3,2,1,4,2,5,4,3,3,5,4,3,5,5,3,3,4,3,4,7,2,3,2,3,4,5,4,4,7,4,3,3,3,2,5,3,3,3,5,5,4,3,5,4,5,2,3,2,3,2,]
[5,4,3,4,3,3,4,3,4,4,3,2,3,3,3,6,3,4,5,5,3,4,3,2,3,3,4,3,4,5,3,3,3,4,4,4,3,5,3,5,2,4,7,4,3,4,3,5,5,3,3,4,2,5,2,3,4,2,3,5,3,3,4,3,]
[4,3,5,3,3,3,3,4,6,4,4,4,5,7,4,3,3,3,3,3,3,2,3,3,3,4,4,3,2,3,3,3,4,4,5,4,4,2,5,3,3,3,6,5,4,3,5,3,2,4,6,3,4,5,2,3,5,4,5,3,3,3,4,5,]
[2,3,2,4,3,3,6,3,3,5,6,2,1,3,3,4,3,4,2,2,4,4,5,3,3,5,3,4,2,3,2,4,2,2,3,3,3,4,3,3,2,4,3,3,2,4,3,3,5,5,4,3,2,4,4,3,8,3,4,3,3,3,4,3,]
[2,5,4,3,2,4,5,3,4,4,4,2,4,3,3,4,3,2,4,5,2,4,4,2,1,3,5,3,3,4,3,3,2,5,3,3,5,4,3,3,4,3,5,3,5,5,5,5,4,3,3,3,5,4,5,3,2,5,2,4,5,5,3,5,]
[4,3,4,3,3,4,2,3,5,4,4,5,2,5,4,3,3,4,3,3,3,6,4,2,5,4,4,5,4,4,2,4,4,4,4,3,3,4,3,5,4,3,4,4,4,3,3,3,4,3,3,5,4,4,5,1,5,4,4,4,3,2,2,2,]
[22,19,22,30,24,26,27,24,27,30,42,19,24,22,30,33,24,31,19,21,33,30,33,20,23,30,31,35,29,24,27,25,28,34,18,30,31,34,16,31,24,33,34,25,30,34,27,18,27,17,28,32,32,31,26,23,20,21,14,18,23,20,18,23,]
[4,3,5,5,4,4,4,3,6,5,4,3,6,6,3,2,3,4,4,4,6,5,5,3,3,4,3,7,4,3,5,5,6,4,4,6,3,5,4,5,4,4,5,5,6,4,4,5,5,4,5,4,3,2,7,2,2,5,4,4,4,4,6,3,]
[4,3,3,2,3,2,3,2,1,3,2,3,1,2,2,3,4,3,2,2,3,2,2,2,1,4,1,1,2,2,3,2,3,2,4,3,3,3,3,3,3,3,3,1,0,3,3,2,2,2,3,2,3,1,3,2,3,2,3,3,2,1,3,3,]
[20,23,23,24,15,15,33,16,35,20,25,22,21,26,13,18,30,28,21,18,22,20,17,17,15,23,27,17,15,21,16,21,29,27,21,27,25,22,24,26,17,20,30,17,19,40,21,16,29,24,26,21,31,28,30,25,32,26,26,18,27,19,20,27,]
[22,28,19,36,23,19,22,19,19,23,22,21,26,28,28,26,12,24,20,21,27,17,20,16,34,14,30,16,20,29,24,8,24,27,19,32,17,32,31,26,19,29,16,18,32,23,24,28,21,31,25,22,25,41,25,28,23,24,28,24,23,27,32,28,]
[21,22,31,28,15,27,15,18,27,22,35,16,25,24,23,30,24,13,19,21,28,20,19,9,37,17,24,22,27,16,13,32,22,23,43,28,26,23,18,32,30,28,21,30,15,26,22,28,28,35,21,22,21,20,11,19,27,23,19,14,18,24,31,23,]
[21,34,17,26,28,25,25,33,30,26,22,17,19,17,17,19,33,15,22,15,20,20,22,23,23,25,24,22,22,25,15,18,35,13,37,20,30,23,23,32,29,23,20,24,20,19,30,21,25,18,22,23,19,25,23,26,34,24,22,13,24,24,27,12,]
[6,4,3,4,3,5,3,2,5,3,4,5,3,4,3,4,2,2,3,3,3,4,4,3,2,3,4,3,3,3,3,3,3,4,4,3,3,6,4,3,5,3,4,3,4,4,4,3,4,4,4,3,4,3,4,3,5,3,4,2,3,3,3,4,]
[3,4,3,4,4,4,5,3,5,4,1,5,4,2,3,2,3,4,4,5,3,5,4,4,4,2,4,4,4,3,2,4,5,4,3,5,3,5,3,2,2,4,6,4,4,6,2,3,3,3,3,3,2,4,4,4,3,5,3,2,3,3,4,1,]
[4,3,4,4,3,4,3,6,3,3,3,3,3,3,2,3,3,2,4,3,3,2,6,5,3,6,4,3,2,3,3,3,4,5,4,4,3,2,4,3,3,4,3,2,4,3,5,4,4,3,4,3,4,2,3,3,4,4,3,3,3,3,6,3,]
[2,4,5,3,6,4,2,3,2,3,4,4,4,5,4,3,4,5,2,3,3,2,5,5,2,2,5,5,4,1,2,4,4,4,3,3,4,4,4,3,4,5,4,4,3,4,5,3,3,3,2,2,3,2,2,2,2,4,3,3,5,4,4,4,]
[3,4,5,4,6,8,3,5,3,5,4,4,3,7,2,4,2,7,4,4,4,3,4,4,3,3,3,3,3,3,3,4,4,5,3,4,2,3,4,2,4,4,2,2,2,5,3,4,4,5,3,3,4,4,3,5,3,3,5,2,4,3,3,4,]
[4,3,4,4,4,4,3,6,4,3,3,3,4,3,4,2,4,2,3,3,2,5,2,1,5,3,5,3,3,5,5,4,3,2,5,4,3,5,2,3,6,3,2,3,4,3,4,2,3,2,4,4,2,3,5,3,4,3,4,4,3,4,3,4,]
[4,3,3,4,4,3,5,3,6,2,4,3,4,5,2,3,3,2,3,3,5,4,4,3,5,4,2,2,3,3,4,4,3,3,4,2,3,3,2,3,4,3,2,3,3,4,3,6,3,3,5,4,3,3,4,3,3,4,2,3,3,3,5,5,]
[3,2,4,4,3,3,3,3,4,4,4,4,2,4,2,4,2,4,4,3,4,3,3,3,3,2,3,3,2,5,4,3,3,1,3,4,5,3,3,5,5,4,4,4,4,3,4,5,2,3,3,2,2,4,3,4,2,3,5,3,3,5,4,4,]
[3,3,3,3,3,3,4,6,6,8,3,6,2,3,3,2,4,2,3,3,3,2,4,4,4,4,3,5,3,3,4,3,2,3,4,5,3,4,3,3,6,6,3,2,3,3,4,3,4,5,3,2,2,2,4,2,4,2,2,3,3,4,2,3,]
[4,3,3,4,6,3,4,5,2,2,3,5,2,8,4,4,2,6,3,4,4,5,4,3,4,4,3,3,5,4,5,3,3,4,5,3,4,3,4,3,4,5,6,4,3,4,4,3,5,3,5,4,3,4,5,3,3,3,5,3,4,4,3,4,]
[4,3,3,3,2,4,4,4,4,3,3,4,6,3,3,5,4,6,3,3,3,3,2,3,3,5,3,5,5,2,4,3,4,3,3,5,4,3,4,3,3,4,3,3,5,4,3,5,4,4,3,4,4,3,3,3,4,3,3,2,3,4,3,4,]
[4,4,5,4,4,4,2,5,3,2,3,3,5,4,3,5,2,3,2,4,5,3,3,3,4,3,3,6,4,4,4,4,2,4,4,4,4,3,4,3,2,3,4,2,4,4,4,4,5,5,3,3,5,3,4,5,3,5,2,2,2,4,3,4,]
[5,3,5,2,3,4,5,2,2,5,4,3,2,4,5,4,3,4,4,3,2,4,5,2,4,6,5,2,2,3,4,3,4,4,4,4,3,2,3,4,2,4,4,5,3,5,4,4,3,4,2,4,2,3,2,3,3,5,3,2,2,5,5,4,]
[4,5,3,5,3,4,3,5,3,4,3,3,4,4,1,3,4,2,5,5,4,3,3,4,4,2,2,5,5,5,5,3,5,3,1,5,4,4,3,4,4,4,2,4,3,4,3,6,3,3,3,3,3,2,6,5,4,3,3,2,4,5,4,4,]
[3,4,4,4,3,2,2,6,2,3,4,2,3,5,4,4,2,3,2,3,3,4,3,3,5,3,3,4,5,2,2,3,3,4,2,3,2,4,6,4,4,3,3,3,7,3,3,5,2,2,3,2,5,3,6,3,4,4,3,5,4,5,3,5,]
[23,16,20,28,27,29,38,23,36,25,21,22,28,36,27,27,21,26,29,48,36,27,26,41,29,23,16,40,28,39,20,36,33,28,21,27,25,25,37,34,22,31,32,13,31,28,41,48,34,24,35,35,21,18,38,26,27,28,20,28,28,21,28,26,]
[3,5,3,3,3,5,3,4,7,3,4,4,4,5,6,3,6,6,4,4,5,3,4,5,4,4,3,5,5,7,5,5,4,5,3,3,5,4,8,4,4,4,5,7,3,4,5,4,6,3,5,5,4,4,5,4,5,5,3,3,5,3,3,6,]
[2,2,2,2,3,3,3,2,2,3,3,2,4,2,2,3,2,3,3,3,3,3,2,4,3,2,2,4,3,2,2,5,2,3,3,3,3,2,3,2,2,3,3,2,4,2,2,2,3,2,5,3,2,3,2,3,3,3,1,2,2,3,3,3,]
[26,17,22,19,28,27,25,28,36,27,20,22,19,21,34,30,24,31,29,20,19,20,19,17,35,25,26,25,23,21,21,25,22,26,25,31,20,23,26,18,23,20,24,18,26,18,25,25,23,18,22,12,19,15,18,21,30,21,28,17,22,15,18,34,]
[20,28,34,19,31,28,20,20,36,28,18,22,26,37,18,24,27,35,27,21,33,33,30,28,23,19,12,25,24,27,14,23,40,20,16,29,15,21,25,26,34,17,38,23,24,25,17,16,28,23,17,21,34,26,28,35,27,17,29,17,29,25,23,14,]
[27,17,29,25,21,20,21,24,20,33,17,24,24,17,21,19,21,20,21,22,46,13,17,18,23,17,36,27,18,23,24,26,21,24,27,17,26,22,25,27,22,24,20,20,21,31,22,29,27,22,23,22,27,26,28,36,16,27,16,18,14,21,20,20,]
[22,17,30,29,19,24,27,20,18,29,14,29,30,30,18,26,26,27,35,12,25,30,28,19,20,27,20,27,18,16,24,22,22,27,23,27,26,10,18,24,20,28,13,22,17,32,16,28,19,21,14,31,20,19,18,33,19,22,22,27,18,34,26,13,]
[4,4,3,2,6,4,3,3,3,4,3,3,5,4,3,4,4,3,3,4,4,3,3,3,4,3,2,4,6,4,4,4,2,3,5,3,3,2,3,3,1,5,4,3,3,4,2,3,3,4,3,4,4,3,5,3,5,4,3,2,4,3,4,4,]
[5,4,5,6,2,3,3,4,2,4,2,3,3,1,4,4,4,3,3,3,3,3,5,3,4,2,3,3,4,4,4,3,4,4,1,7,3,3,5,3,3,3,4,5,5,6,2,2,3,3,5,4,3,3,2,4,4,3,4,3,3,4,4,3,]
[3,3,1,3,5,4,4,4,4,4,4,3,4,3,3,4,4,3,3,5,2,2,3,3,5,3,3,3,3,3,2,4,4,3,2,5,4,3,3,3,3,5,4,5,2,2,2,3,3,3,4,3,4,4,3,3,4,3,3,4,3,4,4,3,]
[5,3,3,4,2,5,4,4,3,4,3,5,5,4,5,3,4,7,3,3,4,4,3,3,4,3,4,2,3,3,4,4,3,4,4,4,4,3,4,3,2,2,3,3,2,4,3,3,3,4,3,3,4,4,4,3,4,3,3,5,4,3,5,4,]
[3,4,4,3,3,4,3,3,3,4,3,3,2,4,3,3,5,4,3,4,3,3,3,3,4,5,4,5,4,4,4,3,4,4,4,3,4,2,5,3,6,5,3,4,4,4,2,3,3,4,4,4,3,5,3,3,4,3,3,4,4,2,3,4,]
[3,3,4,2,4,4,3,2,5,4,4,3,2,2,3,1,3,3,4,4,3,2,4,3,2,5,3,2,2,4,5,3,4,4,3,4,4,3,2,3,4,4,5,6,3,2,3,4,4,4,4,4,3,2,3,3,1,6,4,2,4,4,4,4,]
[3,3,5,2,3,4,2,4,1,4,4,4,3,4,3,3,4,6,3,3,5,4,3,3,5,2,3,5,3,2,2,4,5,5,3,3,6,4,3,3,4,5,3,3,5,3,4,5,5,4,3,3,3,3,2,4,3,3,4,3,3,7,2,4,]
[1,3,4,5,4,2,2,2,4,3,4,3,2,5,2,3,2,3,2,2,2,2,3,3,3,5,2,2,5,3,4,2,4,2,6,4,3,2,4,2,4,3,3,3,3,5,5,2,3,5,4,3,2,4,4,1,3,3,2,3,2,5,4,3,]
[4,4,3,4,3,2,4,3,3,3,4,2,4,3,4,4,3,3,3,4,5,3,4,1,2,3,2,4,2,2,3,3,3,4,3,6,2,3,4,4,3,3,4,3,4,2,3,2,3,4,3,5,3,2,4,3,3,3,4,5,3,3,4,5,]
[2,2,4,4,5,2,3,3,2,4,3,2,4,2,5,5,3,3,2,4,4,2,4,2,3,3,5,3,5,4,4,3,2,2,4,3,3,5,3,4,4,3,3,6,3,3,4,2,4,3,2,2,3,3,5,2,4,3,4,7,3,3,4,3,]
[4,2,3,3,2,3,4,5,3,3,3,3,4,3,3,5,3,3,4,2,2,4,4,4,3,3,4,2,2,3,4,5,3,5,2,5,2,3,3,2,5,2,4,2,4,3,3,3,3,3,6,3,4,4,4,2,3,3,4,4,4,4,5,3,]
[5,4,3,4,4,2,2,4,3,4,3,2,3,3,4,3,4,2,4,2,6,4,4,5,2,3,3,4,3,6,4,5,4,3,4,5,4,5,4,2,2,2,4,4,5,4,4,3,4,3,3,3,4,5,4,6,5,4,4,4,6,4,4,5,]
[4,4,2,4,4,3,2,2,3,5,4,4,3,4,4,3,5,4,3,5,3,3,6,3,4,3,2,3,4,4,3,3,3,3,6,4,2,7,4,3,3,3,4,4,3,5,1,3,3,4,5,3,5,5,2,2,4,3,3,3,3,2,3,2,]
[3,3,5,3,2,6,5,4,3,3,4,3,3,4,3,3,2,3,5,4,3,4,4,3,2,4,3,3,3,4,3,3,3,4,3,2,3,2,3,3,4,3,2,3,3,5,3,3,4,3,4,3,4,2,3,5,3,3,3,2,2,4,2,3,]
[3,3,5,3,3,4,2,4,3,4,2,4,2,2,2,2,3,6,3,2,4,2,3,5,4,5,4,3,3,6,4,4,4,4,2,4,4,3,4,5,2,5,4,3,4,4,5,4,3,4,3,4,4,3,4,4,4,2,3,3,4,5,3,5,]
[32,28,26,27,21,20,28,36,41,29,17,21,47,18,27,26,16,23,16,23,24,25,29,21,25,24,23,46,28,35,32,40,20,22,39,33,38,33,24,27,31,24,29,17,25,23,32,23,41,20,22,15,28,26,19,46,31,32,23,25,24,42,18,44,]
[4,6,4,3,3,3,3,5,6,5,4,4,4,5,6,5,6,4,5,7,6,4,3,3,5,4,6,5,4,4,4,6,5,3,4,4,6,4,4,4,3,6,5,4,7,7,5,6,4,5,5,5,2,4,5,4,5,4,5,4,5,7,6,3,]
[2,3,1,3,2,4,3,4,2,1,3,2,2,4,5,4,3,2,2,2,3,2,1,2,2,2,3,1,3,4,3,2,5,2,4,5,1,2,2,2,2,2,2,3,3,2,2,3,3,2,3,2,2,2,2,1,1,3,3,2,2,1,3,2,]
[20,21,25,20,21,17,27,17,17,20,38,20,31,25,37,26,25,21,24,26,34,19,17,26,21,22,27,21,23,28,22,28,24,24,26,17,28,38,18,17,24,28,19,29,18,29,23,22,32,20,16,17,29,21,22,20,21,23,20,14,24,17,16,23,]
[34,19,28,30,28,15,18,26,15,26,24,22,38,27,19,21,19,21,35,25,30,34,28,21,17,31,25,25,25,32,11,18,33,20,15,25,18,17,20,29,20,17,22,25,20,22,7,28,32,28,28,29,25,26,26,18,29,19,23,23,26,30,31,29,]
[25,29,31,24,30,23,14,22,19,19,21,16,21,17,17,19,19,19,23,20,13,24,25,21,26,28,30,21,14,38,25,26,13,22,23,22,21,19,21,24,24,25,17,20,43,33,16,23,31,20,25,34,18,22,16,19,22,14,30,23,26,19,29,13,]
[27,23,35,28,19,17,29,32,20,21,13,19,25,19,29,19,25,21,19,17,28,29,20,25,25,30,31,27,39,19,26,26,23,14,23,25,19,15,23,30,22,22,28,25,28,20,22,26,25,34,24,13,25,21,11,13,26,23,20,24,18,20,25,34,]
[3,3,2,3,3,3,5,5,3,2,4,5,4,3,3,3,4,2,2,3,3,3,5,1,3,1,3,3,4,3,4,2,7,3,3,3,4,3,4,4,4,3,3,2,4,3,3,3,2,2,4,4,3,5,4,3,3,5,5,3,4,6,4,3,]
[5,4,3,3,4,5,5,4,2,5,5,2,4,5,4,4,3,2,4,4,4,4,3,4,3,4,4,3,4,3,2,4,3,3,4,5,2,5,4,4,3,4,3,5,4,4,3,4,4,4,3,3,4,3,4,3,3,2,2,4,2,3,4,2,]
[3,2,5,4,5,1,3,3,4,5,4,3,5,3,3,2,2,3,2,3,2,2,3,2,3,2,3,3,5,3,3,4,3,2,4,6,5,2,5,4,4,3,3,3,3,3,2,3,4,3,4,3,5,3,3,4,3,4,3,2,4,3,4,3,]
[4,4,3,4,3,4,4,2,4,3,2,3,5,1,3,4,4,5,3,3,3,4,5,2,4,2,5,2,3,3,3,4,2,5,3,5,5,4,4,3,4,3,4,3,4,6,4,4,5,3,4,2,3,3,3,4,5,4,2,4,3,3,2,4,]
[4,4,4,5,4,4,2,3,4,3,2,2,3,4,4,4,3,3,2,5,3,3,4,3,3,2,3,3,2,6,3,3,4,3,2,4,3,3,3,4,2,4,2,3,3,3,6,3,2,4,4,5,5,4,4,5,2,4,2,3,3,5,2,1,]
[2,4,2,3,5,5,3,4,3,5,2,2,3,4,3,2,4,4,4,3,5,4,4,3,3,2,4,4,3,4,4,4,7,3,3,6,4,3,4,3,5,3,2,4,4,4,3,4,3,4,2,2,5,5,4,3,3,3,3,4,3,3,1,3,]
[6,3,3,2,5,4,4,5,3,3,4,5,4,3,4,4,3,4,5,5,2,3,3,3,4,3,2,2,3,4,5,3,3,4,3,5,4,3,2,3,4,3,2,4,3,4,3,5,5,4,3,3,4,5,2,3,3,3,3,4,3,5,4,2,]
[4,4,3,3,3,3,3,4,3,4,7,3,5,2,4,4,3,3,3,3,4,4,3,6,5,3,3,4,3,5,3,2,3,3,3,5,4,3,5,2,5,3,3,3,4,3,3,3,4,2,4,3,5,4,4,4,2,2,4,4,2,3,3,4,]
[3,4,2,4,5,2,4,2,2,3,4,5,6,2,2,2,4,4,4,3,4,4,2,3,4,3,2,6,3,3,3,3,2,4,5,2,1,4,3,5,4,4,3,3,4,5,3,4,5,3,3,3,4,3,2,3,3,4,3,4,5,2,3,4,]
[4,4,3,3,2,3,5,4,3,3,1,3,4,5,3,3,5,3,4,4,4,4,4,4,6,3,4,4,5,3,3,4,3,3,4,4,3,4,5,5,4,4,5,5,3,4,4,4,3,2,4,4,3,4,3,3,3,4,3,3,3,4,3,4,]
[4,2,4,3,3,3,4,2,3,3,5,3,5,4,3,3,4,6,5,5,3,3,3,2,2,3,3,5,5,4,3,3,4,2,5,3,3,3,4,3,5,5,2,4,3,4,4,3,6,4,3,4,2,4,2,3,4,4,3,4,4,3,2,5,]
[2,4,4,3,5,2,3,3,3,4,3,5,3,4,5,3,4,5,3,3,5,3,3,4,3,3,5,3,3,2,2,2,3,3,4,3,5,4,3,3,4,3,3,4,2,4,3,2,4,4,4,3,4,2,3,3,2,2,3,2,3,3,4,3,]
[5,3,4,2,4,4,5,3,5,4,4,3,4,3,2,3,5,4,3,4,3,4,3,2,2,3,4,3,4,2,3,4,3,4,4,7,3,3,4,3,3,3,3,4,3,4,4,3,4,3,4,2,3,2,3,4,5,4,4,5,2,3,4,4,]
[4,3,2,4,4,5,5,4,3,2,3,3,3,3,4,2,2,2,4,3,2,3,3,3,4,4,3,4,2,3,2,4,4,3,3,3,3,3,4,3,5,4,3,2,5,2,4,4,3,3,5,3,5,3,4,5,4,3,4,3,5,4,4,4,]
[4,4,3,3,4,4,2,4,5,2,3,3,4,3,2,4,5,4,5,2,3,5,3,3,2,7,5,3,4,4,5,4,5,3,4,5,3,3,3,4,3,4,5,3,4,2,6,5,4,4,4,3,2,5,2,2,5,5,3,3,3,4,5,2,]
[24,26,21,33,20,26,26,28,26,37,26,26,22,27,35,39,19,40,40,31,32,39,20,29,42,21,20,23,30,28,37,27,27,30,36,26,22,27,19,22,32,30,32,23,25,23,25,28,26,24,20,24,35,32,42,23,22,31,19,32,35,33,18,17,]
[3,6,5,4,5,5,3,4,3,4,7,4,4,6,4,3,4,5,7,6,3,6,4,7,5,3,7,5,5,3,6,4,4,4,6,4,7,4,5,4,7,6,5,5,5,3,6,5,7,5,8,8,3,5,4,3,5,8,6,3,4,4,5,6,]
[2,4,2,2,2,2,2,2,2,2,5,3,1,3,2,2,2,3,3,2,2,3,4,2,2,4,2,2,2,3,3,3,2,4,3,3,3,2,3,3,5,4,3,2,3,3,3,1,2,2,3,3,4,2,3,3,2,3,2,2,1,2,2,3,]
[20,21,30,29,21,22,30,13,22,26,25,33,19,41,9,24,27,22,30,24,21,13,16,14,17,18,19,27,17,22,31,15,25,22,11,26,23,15,21,17,15,26,23,27,26,26,17,23,29,23,27,32,29,23,24,20,17,21,29,17,21,20,28,18,]
[20,28,13,29,18,25,28,14,25,16,16,25,21,24,23,27,30,12,18,25,11,30,16,36,20,23,15,21,19,28,31,28,36,12,17,25,23,16,22,29,30,22,19,33,15,24,14,22,24,23,18,30,18,21,26,24,19,14,17,17,24,20,21,24,]
[12,23,22,32,33,23,22,22,26,13,16,31,30,21,21,25,19,24,22,15,30,16,22,24,21,23,22,24,30,15,15,28,17,22,12,13,16,23,24,23,31,19,23,11,21,26,20,32,22,21,23,19,29,34,16,25,21,24,30,26,27,18,27,40,]
[31,36,31,20,14,17,25,24,19,15,22,30,32,18,28,15,20,24,25,23,28,22,25,21,26,30,24,26,17,18,18,29,27,18,23,34,24,24,28,28,22,20,23,24,31,16,16,23,12,24,19,24,28,22,27,23,33,14,19,28,27,18,17,23,]
[3,3,3,5,4,3,4,3,3,3,3,2,6,3,6,5,4,4,3,5,3,2,3,6,7,3,4,5,4,2,4,4,4,3,3,4,4,4,4,3,3,4,2,4,3,4,4,2,2,4,5,3,4,3,3,4,3,5,4,3,5,4,3,2,]
[3,3,6,4,3,4,5,4,3,3,4,3,4,3,3,2,2,4,4,3,4,3,5,3,4,2,2,7,3,4,5,4,3,3,3,4,3,2,3,3,3,3,3,3,4,4,5,2,4,5,3,3,4,4,5,3,4,3,2,4,4,3,3,5,]
[3,4,2,4,4,5,3,3,3,3,4,3,3,6,2,3,4,4,3,3,4,3,3,7,4,4,2,3,4,3,2,2,3,3,2,5,3,5,4,5,4,2,4,3,3,3,4,3,2,3,4,4,3,3,4,4,4,4,4,3,5,4,2,4,]
[4,4,3,4,4,4,4,3,3,4,3,4,3,4,5,4,3,3,2,5,2,4,3,3,2,1,3,3,4,4,4,4,2,2,3,3,3,3,4,3,4,3,4,2,4,4,2,3,3,2,2,3,4,3,4,4,5,3,2,5,3,3,3,3,]
[4,2,5,2,2,6,4,3,5,3,2,3,3,4,3,5,3,3,5,3,6,2,3,3,4,4,4,4,3,4,3,3,2,3,5,4,4,4,3,3,4,4,3,5,3,5,4,4,4,4,3,6,2,3,5,3,5,3,2,2,4,3,1,3,]
[3,5,2,3,5,6,3,1,4,2,4,3,4,4,3,2,4,2,3,3,3,3,4,3,4,4,4,4,4,3,5,4,3,5,2,2,4,5,4,3,5,3,4,3,5,5,6,4,4,4,4,2,3,3,3,4,2,5,4,4,4,5,4,3,]
[3,3,4,2,2,3,3,3,4,3,5,3,4,4,3,4,5,4,4,3,2,1,2,4,3,4,4,3,4,3,2,2,3,5,3,4,5,4,4,2,3,5,2,4,3,4,4,3,5,3,3,4,5,3,3,4,3,3,3,5,3,4,2,3,]
[3,3,4,3,2,4,3,3,4,5,3,3,5,4,3,3,5,6,3,4,4,3,4,3,4,5,3,3,3,4,2,3,4,3,3,4,3,2,3,4,5,3,4,4,2,3,4,5,4,4,4,3,3,3,5,3,6,3,3,2,3,3,4,3,]
[4,5,4,2,3,3,4,4,3,3,4,3,3,6,3,3,3,3,4,2,3,2,5,3,3,4,2,5,4,3,3,3,3,4,3,3,2,6,4,3,2,5,4,3,2,4,3,5,4,2,4,4,2,5,3,3,4,3,2,4,3,3,2,3,]
[3,4,3,2,3,4,3,3,2,4,3,5,4,3,6,3,4,4,4,4,3,3,3,4,3,4,4,4,2,5,5,6,3,4,5,5,4,4,4,3,3,3,2,4,4,4,4,3,4,4,3,2,4,2,3,4,3,3,4,3,3,4,5,3,]
[5,3,3,3,4,3,2,4,3,2,3,3,4,3,4,4,4,5,3,5,3,5,5,3,3,4,3,3,4,3,3,3,5,3,4,4,3,3,5,2,5,2,4,3,3,3,3,4,3,4,3,4,3,3,3,3,3,3,3,4,3,3,5,3,]
[4,2,2,4,4,3,1,3,2,4,5,3,3,2,3,2,4,4,4,3,3,2,2,7,5,4,3,4,2,3,2,4,2,7,3,3,3,4,3,4,3,3,5,2,2,5,2,6,4,2,3,3,5,2,5,4,3,5,3,4,6,4,3,3,]
[4,2,3,2,3,4,3,4,4,5,4,4,5,3,4,3,4,4,2,4,3,3,3,3,5,3,3,6,4,4,3,3,5,3,5,5,2,5,2,2,5,2,3,3,2,2,4,2,3,2,4,4,3,3,5,2,3,5,5,3,2,4,3,3,]
[2,4,4,3,5,3,3,3,3,5,6,4,3,3,3,2,2,4,3,3,5,5,3,3,2,2,3,4,4,4,5,3,3,5,2,4,3,3,4,3,5,3,4,3,3,4,3,2,3,5,6,5,4,2,4,5,2,4,3,3,4,3,3,4,]
[3,3,4,5,1,3,7,5,3,4,5,4,3,4,3,4,2,2,4,4,6,3,5,3,4,3,3,5,4,3,3,4,5,4,3,4,4,5,2,4,2,5,5,4,3,2,2,3,3,3,4,4,5,3,3,3,3,4,3,3,4,4,4,3,]
[22,14,29,26,31,20,21,30,23,24,32,24,29,31,51,20,26,38,33,29,29,22,25,37,26,21,20,21,35,26,24,20,34,20,24,22,30,43,34,30,24,27,17,23,12,28,36,31,31,30,38,28,33,23,40,30,18,41,32,20,21,20,26,37,]
[6,5,5,6,4,6,5,4,3,4,3,5,6,7,6,4,4,4,5,6,3,6,5,4,4,3,6,4,4,6,3,5,3,5,5,7,7,7,5,4,4,5,7,2,4,3,7,7,5,7,5,4,4,6,5,3,6,5,5,4,8,8,3,4,]
[3,2,3,1,2,3,3,3,2,3,4,2,2,2,2,2,3,2,3,3,2,3,2,1,3,2,2,5,4,3,3,3,3,2,2,2,3,4,3,2,2,2,2,2,2,3,2,3,3,3,3,3,2,2,3,2,2,1,2,4,2,4,2,3,]
[24,18,16,27,27,38,21,33,26,16,13,22,17,16,23,37,18,23,21,20,18,33,20,24,39,19,26,21,26,31,18,16,24,35,15,42,23,23,17,18,17,35,24,18,24,19,15,28,22,27,24,25,16,29,29,31,29,16,22,27,15,20,37,17,]
[28,28,18,25,23,21,28,27,29,24,25,24,21,17,28,29,24,14,17,23,26,31,25,18,22,29,16,23,15,22,19,28,16,19,35,16,22,19,24,30,28,23,23,18,27,18,22,18,20,26,27,26,21,19,28,29,10,28,32,18,22,22,30,31,]
[20,21,17,23,17,21,18,23,15,23,23,22,21,17,29,23,29,31,20,20,17,21,22,34,24,29,15,17,25,12,26,20,28,25,26,18,17,29,18,16,20,22,27,21,31,21,32,30,21,29,17,30,25,29,35,28,25,21,29,29,12,29,28,22,]
[15,19,34,17,13,28,23,24,19,18,28,26,17,27,16,20,24,23,18,39,23,37,20,14,20,24,30,28,17,32,12,26,20,21,27,15,17,20,28,28,17,24,17,16,30,29,27,25,18,26,27,25,23,23,29,21,39,23,15,13,24,21,29,16,]
[3,4,4,1,3,4,2,2,2,5,4,5,4,4,3,3,5,4,3,4,5,4,4,4,4,4,5,3,2,4,2,3,4,3,4,3,3,3,3,4,4,4,5,4,2,3,5,4,5,5,3,4,4,3,3,4,3,4,2,4,3,3,4,3,]
[2,4,3,4,4,3,4,3,2,4,2,4,4,3,3,4,4,3,2,2,4,3,3,4,3,3,4,5,3,2,3,4,2,4,3,3,2,4,4,3,3,4,4,3,3,5,3,4,4,2,3,4,4,5,5,3,3,3,4,4,4,3,4,3,]
[3,4,4,2,4,4,3,5,3,5,2,4,3,2,3,4,4,2,4,4,4,5,3,2,3,4,3,4,4,5,4,4,5,4,2,4,3,3,4,3,3,5,4,2,2,4,3,3,4,2,4,6,4,3,3,4,4,2,2,6,1,4,4,4,]
[3,3,4,4,3,4,4,4,2,4,8,2,5,3,5,3,7,3,4,4,3,3,3,2,3,3,4,2,4,4,4,3,4,3,4,4,3,4,5,2,2,4,4,4,3,4,3,3,4,5,3,4,3,3,4,5,5,2,3,3,5,4,4,3,]
[4,5,3,3,4,2,3,4,4,3,3,3,3,5,4,5,5,3,4,2,4,5,2,4,2,3,3,3,5,6,4,5,4,4,4,4,3,3,3,3,3,5,3,6,3,3,3,3,2,3,2,3,4,4,3,3,2,4,4,4,3,3,2,3,]
[2,3,2,4,3,4,3,3,4,2,3,3,3,3,5,4,3,5,5,3,3,5,3,4,2,5,4,5,5,4,4,3,3,2,3,3,3,3,3,3,4,2,5,4,5,3,3,2,3,2,2,3,3,3,5,4,4,3,5,5,5,6,2,4,]
[4,3,3,2,4,3,4,3,4,2,4,3,7,5,4,3,3,4,3,3,4,5,2,4,4,3,4,3,6,2,3,4,2,3,2,2,1,2,3,4,4,2,3,5,4,4,4,5,3,4,6,4,3,3,5,4,4,4,3,5,3,3,6,4,]
[3,3,3,4,2,3,2,4,2,3,2,4,3,4,4,5,2,1,3,2,2,4,3,3,3,3,2,3,4,2,2,3,5,4,2,3,2,2,2,3,2,3,3,4,3,3,3,5,1,4,4,3,2,4,4,3,3,2,2,3,5,5,3,5,]
[4,4,4,4,2,3,4,4,6,3,3,4,3,5,3,2,2,2,4,3,4,4,3,6,5,2,4,4,4,4,3,3,4,4,5,3,2,4,2,3,6,5,4,3,4,3,3,5,5,4,3,3,6,4,3,2,3,5,3,2,5,2,5,3,]
[4,5,3,4,5,5,4,4,3,3,2,4,3,3,4,6,2,3,4,4,3,6,3,4,3,2,4,2,3,4,2,3,5,4,3,3,4,3,3,3,4,4,2,3,2,4,2,3,3,5,7,2,2,3,5,3,5,3,4,5,1,4,2,2,]
[2,2,3,6,4,2,4,2,3,5,4,4,4,3,3,2,5,3,4,3,7,4,4,3,2,3,4,4,4,4,5,4,3,4,3,4,2,3,4,2,3,5,3,5,3,3,2,4,3,3,3,5,3,4,3,4,2,4,3,3,2,6,5,2,]
[4,4,3,4,3,3,3,3,3,5,3,4,3,3,3,2,3,2,2,3,3,6,3,4,4,3,4,8,5,4,3,5,6,3,3,3,2,3,4,4,4,2,1,3,4,3,4,3,2,4,4,2,3,4,5,3,4,2,5,3,4,2,3,5,]
[2,3,4,3,5,3,2,5,2,4,3,4,4,3,5,3,5,3,3,3,4,3,3,6,5,3,3,3,4,4,4,4,4,4,2,5,5,2,2,3,3,5,3,4,5,3,3,4,5,3,3,3,6,3,3,2,4,5,4,2,3,3,3,2,]
[3,3,4,3,3,3,3,3,3,4,3,1,2,4,2,4,5,4,4,2,5,4,3,4,2,3,3,3,3,4,4,3,5,4,4,4,4,3,5,3,2,3,3,4,3,3,3,5,2,2,3,2,5,4,3,2,4,4,3,3,3,4,2,3,]
[2,4,3,6,4,4,3,4,3,5,3,6,3,2,7,2,2,4,2,2,5,4,4,3,3,3,4,4,2,4,2,4,3,4,3,3,3,3,4,5,6,3,4,4,4,3,3,4,3,3,2,4,6,3,4,5,5,1,3,4,4,4,4,3,]
[25,34,23,20,24,26,26,22,23,37,38,25,25,20,21,31,21,15,36,47,19,28,23,27,30,22,22,29,25,33,30,41,23,21,32,22,29,43,25,22,25,34,37,38,28,33,30,23,24,41,26,20,18,46,30,17,32,18,28,41,20,24,21,32,]
[4,4,5,5,5,4,7,4,5,2,4,4,5,4,4,4,3,6,6,4,6,3,4,4,3,5,4,3,2,3,5,5,6,5,4,4,3,4,4,3,4,4,6,4,6,5,5,4,4,4,7,5,5,2,6,5,3,4,4,3,4,4,3,4,]
[0,1,0,0,1,0,0,0,0,0,1,1,0,0,0,1,1,1,0,1,1,1,1,0,0,0,0,1,1,0,0,0,0,0,1,1,0,0,0,0,1,0,1,1,0,1,0,1,1,1,0,0,0,0,0,0,1,0,0,0,1,1,0,1,]
]
