This is computation ability:
[
[0,0,0,0,0,0,0,0,0,0,0,0,0,0,0,0,0,0,0,0,0,0,0,0,0,0,0,0,0,0,0,0,0,0,0,0,0,0,0,0,0,0,0,0,0,0,0,0,0,0,0,0,0,0,0,0,0,0,0,0,0,0,0,0,]
[0,0,0,0,0,0,0,0,0,0,0,0,0,0,0,0,0,0,0,0,0,0,0,0,0,0,0,0,0,0,0,0,0,0,0,0,0,0,0,0,0,0,0,0,0,0,0,0,0,0,0,0,0,0,0,0,0,0,0,0,0,0,0,0,]
[5,4,3,1,0,0,8,0,1,4,0,5,1,4,10,2,7,7,2,0,4,3,3,1,3,1,3,1,7,3,1,2,3,5,4,3,7,1,3,1,4,1,4,2,3,4,7,2,1,3,2,0,2,0,0,4,1,0,2,0,5,2,0,2,]
[11,7,22,42,28,13,22,31,5,32,15,34,18,16,20,7,68,15,11,31,6,46,17,24,16,38,53,15,13,8,6,15,25,18,15,16,15,26,16,14,41,47,15,12,20,20,8,1,47,14,24,28,61,5,15,3,56,61,20,41,43,7,38,23,]
[9,25,44,15,23,21,11,85,51,21,12,19,41,28,5,30,15,19,10,11,15,16,22,6,17,14,9,33,26,16,47,27,28,13,3,22,23,11,4,14,21,85,1,57,13,40,16,21,34,6,26,66,69,2,17,22,14,25,46,10,21,44,27,33,]
[9,5,7,15,19,10,17,13,16,31,5,16,64,12,47,33,51,3,23,43,22,25,18,14,19,3,30,34,10,30,4,31,26,12,34,11,40,33,2,3,9,29,20,7,29,18,18,19,15,1,12,40,14,8,29,2,25,11,23,52,9,30,38,14,]
[32,14,27,3,27,8,63,38,10,35,42,20,114,4,11,12,9,49,20,51,5,4,48,6,46,16,26,5,27,3,26,7,2,10,94,9,32,45,14,46,10,13,9,40,38,17,37,7,4,21,19,5,29,31,23,11,17,20,3,1,42,33,13,37,]
[3,3,5,2,13,2,2,15,5,7,2,1,2,0,2,5,1,9,1,5,3,7,2,4,2,3,2,3,11,5,2,3,6,1,4,3,6,4,0,0,0,6,1,0,7,2,3,1,0,4,9,2,2,3,4,1,7,3,8,2,0,4,1,2,]
[2,3,2,6,2,3,6,2,2,2,4,3,1,4,1,2,7,5,4,3,0,1,1,3,18,2,5,4,7,1,3,2,1,3,9,2,2,4,3,4,5,1,2,1,4,3,2,1,1,0,2,4,5,3,2,3,3,1,1,8,1,3,0,4,]
[5,3,3,1,1,1,2,1,2,3,2,5,4,6,3,1,3,6,1,1,3,13,2,6,2,0,1,7,5,2,5,2,2,3,6,3,3,3,2,4,5,1,0,1,3,4,6,1,0,3,3,2,0,3,3,5,0,0,7,13,2,1,6,1,]
[2,1,2,4,2,2,2,2,2,1,0,2,2,1,1,4,5,0,7,3,2,0,0,1,4,1,8,5,0,1,8,1,9,8,3,0,0,1,2,3,2,3,0,2,6,1,1,2,0,1,9,5,5,1,2,5,0,2,4,5,11,5,1,4,]
[5,4,2,4,2,7,3,0,7,0,1,1,4,11,5,6,3,4,7,5,6,8,1,2,7,1,0,3,2,3,4,0,1,2,0,3,1,3,1,4,4,5,1,1,18,4,6,1,2,3,4,1,0,1,0,1,7,1,2,9,3,6,1,4,]
[8,6,6,3,11,1,1,3,2,6,5,3,1,5,11,1,1,3,2,6,3,1,3,1,6,2,2,5,11,5,3,4,6,5,2,9,9,2,2,4,8,10,0,8,7,6,7,0,5,26,7,7,5,8,1,4,3,0,4,1,8,3,7,0,]
[6,3,4,2,1,0,4,0,2,5,3,4,4,6,1,2,2,2,3,2,0,7,0,0,5,2,6,0,7,4,3,0,3,2,0,1,2,5,3,1,2,1,3,2,2,8,0,3,4,4,1,4,7,0,1,11,3,1,3,4,4,0,3,2,]
[2,2,3,1,2,4,4,3,4,6,6,8,8,2,1,0,0,2,4,0,6,4,3,2,3,6,11,4,2,1,4,3,8,8,1,1,1,2,14,6,4,2,1,0,3,4,2,1,0,2,3,2,2,5,8,6,8,5,8,7,3,3,3,3,]
[2,6,0,12,7,2,5,3,2,3,5,7,3,3,3,0,7,0,1,2,1,2,4,0,1,1,2,1,0,4,1,3,8,1,3,5,4,1,5,5,0,7,8,8,9,2,5,3,0,5,3,5,5,0,6,0,0,3,2,10,3,1,4,2,]
[3,0,4,0,6,3,0,3,4,6,9,6,2,5,2,1,16,5,4,1,1,1,3,12,4,3,8,4,3,2,0,7,6,5,1,8,7,2,3,9,3,3,2,0,2,6,1,1,1,1,6,4,7,4,6,0,1,4,5,1,5,2,8,2,]
[1,5,0,8,4,10,9,3,6,5,4,10,2,2,1,8,11,1,1,2,2,3,3,3,3,0,2,2,0,5,3,0,4,1,7,7,1,1,4,4,2,1,8,5,0,0,7,2,1,1,4,5,2,0,7,4,5,2,14,5,4,0,2,7,]
[6,5,0,0,1,4,4,2,4,7,3,0,1,1,5,2,2,1,1,4,4,7,0,0,4,5,2,3,0,1,3,4,11,7,2,1,1,2,6,2,5,0,5,5,4,4,6,1,9,2,3,1,2,3,0,8,4,7,5,3,0,0,4,5,]
[7,3,7,1,9,7,6,0,4,9,12,11,3,7,0,1,8,3,1,6,8,3,2,1,11,1,1,8,4,1,1,1,5,9,0,11,11,7,1,14,0,1,5,1,1,4,1,3,1,1,3,2,4,5,1,3,2,3,1,4,11,6,1,3,]
[2,3,4,5,0,4,3,0,0,10,9,3,4,1,1,1,2,1,6,3,5,6,4,0,7,2,5,6,1,0,1,2,2,2,2,3,0,2,1,12,4,6,7,9,1,1,1,3,5,5,3,5,6,0,2,1,5,6,5,1,1,1,8,0,]
[0,0,9,1,5,2,8,2,5,12,5,8,1,1,10,1,5,0,5,1,1,8,2,8,0,5,2,1,17,2,0,5,1,2,2,3,4,2,6,1,7,0,5,7,3,6,4,7,5,1,3,0,2,8,1,1,3,1,6,3,2,3,1,11,]
[17,5,39,1,44,9,10,16,1,17,45,2,13,34,20,46,0,16,6,39,5,19,12,31,33,13,15,2,32,3,49,26,61,12,21,8,23,1,11,5,10,9,19,20,21,5,53,51,24,30,2,2,39,14,5,61,4,40,5,11,16,103,4,39,]
[3,6,2,2,22,2,3,3,4,4,11,6,1,8,6,1,3,4,2,4,4,2,4,0,3,8,0,2,4,16,2,1,3,4,3,8,23,0,2,0,4,3,10,0,7,1,5,7,7,2,1,7,1,3,4,4,5,9,3,2,3,4,1,7,]
[0,2,4,6,4,3,0,3,1,5,2,6,6,5,9,2,2,1,1,0,2,1,0,4,0,1,2,0,3,4,1,2,3,2,4,1,7,4,1,2,2,2,1,3,2,1,5,1,1,2,0,2,3,1,6,1,2,3,0,0,1,0,6,2,]
[11,9,31,12,22,3,39,31,53,19,12,22,12,22,16,7,64,45,35,43,13,13,12,14,12,23,5,32,2,15,35,16,26,10,19,9,12,23,37,16,17,35,2,19,10,36,34,5,16,19,54,5,40,48,5,9,23,54,3,26,11,16,15,27,]
[12,26,13,6,5,11,79,7,13,22,72,7,38,30,30,10,36,35,17,20,58,61,17,20,26,9,25,39,43,19,34,10,35,8,23,27,19,28,8,7,8,60,14,9,13,29,58,6,10,11,97,19,12,19,35,9,27,9,22,7,16,1,38,34,]
[11,4,29,65,22,18,5,7,2,4,15,17,24,25,32,34,31,34,16,38,15,9,2,35,5,10,40,0,16,3,36,16,48,28,29,8,29,40,6,3,27,22,8,61,13,14,16,12,17,58,42,8,7,29,4,8,12,27,24,42,23,71,16,14,]
[40,4,17,2,15,6,6,18,14,2,24,24,43,25,30,13,54,28,45,46,9,53,5,2,4,29,8,1,50,12,6,16,43,7,44,2,17,13,44,36,8,29,16,8,24,28,17,26,20,27,65,2,17,6,2,48,32,6,7,25,10,22,71,39,]
[4,4,1,6,4,9,1,6,1,9,3,0,1,2,9,1,1,2,11,4,0,2,1,1,6,5,2,3,1,0,8,1,7,6,2,5,5,0,1,3,6,4,1,0,8,13,4,5,5,1,7,7,4,1,3,3,0,4,0,3,1,1,2,2,]
[7,2,1,8,5,6,5,8,3,1,3,0,1,1,0,7,1,4,4,7,2,4,1,2,7,5,6,0,3,1,4,0,7,6,5,0,4,5,1,4,8,4,2,5,1,2,8,6,7,1,0,6,3,7,2,6,14,8,2,6,7,7,4,1,]
[1,1,0,4,6,2,1,7,1,4,2,2,13,2,1,4,1,3,0,2,3,5,1,3,10,8,0,2,1,1,7,4,5,0,4,0,9,4,1,6,10,3,4,4,6,4,5,4,7,5,14,3,7,6,7,6,1,1,4,4,4,4,2,1,]
[0,6,1,6,3,3,3,2,0,2,4,6,5,0,2,3,1,3,1,0,1,2,6,4,1,4,8,0,7,2,10,3,3,0,2,1,5,7,8,7,8,0,0,4,6,4,3,3,6,4,1,5,1,5,4,0,3,5,3,3,0,2,5,1,]
[9,6,1,3,8,2,0,7,6,8,4,6,0,3,3,10,6,1,0,1,2,2,4,1,7,3,2,9,6,1,1,6,3,8,2,2,3,0,6,1,6,3,4,0,6,12,5,0,3,7,3,4,4,0,5,2,2,2,2,1,2,2,2,1,]
[0,2,20,5,3,7,3,2,3,8,5,1,4,5,1,5,5,4,4,1,1,4,3,5,3,0,4,0,2,2,1,11,2,6,1,5,0,1,3,4,0,6,11,1,2,1,1,1,1,4,2,2,4,1,3,0,3,4,0,3,2,2,3,3,]
[4,8,5,2,5,4,5,2,1,5,6,0,2,5,3,3,4,0,0,0,3,9,2,3,2,3,3,3,4,0,6,1,2,1,0,11,3,2,2,3,4,4,0,3,0,5,7,1,3,2,3,2,1,2,9,3,3,3,2,1,1,1,4,0,]
[5,0,3,7,5,2,2,2,6,3,8,2,2,1,7,5,4,3,6,2,3,4,2,0,2,1,2,2,2,2,1,3,0,1,6,7,4,2,2,6,4,4,3,3,1,3,1,2,2,2,6,7,4,7,10,0,3,2,2,0,2,1,1,3,]
[2,7,6,2,2,2,3,2,2,3,3,5,10,4,8,2,1,0,2,2,3,5,6,3,1,4,1,0,5,0,1,3,2,8,8,2,3,1,2,4,5,12,0,3,7,2,4,5,1,4,3,1,1,3,0,3,6,5,2,3,0,2,1,2,]
[4,4,7,3,4,1,5,8,18,2,13,2,1,0,1,1,4,1,5,3,1,5,1,2,2,3,2,2,4,4,4,3,0,1,1,2,3,1,4,5,10,4,0,3,3,5,4,2,5,0,9,4,3,4,5,3,0,4,1,1,3,1,0,1,]
[5,3,3,2,1,2,0,1,5,7,1,5,5,6,4,7,1,6,8,6,0,3,5,6,2,2,0,7,4,3,14,1,3,4,1,2,3,1,3,0,4,2,1,1,5,6,0,0,1,6,6,2,0,1,0,2,4,1,1,3,3,3,5,4,]
[0,6,2,4,1,8,1,1,0,3,3,1,12,2,11,1,1,5,1,1,0,0,0,12,1,8,3,2,3,5,6,2,2,3,5,2,3,1,5,3,3,2,3,3,2,5,2,1,3,3,7,5,9,4,4,3,3,5,2,2,7,1,5,1,]
[7,3,8,7,3,7,2,2,2,0,7,2,2,1,10,0,6,0,1,3,9,1,6,3,2,2,2,1,3,2,1,0,4,3,1,3,4,9,1,1,5,1,4,0,1,1,1,18,4,2,4,14,4,3,2,2,2,8,14,10,2,3,0,2,]
[9,0,6,3,2,2,3,4,5,1,2,1,5,0,0,3,1,3,5,2,5,0,0,5,1,12,6,0,6,3,3,1,0,4,11,1,2,7,6,1,4,0,2,0,10,9,6,6,1,2,0,2,0,0,11,3,0,4,2,11,3,1,8,0,]
[3,3,1,0,2,1,3,1,12,2,2,3,5,3,5,1,4,1,3,4,2,0,4,1,4,5,0,2,2,0,5,2,3,4,3,4,5,4,4,2,4,2,4,5,1,4,3,2,4,7,2,2,10,0,0,9,13,9,3,0,0,3,0,6,]
[25,52,59,36,9,27,27,28,2,49,22,45,34,4,8,30,2,8,39,4,46,14,14,41,21,3,32,28,32,10,18,10,40,6,14,27,13,24,17,6,22,23,20,74,10,24,40,15,6,14,20,16,23,62,39,33,10,15,102,6,32,72,28,58,]
[1,2,1,3,7,9,4,1,6,6,10,3,5,2,3,16,3,0,6,1,0,0,3,4,5,1,6,4,0,0,1,0,2,6,2,8,2,8,6,3,2,1,2,3,4,1,13,2,6,6,3,11,1,2,9,10,1,16,5,3,14,7,0,9,]
[2,4,5,5,2,5,2,1,7,0,4,1,1,2,3,2,1,1,2,1,8,0,4,1,3,2,4,6,1,1,10,1,5,6,0,1,0,1,0,0,0,0,4,0,0,1,2,1,2,0,3,0,1,2,1,1,0,3,2,4,3,3,1,3,]
[11,12,36,45,15,56,6,17,13,35,18,38,13,14,29,53,13,12,38,37,8,31,20,61,11,5,11,33,3,7,20,51,43,40,67,1,2,7,33,15,28,34,39,53,3,16,29,3,7,31,45,29,56,4,28,43,45,10,41,30,6,8,42,29,]
[51,9,14,57,10,13,6,46,5,13,9,26,0,29,8,32,6,7,17,46,85,35,9,11,0,20,3,6,14,27,18,22,18,16,34,40,10,7,13,15,12,18,8,23,15,8,6,20,21,39,14,23,18,22,23,28,25,14,13,7,26,17,85,33,]
[28,7,55,13,8,14,7,5,49,39,59,10,14,23,15,21,5,22,35,4,15,12,13,28,15,13,40,1,18,36,53,5,0,41,37,1,14,12,25,30,14,117,34,27,4,24,36,24,23,4,10,28,27,37,15,13,6,0,4,16,16,13,2,9,]
[18,21,7,44,23,13,24,35,15,13,25,19,32,14,23,11,35,72,15,55,31,20,32,34,10,38,16,15,12,4,8,12,35,29,36,43,2,34,35,57,10,33,9,21,22,4,11,14,25,1,35,44,15,24,22,16,49,12,10,33,26,18,25,25,]
[4,2,0,4,1,4,2,1,2,4,4,1,3,7,5,1,2,10,0,4,1,3,1,9,1,10,4,4,1,10,3,3,0,6,0,2,1,1,0,2,3,3,3,2,2,0,8,7,6,8,2,11,4,0,0,2,5,3,7,2,7,5,3,0,]
[5,4,2,8,1,0,10,5,3,4,2,3,8,7,1,5,4,2,1,9,8,10,0,4,0,1,4,7,5,11,2,8,2,5,5,8,5,20,3,3,5,3,3,0,3,0,8,1,10,15,1,3,3,8,1,2,4,9,8,3,8,5,0,4,]
[3,0,18,0,0,3,5,1,0,8,0,1,1,2,0,8,5,1,14,1,4,0,5,4,6,2,2,6,0,1,2,10,2,1,5,11,4,1,2,4,2,3,9,10,6,3,7,6,6,0,5,5,0,4,3,4,3,2,1,6,0,8,2,11,]
[4,2,1,4,5,2,5,4,3,2,5,4,3,0,5,10,1,3,0,2,5,0,4,3,1,5,3,6,7,8,3,4,2,5,5,3,1,0,3,1,4,4,11,0,2,1,0,2,4,2,8,1,3,3,1,0,8,2,0,1,3,2,11,1,]
[0,2,6,3,1,4,2,8,0,3,9,2,2,8,1,1,6,1,7,0,4,1,2,2,6,2,6,2,2,13,4,8,3,5,2,3,5,2,4,2,1,5,14,8,2,2,1,0,6,0,2,4,0,6,1,6,6,2,4,2,1,1,2,5,]
[2,0,9,1,2,2,1,4,4,4,2,5,1,1,1,1,2,1,1,1,2,2,1,0,5,3,2,5,3,4,0,4,4,5,1,0,1,3,1,10,12,8,6,1,5,2,3,1,6,4,1,12,4,3,1,4,5,3,0,1,3,9,3,2,]
[0,0,1,9,6,7,2,4,3,1,2,7,0,0,4,3,1,3,1,1,6,2,2,3,3,1,3,0,2,2,0,7,1,2,4,7,9,2,3,2,0,2,1,5,1,4,3,1,4,0,1,9,6,0,0,2,6,7,1,6,1,0,1,2,]
[0,1,11,2,3,4,2,3,3,1,1,5,5,0,2,3,2,3,5,3,1,3,1,3,1,1,7,2,1,2,4,1,4,2,3,3,3,4,3,2,5,8,3,5,3,6,5,4,1,3,7,4,2,3,4,1,5,3,0,3,1,3,4,2,]
[7,8,15,1,0,9,0,13,8,5,0,5,2,4,1,3,1,4,4,4,1,1,5,3,9,1,4,0,0,6,3,4,6,1,1,0,5,2,0,0,2,0,4,1,7,4,4,8,6,2,1,3,2,0,3,2,4,5,3,3,1,1,2,2,]
[0,4,2,1,14,10,4,0,8,1,4,3,2,5,6,3,3,10,0,2,2,5,3,10,1,0,0,9,1,0,2,4,4,2,1,4,2,1,2,0,9,10,1,4,1,4,4,1,14,1,4,7,0,8,6,10,1,7,1,2,0,4,3,2,]
[0,2,3,4,8,2,4,3,13,4,3,1,1,1,0,3,4,5,2,2,5,4,5,1,2,5,5,4,1,0,5,6,7,1,9,4,5,3,0,6,4,1,5,0,4,0,4,3,8,7,16,6,0,2,4,9,4,8,3,4,5,13,6,0,]
[7,3,2,12,10,3,3,3,6,13,3,2,3,2,0,3,3,4,2,0,4,5,7,3,1,3,1,1,1,0,6,0,0,1,2,3,6,3,10,0,8,1,4,3,4,5,7,1,4,3,1,2,7,0,4,5,5,3,2,1,8,2,1,1,]
[11,3,2,4,0,10,1,2,2,2,6,3,3,7,2,0,0,7,5,2,3,3,1,5,3,1,3,3,3,9,1,4,2,3,9,4,3,3,4,0,3,4,7,4,7,2,0,1,4,1,4,10,1,2,9,5,10,1,0,6,0,2,5,2,]
[3,3,0,1,7,5,7,6,4,2,2,5,1,7,2,3,3,1,0,6,13,3,1,3,6,12,0,2,6,1,2,0,2,1,6,1,4,6,2,0,2,2,2,2,4,6,2,1,9,4,4,1,2,1,4,8,12,0,1,3,4,2,9,2,]
[4,3,5,0,4,0,4,5,2,1,0,3,7,1,4,0,3,1,1,4,4,8,2,4,10,6,0,1,0,1,1,0,8,5,4,1,9,1,5,13,9,1,0,3,1,2,3,3,3,1,2,4,0,2,2,1,3,4,3,1,3,3,3,2,]
[37,13,33,29,16,42,72,18,17,6,48,27,23,12,35,19,5,18,17,16,37,30,109,9,46,50,10,27,12,16,28,81,54,51,40,28,31,0,26,13,36,18,17,23,10,1,10,4,6,18,30,91,2,25,33,84,22,33,36,3,29,32,0,5,]
[12,7,3,2,8,3,0,4,9,4,8,4,1,8,2,11,2,9,2,2,4,0,3,0,2,1,8,1,1,4,6,3,8,3,4,19,6,10,6,2,5,0,8,2,1,1,7,1,1,3,3,7,1,3,2,1,6,4,1,9,1,0,9,6,]
[9,11,1,1,5,8,1,4,1,2,10,4,1,3,1,2,2,6,2,1,0,4,1,4,0,1,3,2,3,2,4,6,5,4,0,2,2,0,0,1,2,2,0,1,2,3,3,6,6,4,3,4,17,2,1,6,1,5,3,0,7,1,4,0,]
[12,18,6,19,11,19,17,33,9,24,26,31,52,3,26,28,15,6,3,28,30,19,24,12,14,67,20,27,14,23,36,20,1,4,11,112,50,26,20,14,26,11,17,37,11,45,15,3,2,26,27,32,11,48,27,18,27,37,17,10,41,54,16,15,]
[5,4,24,27,12,21,17,10,8,13,47,16,6,16,7,48,18,15,14,18,8,16,63,10,27,14,18,10,3,9,17,14,19,13,5,37,7,15,39,9,30,0,6,11,5,17,15,24,19,29,55,11,15,8,19,44,4,2,17,23,10,28,22,13,]
[7,60,27,35,12,21,15,22,14,17,7,40,29,25,57,35,2,14,22,17,6,15,13,55,14,27,21,41,32,81,35,21,55,33,30,7,1,14,23,52,39,46,5,1,18,14,29,45,23,12,11,13,25,6,1,24,11,23,9,10,7,18,27,21,]
[31,13,21,5,36,3,18,10,6,41,14,13,15,15,21,11,47,5,1,31,53,6,18,63,6,47,1,13,8,41,22,12,27,8,9,22,13,18,24,32,14,18,8,23,51,3,32,23,9,31,79,2,16,32,3,10,26,13,44,8,50,26,7,44,]
[2,1,5,0,4,6,2,4,3,0,2,0,5,2,4,2,4,6,5,3,0,5,5,3,6,2,4,3,6,3,4,1,2,1,0,2,7,3,5,1,4,1,2,7,2,0,6,2,8,5,5,3,2,6,6,4,2,2,4,0,5,5,9,9,]
[1,1,1,9,0,1,8,2,10,3,1,3,2,10,2,3,2,2,4,2,3,1,1,1,0,12,3,1,6,3,1,5,2,3,7,0,10,14,4,3,5,3,2,5,1,11,8,9,3,5,1,0,6,13,8,10,10,7,0,2,8,9,2,3,]
[5,3,0,2,3,2,0,4,5,1,5,3,8,1,3,0,6,5,3,4,6,9,8,7,1,6,9,3,12,1,1,3,1,0,1,2,5,2,0,1,10,3,1,13,18,2,3,3,5,4,2,9,0,2,10,0,3,4,0,2,4,3,2,1,]
[6,3,7,0,3,1,1,1,1,5,3,3,7,3,10,7,6,3,3,3,2,1,3,3,3,1,8,8,4,2,0,7,1,9,1,5,5,1,5,4,7,0,1,2,6,2,3,7,8,5,2,2,4,6,0,1,3,6,1,4,0,4,0,5,]
[4,8,3,1,3,2,1,8,2,8,3,5,3,2,2,7,0,2,8,2,2,0,3,0,5,3,5,5,1,2,2,5,0,5,16,5,0,0,1,11,1,4,5,5,1,0,4,4,2,2,2,1,0,4,3,4,2,2,3,1,7,1,10,7,]
[1,0,3,4,8,3,2,0,2,3,0,10,6,4,2,5,1,5,7,6,3,6,1,5,4,2,1,11,4,4,1,2,2,1,1,4,4,3,7,3,0,6,0,5,4,1,0,5,2,0,12,4,3,5,12,9,5,3,5,2,1,2,5,4,]
[3,5,3,1,3,5,0,5,3,6,8,5,0,0,0,5,3,6,4,0,10,1,5,0,7,4,3,4,11,4,3,0,1,3,0,1,8,1,4,1,2,2,13,0,2,4,3,2,8,8,2,0,1,4,12,7,11,5,5,6,0,1,1,0,]
[2,1,2,4,3,3,0,3,2,5,4,8,2,9,3,1,5,3,3,4,2,2,4,3,1,5,1,6,7,8,1,3,4,3,1,5,1,5,8,2,1,4,3,5,4,6,2,4,3,2,5,2,7,1,4,3,2,4,4,2,4,2,11,0,]
[3,6,4,1,4,0,11,1,0,8,1,1,0,5,3,1,3,1,3,8,3,1,4,11,4,4,7,10,7,5,1,6,5,6,3,3,3,3,6,7,4,2,1,3,2,3,5,12,0,4,3,4,7,4,2,1,4,0,4,10,11,3,6,3,]
[3,4,2,3,8,1,2,2,1,0,4,7,1,0,0,1,9,3,6,3,7,3,1,0,4,1,11,1,0,4,0,7,0,3,0,1,6,0,2,8,3,1,7,17,2,9,7,4,1,1,0,2,1,9,3,0,2,2,2,5,3,7,2,2,]
[1,2,4,2,1,1,3,5,2,0,1,2,3,1,3,6,16,3,2,4,1,1,3,3,0,3,3,7,2,5,1,1,5,5,0,0,5,2,4,0,0,7,2,3,1,3,1,0,3,3,8,1,4,0,5,4,3,4,10,3,1,0,7,3,]
[0,4,2,2,2,3,0,9,5,2,1,0,3,1,0,6,9,7,0,5,3,1,1,6,4,4,3,1,4,0,0,3,6,1,0,2,4,10,1,3,5,0,7,0,1,1,1,2,0,2,1,5,2,6,0,9,0,3,3,6,1,0,1,1,]
[0,1,2,4,5,7,2,6,3,6,9,4,7,1,6,0,4,6,5,8,2,2,9,5,3,6,2,0,3,6,2,16,1,1,4,3,19,1,9,1,2,2,1,0,5,6,1,2,2,18,2,1,4,1,6,4,3,5,4,9,0,6,1,12,]
[6,2,2,8,6,2,2,5,3,6,5,2,2,8,3,1,5,4,2,15,5,4,3,1,6,2,4,1,1,1,2,5,5,7,4,7,11,7,1,0,1,2,3,1,3,1,8,8,1,9,4,4,5,4,0,7,5,3,0,1,6,2,2,3,]
[4,1,12,2,1,8,20,3,3,3,9,2,2,1,1,5,4,8,1,7,0,3,2,7,0,5,7,1,5,6,4,3,2,6,0,3,2,2,7,3,0,1,5,6,1,1,5,2,3,7,5,1,1,5,1,2,0,2,2,3,7,2,0,9,]
[29,11,15,17,23,19,32,37,20,1,19,14,6,7,44,39,27,32,43,53,21,43,13,24,44,45,13,40,18,5,46,23,45,13,27,22,7,41,54,38,2,37,11,15,111,57,44,42,12,5,57,42,24,6,24,12,24,24,29,9,18,50,9,8,]
[9,5,1,3,6,6,14,4,3,2,0,11,11,7,1,1,14,6,1,3,7,3,1,1,6,6,11,2,10,3,4,6,6,13,10,6,8,8,1,11,9,0,6,4,4,9,2,11,5,1,5,0,5,0,7,4,12,1,3,11,4,5,7,3,]
[1,6,1,1,3,2,0,4,0,6,1,3,0,2,6,7,2,2,0,4,2,0,1,5,2,5,4,1,3,3,5,3,13,2,0,0,6,4,2,1,5,2,4,1,2,2,0,5,4,2,0,2,4,2,4,1,1,1,0,0,0,1,4,3,]
[41,7,48,16,100,29,32,18,8,8,15,26,36,5,6,7,5,4,18,12,14,21,8,38,51,13,26,41,12,17,7,20,28,28,29,15,45,16,7,43,3,58,27,15,23,5,61,12,4,17,23,27,20,1,6,4,8,13,37,13,11,13,6,15,]
[43,58,11,13,16,38,8,26,19,46,13,3,13,27,14,36,24,6,41,7,69,21,26,21,5,8,28,22,11,43,10,9,23,23,53,120,66,32,5,26,46,13,17,9,44,3,16,14,2,5,6,26,14,75,15,11,29,19,45,64,22,39,30,26,]
[53,20,21,9,17,25,19,60,14,8,44,25,41,15,2,46,73,29,19,1,20,26,34,72,11,13,26,19,23,63,33,12,19,46,23,25,9,6,33,1,10,18,25,27,26,12,10,27,30,11,47,30,5,25,16,37,4,51,15,24,36,9,21,16,]
[52,25,49,63,47,17,40,24,3,9,15,5,13,7,33,10,9,54,27,43,31,1,49,17,17,34,119,13,29,22,9,14,5,9,48,36,15,43,7,20,6,8,12,59,17,38,8,25,28,19,28,17,12,15,78,49,7,52,24,53,8,32,33,12,]
[1,1,1,2,1,9,8,4,2,5,1,1,1,1,1,8,0,6,6,0,1,4,0,8,0,0,0,2,4,3,2,5,3,6,1,15,6,7,6,11,0,0,6,2,3,6,3,2,0,1,3,3,1,4,2,5,1,2,1,0,12,4,2,9,]
[1,2,8,9,3,0,3,1,4,0,0,1,6,2,4,6,5,2,5,0,1,3,6,2,3,10,7,5,1,2,1,0,0,3,0,3,0,2,7,3,1,3,0,2,1,1,8,7,6,5,9,3,5,4,0,0,2,0,1,2,6,5,3,9,]
[2,1,3,3,2,3,3,4,4,6,0,2,3,4,3,3,2,0,5,1,5,4,4,4,3,0,3,3,3,4,0,8,3,0,0,1,7,2,3,3,7,3,13,3,2,4,3,9,2,0,0,1,1,9,4,6,1,15,3,8,1,1,3,5,]
[5,4,4,1,3,5,0,3,8,5,1,2,1,1,2,4,2,4,3,0,0,1,6,6,3,1,0,0,5,8,1,3,1,5,3,5,4,0,8,3,11,3,2,2,0,0,1,0,7,1,0,1,1,4,2,4,1,2,3,6,5,3,6,0,]
[1,13,5,5,5,1,1,4,1,5,14,5,5,4,1,12,5,7,1,0,13,2,0,0,2,1,6,1,11,5,9,1,6,4,1,1,2,6,1,3,2,2,1,16,3,2,0,11,10,2,1,7,2,0,3,3,2,2,6,3,1,1,4,5,]
[4,6,2,2,0,2,5,13,1,1,6,9,5,4,5,2,6,13,2,2,1,1,4,0,3,6,5,4,1,1,8,4,2,1,2,4,4,2,3,3,4,4,4,4,3,3,0,2,17,0,1,2,1,3,2,3,6,2,3,7,3,11,21,1,]
[8,6,2,4,6,14,4,5,4,6,1,0,7,5,6,6,0,3,7,3,1,3,0,4,3,3,11,1,4,7,2,0,0,4,3,2,7,2,6,1,5,6,1,1,3,2,4,0,0,5,1,4,3,4,1,1,0,3,2,8,2,6,0,3,]
[2,0,1,3,2,5,8,2,2,0,1,4,0,3,1,2,0,13,11,1,6,1,3,3,1,11,2,0,0,5,4,3,0,1,0,2,4,4,2,4,1,2,0,2,2,0,6,10,2,1,0,1,3,0,0,3,5,3,0,4,0,4,2,7,]
[0,1,4,4,1,10,0,1,7,6,8,6,0,3,1,0,10,2,3,1,1,1,2,4,4,2,2,5,4,2,15,6,0,1,1,3,4,1,2,0,2,2,13,1,3,8,4,0,1,11,3,5,3,2,5,9,4,2,1,1,2,3,1,8,]
[1,9,2,3,5,2,5,7,0,7,5,0,0,0,3,5,5,0,5,2,6,3,7,1,1,4,1,2,4,0,5,3,4,2,0,3,0,3,2,0,1,6,7,3,2,8,9,3,2,2,0,1,3,3,0,1,3,1,0,5,7,1,2,8,]
[1,9,3,1,1,2,5,1,2,1,1,3,6,3,3,2,7,4,4,2,2,1,3,1,4,2,2,4,6,8,1,2,0,3,0,4,1,2,0,6,3,1,4,1,3,2,1,12,3,0,1,1,5,3,3,1,3,9,1,11,4,1,7,4,]
[3,0,1,2,1,1,2,2,2,5,4,2,8,5,4,1,1,0,2,3,3,3,6,3,1,3,7,0,5,1,1,3,1,4,1,2,0,1,6,6,1,7,2,0,7,4,6,1,3,8,1,7,1,7,13,2,1,1,3,9,1,4,0,4,]
[1,0,2,3,3,6,3,1,2,4,9,3,1,1,6,3,7,0,5,2,1,2,6,1,3,1,7,1,4,3,7,3,0,2,1,0,6,0,3,4,2,6,2,8,9,4,14,10,8,4,11,0,8,3,2,2,1,12,0,3,2,5,1,2,]
[2,7,4,1,2,5,3,6,4,1,0,0,1,5,1,1,0,1,1,3,4,7,2,7,0,5,5,0,3,2,5,9,8,4,5,1,3,1,3,1,10,2,3,6,1,0,4,3,1,3,2,1,0,1,2,3,0,2,2,6,4,7,1,7,]
[3,6,1,2,3,5,5,2,2,3,1,2,3,1,2,8,1,6,3,3,9,1,5,7,1,4,0,3,2,2,4,0,1,1,0,1,2,4,1,8,3,1,1,1,4,1,5,4,5,4,7,0,5,5,1,4,2,6,4,2,1,1,3,2,]
[37,8,35,15,22,13,35,16,16,18,36,46,5,13,12,4,15,16,16,17,46,20,29,55,14,16,38,21,22,30,5,7,169,17,19,45,32,24,19,5,13,28,23,10,39,5,14,8,2,23,22,37,4,21,17,16,14,45,26,41,25,58,25,6,]
[5,6,4,3,2,1,8,6,1,4,7,1,5,1,12,9,3,3,4,4,2,8,15,3,4,3,7,13,8,6,0,0,4,2,3,5,6,8,0,7,5,6,0,6,2,6,3,3,0,11,3,7,2,10,0,0,1,2,10,3,2,9,4,1,]
[1,5,4,0,4,2,3,1,0,0,4,0,3,4,4,5,1,0,3,4,0,1,2,0,1,2,0,1,1,4,0,1,7,7,0,2,4,3,2,1,3,2,1,6,4,0,5,5,2,1,0,2,2,1,1,5,0,0,2,1,1,0,3,2,]
[18,18,22,14,0,34,18,10,14,12,16,8,53,7,103,25,19,39,13,7,1,27,56,42,3,26,9,32,30,23,38,11,66,19,36,14,1,13,12,37,1,42,8,2,3,56,15,22,15,52,20,20,16,27,40,7,16,6,7,55,43,17,10,20,]
[8,15,16,9,24,6,4,40,50,24,10,6,42,45,51,6,19,48,18,14,43,3,9,50,24,22,14,38,35,33,11,30,1,43,83,36,25,26,22,59,38,49,43,39,22,26,37,18,4,17,10,11,51,26,16,54,24,27,31,43,15,42,10,61,]
[31,8,14,20,10,106,14,28,25,36,7,9,17,33,20,17,16,11,46,7,17,4,18,10,7,16,31,10,29,43,59,24,37,13,11,24,23,25,6,12,9,62,50,43,25,18,26,8,4,26,14,21,11,32,37,56,25,11,21,28,35,9,3,2,]
[18,34,63,3,92,44,42,17,5,35,11,46,30,4,14,16,49,7,0,14,29,4,29,22,27,20,6,6,8,72,19,32,9,13,40,41,21,21,37,9,17,4,9,26,98,4,1,41,50,24,22,71,5,91,23,11,47,17,23,18,9,45,18,8,]
[2,3,7,0,10,1,1,2,2,11,3,2,3,1,6,3,2,3,4,7,6,2,10,1,1,3,7,13,3,0,6,1,9,7,4,6,1,6,8,1,9,0,6,0,4,3,4,1,0,6,0,1,5,3,2,11,0,4,1,2,3,1,0,7,]
[4,3,4,8,1,1,9,0,3,4,4,0,6,14,3,3,5,2,6,3,2,6,2,1,6,4,0,4,6,2,2,7,2,12,2,2,0,7,10,3,2,3,3,5,1,2,7,2,4,9,9,8,9,0,2,2,4,2,2,1,3,0,5,10,]
[1,4,2,2,3,1,13,8,1,1,3,3,2,1,5,8,5,5,5,0,0,3,2,3,2,7,3,1,6,5,6,4,9,5,0,1,2,1,6,1,2,11,3,7,2,10,3,1,0,4,2,0,3,3,7,1,0,6,4,2,4,3,5,4,]
[0,4,3,1,3,8,1,6,0,14,1,2,3,7,2,1,1,2,0,1,0,5,1,1,6,6,2,4,2,5,6,1,5,0,0,11,5,2,4,1,0,8,2,2,5,2,3,5,7,1,1,3,2,3,4,1,3,5,0,4,3,7,0,2,]
[4,20,6,5,2,3,7,10,4,8,2,5,5,5,0,2,4,5,1,2,3,0,3,4,6,2,2,2,3,2,2,0,1,2,2,2,1,6,1,2,3,1,9,1,1,3,1,0,4,2,8,1,2,4,1,0,3,4,2,2,1,3,11,5,]
[4,1,0,3,5,0,2,5,3,7,11,8,6,3,8,16,2,1,7,3,5,2,4,0,0,2,3,1,2,5,0,5,2,3,5,2,3,3,1,1,2,2,1,2,0,6,1,4,1,11,8,2,8,0,3,2,5,12,4,1,2,1,1,0,]
[2,4,6,1,9,4,0,11,0,2,3,2,4,1,0,7,5,1,9,3,0,0,4,1,3,6,7,8,2,4,0,1,1,14,3,3,4,0,0,1,0,2,1,3,3,1,2,1,9,3,3,8,0,1,1,2,7,4,3,2,9,1,2,15,]
[5,1,2,4,7,4,5,2,3,10,7,1,1,3,1,1,0,0,3,1,10,3,3,5,5,1,6,5,3,3,6,1,1,2,11,3,10,4,1,6,10,2,1,4,5,1,2,5,0,4,1,12,1,0,8,2,1,1,1,2,0,14,1,3,]
[0,2,4,11,2,4,2,9,9,5,1,2,9,5,11,3,1,2,4,2,1,10,1,3,10,3,4,1,10,8,2,5,3,1,0,1,7,3,4,4,14,5,4,4,1,8,3,2,4,1,3,3,2,4,1,5,0,5,4,4,6,4,0,4,]
[2,6,5,2,2,0,1,5,6,3,6,6,4,3,1,2,1,1,0,7,2,7,2,1,3,3,2,6,11,0,1,8,4,5,3,2,4,1,3,1,0,6,9,6,4,1,0,3,1,5,7,0,0,5,2,4,1,1,2,3,0,0,3,1,]
[2,6,5,3,4,5,1,0,0,1,5,1,11,3,6,4,3,7,0,2,2,2,2,5,0,1,1,6,7,2,0,3,1,0,2,5,1,0,1,0,2,1,1,6,1,4,3,1,3,0,2,0,0,2,3,5,6,2,5,3,3,4,5,3,]
[4,0,2,4,1,7,3,0,7,3,1,6,5,4,5,2,6,3,1,6,10,1,3,9,4,2,4,6,0,2,5,5,1,6,3,1,4,2,0,13,5,8,1,1,3,3,3,0,9,4,6,7,4,4,8,0,7,7,8,1,2,4,2,2,]
[0,0,3,1,4,3,3,0,5,1,2,4,4,6,3,9,10,1,5,3,0,7,4,3,2,4,1,3,14,3,10,1,4,0,4,7,1,4,5,4,5,2,1,6,4,1,5,0,1,2,1,1,4,3,8,7,9,5,7,5,6,3,2,4,]
[12,5,2,1,12,1,0,0,2,1,3,7,7,0,4,8,4,13,2,2,1,1,2,3,0,6,6,5,2,5,2,0,1,4,4,0,7,4,2,9,4,5,0,0,3,6,5,0,2,1,7,9,0,7,0,2,4,2,4,0,3,7,8,2,]
[2,7,2,16,3,3,0,5,2,1,3,1,1,7,5,7,1,5,0,1,3,3,5,5,4,2,1,2,5,4,1,3,0,1,3,2,8,8,6,0,4,3,1,3,4,3,6,1,5,0,2,1,6,0,1,0,2,1,3,4,1,8,0,3,]
[4,19,9,21,10,4,55,12,20,33,17,12,24,15,32,22,5,19,57,3,30,9,10,59,22,23,21,16,59,29,74,15,45,14,16,8,26,12,49,24,21,10,38,16,24,29,52,25,98,53,16,8,24,28,43,37,34,39,12,16,55,9,15,22,]
[6,0,4,1,0,7,3,1,1,2,1,3,3,15,2,8,8,9,1,1,2,2,4,5,2,9,15,2,1,3,3,21,6,1,2,6,5,4,4,6,1,5,3,2,8,4,4,7,2,1,12,3,3,0,2,8,2,5,0,1,8,4,5,5,]
[5,0,5,0,0,2,5,1,4,4,2,0,3,2,0,0,2,2,8,3,0,6,2,1,6,1,3,6,1,1,1,2,4,1,2,1,0,2,3,5,4,6,0,5,0,3,3,3,1,1,4,3,1,2,0,3,2,2,8,2,0,1,1,1,]
[69,32,25,25,38,12,23,20,19,20,14,21,50,30,30,11,56,20,4,27,36,20,14,10,15,0,1,18,7,42,60,60,25,3,4,62,18,9,16,25,82,34,64,32,27,56,18,7,13,60,23,23,27,13,23,68,25,3,9,9,21,24,37,13,]
[5,8,6,10,24,13,35,22,35,46,24,19,20,6,5,13,0,3,28,10,29,3,3,8,23,30,50,40,8,51,42,50,31,17,7,9,89,8,21,7,40,65,35,17,29,44,21,18,46,12,9,6,36,24,4,2,9,21,3,17,25,41,33,17,]
[18,102,20,10,42,21,27,12,49,15,25,4,35,10,13,18,19,15,35,41,18,14,37,28,1,3,14,27,10,6,15,34,32,9,66,2,2,29,6,30,4,26,22,7,34,8,17,33,8,12,7,47,15,26,9,29,32,43,1,12,34,31,55,4,]
[4,5,39,13,5,1,26,43,56,52,13,1,1,26,24,8,50,17,10,28,15,19,17,8,26,21,38,15,6,38,27,98,17,22,18,30,35,19,8,5,30,3,55,4,31,28,34,2,58,48,14,11,21,17,29,44,38,21,17,10,12,53,11,7,]
[0,0,13,8,3,9,2,2,2,4,5,8,1,4,10,8,2,1,7,2,0,4,10,8,1,1,2,1,1,8,4,2,9,0,2,2,5,2,7,1,5,5,2,2,4,3,4,3,8,9,3,0,1,9,3,2,0,3,1,10,12,8,1,0,]
[1,2,7,2,4,7,1,3,12,5,0,4,4,3,3,0,1,6,2,0,8,2,2,6,1,1,3,3,2,1,5,1,3,1,7,1,2,1,6,5,7,2,2,7,5,11,5,6,3,3,4,1,0,1,4,1,3,7,8,0,2,1,0,3,]
[4,2,9,0,1,0,6,2,6,1,3,1,2,2,1,6,3,4,3,2,1,2,2,0,5,5,0,11,1,0,3,8,7,2,5,1,8,8,5,14,4,4,7,2,2,9,1,2,1,9,0,3,0,0,4,6,7,3,7,6,2,2,3,4,]
[0,7,1,7,0,1,3,8,3,3,6,3,2,0,5,11,5,4,4,8,5,4,9,3,5,4,0,3,1,2,9,1,2,3,2,4,0,1,13,4,8,2,0,0,3,5,3,1,9,8,2,6,4,2,2,1,6,1,7,1,3,1,2,0,]
[1,2,1,7,0,2,2,8,6,0,2,3,4,3,2,3,2,1,0,1,14,2,14,4,3,2,10,3,4,7,2,2,2,8,4,1,3,0,1,1,0,11,4,1,1,0,3,7,1,4,0,1,11,2,0,3,5,6,3,7,9,2,2,1,]
[5,3,1,1,3,2,4,7,7,3,3,4,1,2,2,4,1,1,10,8,5,3,7,4,3,7,6,1,3,2,0,4,1,3,1,2,6,5,0,1,3,1,4,8,7,2,6,1,2,11,5,3,2,4,0,6,3,3,5,16,2,6,5,2,]
[1,3,5,1,3,5,2,1,0,1,2,9,2,1,13,8,2,3,3,4,5,2,7,2,3,0,4,4,4,3,1,5,15,9,5,5,11,1,6,1,0,7,5,4,1,2,1,6,0,1,3,2,3,6,7,11,1,1,3,2,1,1,3,4,]
[3,0,0,1,3,7,1,2,0,1,9,3,2,1,6,8,3,5,5,2,3,9,1,8,1,3,4,1,0,3,6,1,0,6,6,1,2,1,1,2,3,5,1,3,1,0,0,2,2,0,2,4,4,4,0,12,0,2,4,4,2,7,5,1,]
[0,1,0,4,6,3,4,14,0,2,14,1,2,4,0,9,1,4,2,0,1,3,6,2,2,4,3,7,5,0,3,2,1,6,13,3,4,5,0,2,2,1,4,1,1,4,4,1,4,11,2,1,0,5,5,2,0,3,4,4,13,1,6,1,]
[6,6,1,4,1,6,10,6,2,0,6,5,6,4,13,1,1,2,0,3,0,3,1,7,2,2,3,1,14,1,2,2,0,2,4,4,2,5,0,13,3,5,0,7,0,1,0,1,3,3,5,4,6,1,0,2,5,6,3,0,0,1,1,4,]
[6,0,0,2,7,0,2,3,0,3,0,3,11,1,9,4,0,5,3,3,2,2,5,1,0,1,4,4,3,3,0,2,0,5,0,1,7,3,2,7,5,13,2,1,8,0,6,7,4,8,2,5,5,0,7,4,1,13,2,1,1,3,8,6,]
[0,2,0,1,1,5,3,3,0,1,3,1,6,0,9,0,7,16,9,0,1,0,5,6,6,2,5,3,2,4,11,2,7,3,4,1,10,1,0,3,4,3,6,1,0,0,5,1,2,6,6,0,0,1,9,4,2,7,2,0,10,1,1,4,]
[7,2,3,2,0,4,2,2,6,0,2,10,3,0,8,1,9,1,2,2,1,2,5,1,9,7,1,2,5,2,7,4,2,1,2,6,3,3,1,6,1,0,0,2,5,3,2,1,4,3,1,4,3,1,1,2,7,5,4,7,1,3,3,3,]
[0,2,2,6,5,1,4,1,5,6,4,2,5,1,4,1,2,0,3,18,7,18,1,10,1,5,4,3,6,0,7,2,1,4,4,8,1,3,1,2,11,1,1,3,1,5,1,3,16,6,4,9,3,4,1,2,6,2,2,11,5,3,0,2,]
[5,7,1,3,0,2,4,0,9,7,5,3,3,10,2,6,0,1,5,2,8,2,5,2,1,4,1,6,2,1,4,2,7,4,1,1,3,3,3,1,0,7,2,8,5,3,1,4,4,2,1,1,9,10,4,2,5,6,0,5,9,1,5,4,]
[12,85,10,4,87,23,25,38,49,30,40,10,23,30,24,9,34,17,54,40,30,18,40,7,34,37,3,21,9,30,20,65,9,30,14,45,3,7,21,42,11,7,44,39,56,22,15,80,20,47,10,4,31,13,14,34,26,39,43,7,43,41,21,24,]
[1,6,1,1,4,4,1,9,2,6,8,6,8,10,4,8,8,3,1,7,0,8,6,1,1,3,2,3,5,1,5,6,1,1,19,3,6,4,4,8,3,7,7,1,7,2,1,1,5,5,3,11,0,7,0,4,2,4,2,2,1,6,1,1,]
[2,4,2,6,3,1,3,4,0,2,2,2,0,0,1,4,0,2,7,1,2,5,1,1,1,2,7,2,0,1,1,4,2,1,0,1,2,4,0,4,2,3,1,3,6,2,1,2,1,5,0,0,1,1,9,2,5,0,0,3,3,3,2,0,]
[34,6,68,15,72,31,10,17,26,3,13,10,41,28,7,18,2,3,24,10,11,48,11,11,7,43,38,9,17,55,18,16,14,17,17,25,66,41,6,6,1,35,28,31,20,9,31,50,26,38,42,4,16,30,29,16,22,18,18,17,30,29,18,9,]
[51,22,53,17,45,55,20,13,17,15,3,17,21,51,30,8,9,11,4,18,25,2,17,20,32,8,84,29,13,11,36,22,9,59,26,3,13,20,22,65,6,13,91,3,10,61,4,86,20,30,30,63,1,16,21,38,17,23,35,41,45,8,18,17,]
[17,48,63,5,51,25,10,11,2,27,22,35,1,18,9,8,3,3,37,31,23,2,15,15,22,52,56,26,0,22,21,29,11,23,34,51,39,18,15,25,38,10,11,25,7,5,31,2,7,20,39,19,26,7,48,20,49,34,7,31,12,13,20,4,]
[49,31,48,41,21,17,12,29,61,41,24,20,17,24,1,36,29,2,26,9,14,18,10,21,23,5,49,19,18,6,11,32,12,14,49,11,15,19,6,6,22,8,70,14,16,6,17,12,20,7,51,67,35,48,12,22,36,21,28,19,27,11,11,63,]
[1,6,0,7,2,5,1,6,2,7,3,1,1,8,2,2,6,7,1,1,0,0,2,7,5,1,1,2,2,3,3,4,1,11,5,3,1,1,7,2,7,3,5,1,8,1,1,1,2,1,2,5,1,3,1,3,1,0,4,5,2,3,2,2,]
[1,8,2,4,1,0,6,2,2,0,1,4,0,2,2,0,6,4,6,8,4,4,4,7,2,5,9,9,2,3,1,1,2,2,1,8,2,2,10,2,2,0,8,4,1,21,1,3,3,3,2,5,5,5,8,1,3,5,2,1,7,4,1,5,]
[1,0,0,1,1,1,1,3,5,6,1,3,0,5,2,1,3,3,4,0,2,0,1,2,1,6,7,5,2,2,0,0,9,2,5,1,3,0,7,3,0,1,6,5,5,1,5,0,9,1,1,3,0,6,2,4,0,3,4,1,0,3,8,10,]
[1,1,1,5,5,7,4,3,6,11,2,4,11,8,2,2,2,0,4,6,2,0,4,0,2,3,1,4,3,4,2,2,1,3,0,2,1,3,2,1,1,6,2,8,2,2,3,2,4,6,3,9,4,4,6,4,8,3,0,12,7,9,2,5,]
[3,2,1,0,2,0,10,9,3,9,3,10,1,2,4,1,3,3,0,3,2,2,0,0,8,2,4,3,0,5,2,0,1,3,2,1,6,6,3,2,4,1,4,6,5,9,1,8,3,2,2,6,1,2,0,1,5,3,8,5,5,7,5,1,]
[4,2,6,0,11,0,6,9,1,5,2,2,4,8,1,1,0,4,4,2,7,6,6,1,2,1,4,5,7,6,0,10,5,2,1,2,3,3,3,1,2,3,1,1,5,4,3,7,7,7,3,6,0,1,1,1,10,5,4,2,4,4,8,11,]
[3,5,10,0,2,1,4,1,8,0,3,4,0,13,2,6,5,11,10,4,3,4,11,1,2,4,3,4,2,2,2,5,15,2,1,7,3,6,3,20,10,2,4,1,8,2,4,4,4,1,5,3,0,1,1,1,5,4,4,6,6,1,1,4,]
[1,5,1,7,0,6,3,2,5,6,4,6,1,10,9,3,3,3,2,6,4,3,3,2,1,4,3,3,2,3,1,6,3,0,1,5,0,0,0,7,1,0,3,0,2,2,8,1,2,2,0,2,1,6,1,1,0,1,0,2,5,0,1,2,]
[3,0,5,6,0,6,5,3,1,2,4,1,3,1,8,3,0,9,6,0,1,1,1,3,0,5,1,1,5,6,0,5,2,1,3,4,11,2,3,3,3,3,3,1,1,0,0,0,3,1,2,0,3,2,1,2,8,4,9,1,0,0,1,0,]
[4,13,4,5,9,6,3,2,1,2,2,0,3,2,4,1,3,2,3,6,11,1,7,0,3,3,3,3,3,1,8,5,6,4,0,4,8,0,26,2,7,1,3,0,1,2,5,1,1,0,0,14,2,1,0,5,3,4,2,4,1,2,1,8,]
[1,2,1,4,7,0,7,10,3,3,4,6,4,2,9,1,4,3,3,8,0,4,3,0,3,3,1,5,1,3,1,0,1,4,1,2,2,4,4,10,2,0,5,11,3,6,12,2,2,0,3,3,4,1,3,4,0,7,2,3,4,4,0,10,]
[1,4,1,3,2,1,3,2,2,3,8,5,1,1,15,1,7,4,1,3,2,7,1,5,5,3,5,2,0,1,3,6,6,9,1,0,4,3,3,7,0,4,5,5,2,6,0,3,2,3,7,1,1,1,6,5,7,4,0,6,2,1,2,4,]
[2,4,2,9,4,8,7,0,3,1,3,0,5,0,3,5,1,2,2,4,2,8,2,1,4,4,0,1,0,0,1,3,1,1,2,7,3,1,0,4,0,3,2,3,3,3,1,5,6,2,0,2,3,2,2,4,2,3,0,6,0,2,1,2,]
[8,2,5,4,3,2,0,5,2,1,2,2,5,1,1,4,6,9,2,1,0,3,5,1,2,4,1,4,6,10,3,1,17,5,2,3,0,3,9,2,6,0,2,1,7,7,2,1,7,2,0,0,2,2,1,1,1,6,5,2,7,2,0,12,]
[1,9,5,4,1,5,0,9,1,1,5,3,1,2,8,4,3,1,0,1,0,2,10,0,3,4,1,2,2,1,1,3,8,10,3,7,4,8,2,5,9,10,1,1,1,5,2,6,6,1,3,1,5,0,2,0,1,1,2,2,5,7,5,7,]
[40,38,5,38,107,20,8,16,52,27,44,87,46,73,19,16,12,43,14,3,42,29,37,2,8,25,19,33,6,25,7,18,19,28,34,35,59,7,17,14,23,71,37,7,48,20,51,44,44,38,21,60,24,15,14,13,71,6,3,31,17,34,57,15,]
[4,11,0,6,4,1,19,3,3,13,10,0,7,2,1,3,11,5,2,3,5,3,1,1,2,2,5,1,5,1,5,1,4,12,3,4,3,6,1,5,0,13,8,1,2,6,4,4,3,3,4,9,2,2,7,0,2,8,5,9,7,6,4,14,]
[2,5,4,2,2,5,4,1,5,1,5,2,2,0,0,2,5,0,6,5,6,0,2,1,0,3,3,0,6,2,3,2,8,1,10,6,0,4,5,5,1,0,1,1,1,8,6,2,7,1,7,5,5,1,5,2,1,0,5,2,2,0,0,4,]
[19,113,52,8,16,10,6,40,53,25,2,51,12,91,18,29,15,12,11,51,17,22,19,16,11,25,2,38,42,27,61,13,22,20,11,23,34,2,18,3,20,10,20,45,39,17,57,21,16,23,4,4,51,24,11,11,32,16,4,22,66,27,10,1,]
[94,13,7,4,25,34,13,5,7,61,37,19,8,32,15,10,28,7,32,5,30,19,46,10,23,15,22,19,27,10,15,113,15,14,6,11,39,87,18,22,49,3,3,5,40,4,35,16,11,3,4,28,6,21,1,50,40,14,6,38,74,12,11,12,]
[8,3,15,7,28,5,14,35,4,2,19,11,37,74,9,12,0,31,27,1,17,0,5,7,5,14,20,11,15,23,65,20,15,19,5,31,27,12,9,1,39,25,6,13,14,1,18,34,47,109,22,35,53,38,14,10,32,60,30,12,18,11,9,21,]
[48,14,4,21,17,11,43,41,30,39,4,4,22,20,50,33,39,48,22,7,83,46,26,56,27,20,4,24,44,6,38,19,6,11,33,9,20,11,8,23,47,10,17,64,5,6,42,8,39,9,71,24,37,29,33,40,27,64,14,21,2,43,59,1,]
[3,4,9,3,1,8,7,8,4,1,8,6,8,6,0,4,5,5,0,0,2,0,1,5,4,5,0,1,2,2,2,4,4,8,1,1,0,0,1,3,5,0,3,2,1,2,4,3,2,2,0,6,1,2,10,4,7,4,14,0,1,3,1,5,]
[4,0,0,7,6,1,3,4,8,1,2,8,9,4,5,0,7,2,5,10,4,4,7,6,7,1,4,7,2,2,0,19,3,2,7,4,7,0,0,4,2,2,3,1,3,1,4,4,0,3,11,9,0,12,3,9,4,8,1,2,1,8,1,2,]
[1,3,4,0,6,1,0,1,0,2,1,0,1,1,4,3,6,0,0,3,10,4,5,2,2,1,4,2,2,2,11,2,1,6,0,11,5,1,4,8,4,10,1,9,3,9,5,7,4,4,6,2,0,5,2,5,3,2,0,4,2,4,3,2,]
[4,6,2,0,1,3,1,6,8,1,6,1,1,3,7,1,5,1,2,1,1,3,5,3,2,3,1,4,6,1,5,1,2,4,5,0,2,5,3,8,2,5,0,3,4,4,4,3,0,8,3,4,1,12,4,3,2,1,3,11,4,1,0,6,]
[3,3,0,6,0,5,3,5,4,1,0,0,4,5,6,3,1,0,8,0,9,2,3,7,3,0,0,3,4,7,4,1,4,0,7,2,2,1,1,5,6,5,3,2,1,3,3,4,11,13,0,7,7,1,6,1,4,4,12,3,0,3,4,9,]
[2,7,9,6,1,4,1,4,4,2,1,1,6,1,1,4,2,8,9,12,3,8,5,11,3,4,6,1,9,13,6,0,2,3,2,4,1,0,1,5,3,0,0,3,4,9,2,5,6,0,6,14,5,1,9,0,3,2,5,2,5,1,3,4,]
[0,5,4,3,3,4,1,1,17,3,1,8,7,8,2,3,4,0,4,1,0,1,0,16,7,3,3,1,8,1,2,4,6,3,1,12,3,1,3,2,11,4,9,2,7,3,3,3,1,4,3,2,11,6,2,2,2,4,1,2,4,1,2,2,]
[5,6,8,8,8,2,2,5,1,2,3,7,3,7,1,4,3,3,3,2,6,1,6,0,4,0,2,4,19,8,4,4,1,3,4,2,5,3,0,0,8,4,7,2,8,2,9,0,0,5,3,4,6,10,3,10,3,4,2,5,1,5,1,2,]
[4,11,12,3,17,5,1,1,3,3,6,1,9,4,1,8,4,5,9,1,0,1,2,12,14,6,1,1,1,2,0,3,1,0,1,1,8,9,6,6,0,3,0,1,0,4,0,0,3,4,2,1,4,4,6,1,2,2,6,11,7,2,2,3,]
[2,4,3,0,6,4,3,4,0,2,1,2,3,1,2,8,4,1,2,4,5,4,7,6,3,4,3,1,3,1,2,5,1,9,4,2,5,2,4,4,6,4,3,5,11,6,4,3,2,3,4,4,0,1,5,4,2,3,5,4,2,2,1,3,]
[7,2,4,3,1,0,4,0,8,2,0,4,0,2,2,5,1,5,2,1,2,2,12,0,2,2,2,2,7,4,6,1,0,1,9,1,3,2,1,1,2,0,7,6,1,6,7,5,2,7,3,10,6,0,5,2,1,5,8,0,7,1,3,4,]
[6,5,6,4,3,4,10,2,6,1,2,4,0,0,5,5,5,1,7,6,1,1,4,4,1,2,7,9,5,3,2,1,11,7,6,3,2,4,1,7,0,4,10,3,3,9,8,3,5,3,0,5,4,0,4,0,1,2,4,0,6,1,9,5,]
[2,1,3,1,10,4,2,3,1,3,0,4,2,2,3,7,0,4,3,1,0,5,2,2,6,1,4,0,6,2,3,9,2,9,0,1,5,3,1,3,3,8,7,2,0,1,2,1,1,1,4,4,0,0,6,7,0,4,3,1,6,4,3,2,]
[4,3,3,0,5,8,3,5,1,1,3,1,1,0,2,5,1,1,1,3,4,5,3,4,1,7,1,1,4,0,4,1,4,2,3,0,8,5,0,0,5,5,4,5,0,1,1,3,6,0,7,8,1,0,1,0,1,1,2,4,0,6,0,3,]
[4,1,3,1,1,0,4,2,2,5,12,4,4,2,3,1,2,2,2,10,2,2,5,2,4,0,3,1,2,8,7,5,6,5,1,3,7,10,2,1,3,10,10,1,1,6,2,0,8,3,3,6,1,2,0,1,1,2,3,5,5,11,1,0,]
[54,37,2,6,61,78,7,22,32,34,21,21,37,48,16,19,13,39,43,21,18,24,12,25,156,64,4,64,11,19,45,9,15,15,2,32,14,28,22,39,40,11,13,57,8,16,57,69,101,56,14,17,37,7,20,65,13,9,53,4,9,50,13,11,]
[8,1,11,9,0,7,9,6,1,2,0,3,6,3,6,0,2,5,1,1,2,1,2,1,7,5,6,10,5,8,1,0,2,3,3,6,1,2,3,18,2,8,1,0,14,5,6,11,11,5,1,2,3,1,9,7,3,0,4,6,5,0,7,3,]
[0,1,1,4,7,2,2,6,1,4,0,0,10,2,3,1,4,2,5,2,1,4,0,1,2,1,2,1,7,2,9,3,2,3,1,2,4,3,4,4,2,6,2,3,8,7,2,1,5,0,4,1,0,2,4,2,4,1,6,2,0,2,4,1,]
[65,9,6,29,39,15,17,15,37,13,33,16,13,49,3,6,8,4,13,26,14,1,14,27,17,12,62,11,29,18,28,11,24,46,46,52,52,5,29,7,60,15,15,6,44,10,60,10,9,12,4,21,7,10,66,25,8,10,51,6,12,9,6,21,]
[33,10,35,12,56,14,18,31,16,27,13,16,9,31,39,35,4,27,15,20,19,11,17,131,10,3,34,20,27,9,21,30,7,37,11,25,6,19,16,26,11,9,11,20,21,20,8,33,8,11,8,24,64,12,30,21,3,11,34,18,44,5,6,16,]
[81,72,25,16,25,19,30,41,32,26,3,52,20,8,30,13,12,11,12,47,21,8,3,17,29,38,46,17,25,14,44,41,86,21,19,16,14,26,17,16,57,8,25,18,23,32,2,45,25,32,26,8,29,5,32,57,75,7,29,21,15,17,37,9,]
[9,16,11,25,21,47,16,7,13,22,37,9,32,14,7,35,16,12,50,13,8,21,22,20,28,18,35,51,35,34,4,69,13,103,53,3,38,20,48,6,17,12,14,21,21,70,39,12,17,25,11,17,13,16,40,15,11,9,45,15,30,6,15,55,]
[3,4,5,3,1,8,3,2,4,3,6,4,12,0,5,6,10,1,1,4,7,3,9,6,0,1,1,0,2,6,3,5,3,4,5,4,6,1,2,1,4,9,0,3,2,5,2,4,3,1,0,8,1,1,0,8,9,3,3,10,2,0,3,3,]
[1,8,8,1,4,8,7,3,2,0,0,4,0,3,3,12,5,4,1,3,1,0,1,5,2,2,2,3,1,2,1,5,2,2,0,0,10,2,8,3,7,6,4,4,4,1,1,2,0,5,0,7,2,1,2,7,10,11,6,5,1,1,4,3,]
[4,8,5,2,2,6,1,4,4,7,0,1,5,9,2,7,8,8,2,5,2,0,1,9,0,0,4,3,3,4,1,3,1,1,1,2,1,0,2,0,5,7,1,5,4,1,6,0,6,1,5,4,4,1,1,2,2,3,7,1,2,1,2,6,]
[1,5,4,11,13,3,4,3,14,1,1,2,2,4,10,5,4,5,0,1,2,7,6,5,2,8,5,8,1,5,12,4,7,1,2,0,4,5,4,6,2,4,7,4,0,3,2,4,0,2,5,1,0,3,2,5,5,8,3,2,2,3,2,0,]
[8,2,4,1,6,1,8,0,2,2,1,0,1,3,4,4,1,4,3,0,7,10,1,1,0,1,1,4,2,3,1,3,6,1,1,0,2,6,1,1,2,2,2,4,9,4,0,1,5,2,3,15,4,5,5,5,3,7,6,4,2,2,2,7,]
[2,6,1,4,13,1,4,4,0,7,7,2,1,1,4,1,5,2,5,2,0,5,5,7,0,10,4,1,8,7,1,3,1,7,7,6,1,2,3,0,7,1,4,4,3,0,6,1,0,4,2,3,2,1,8,4,3,2,0,2,2,19,2,7,]
[6,1,5,1,1,2,6,5,1,1,3,7,1,0,2,3,2,1,5,6,2,2,9,1,1,6,0,8,1,15,0,5,2,1,3,0,3,2,8,1,3,0,3,0,9,2,4,1,8,2,2,0,5,1,3,2,3,13,3,3,2,1,1,4,]
[4,0,1,0,3,3,1,5,4,5,0,0,7,4,7,5,0,3,2,4,5,5,3,1,2,2,0,10,1,4,1,2,5,5,4,2,7,2,0,1,1,5,5,7,2,10,6,4,2,3,5,3,6,9,4,3,6,5,3,0,1,1,1,8,]
[3,3,12,4,1,1,4,0,0,11,4,6,3,0,7,8,7,1,1,3,1,0,1,2,4,1,2,2,4,3,2,3,0,8,1,3,0,1,2,0,4,1,4,8,2,3,4,1,14,1,0,1,4,3,1,0,3,5,6,2,3,4,3,7,]
[0,0,4,2,1,4,3,8,1,3,3,7,6,8,2,5,6,4,7,5,1,4,1,6,6,6,0,2,2,1,5,6,2,4,3,5,1,3,4,3,6,1,7,15,4,1,3,1,1,7,3,6,4,2,2,1,1,1,3,9,6,1,0,3,]
[2,11,2,5,1,5,4,6,8,7,4,3,7,4,3,0,1,4,6,5,2,13,12,2,4,10,1,5,1,0,0,1,6,4,4,3,6,3,0,1,2,0,2,0,10,1,2,3,6,1,12,1,2,3,1,9,3,2,2,10,2,1,5,2,]
[4,6,4,10,0,2,7,3,7,6,1,2,9,8,1,3,2,2,0,6,1,4,4,4,4,1,3,2,10,5,3,0,8,4,0,1,1,7,8,5,1,2,1,3,1,1,3,3,14,3,7,10,1,2,1,6,1,1,3,2,5,2,2,0,]
[3,1,3,4,5,5,10,1,7,1,1,1,1,3,0,3,3,4,5,4,1,1,8,3,4,7,3,8,3,0,0,2,7,1,2,3,0,10,5,4,3,0,5,2,5,2,2,0,1,3,3,3,5,3,7,3,0,2,7,2,0,3,1,2,]
[1,12,11,2,2,11,4,3,1,1,6,1,5,0,5,3,3,9,4,8,0,1,4,7,7,2,3,0,5,5,0,4,3,7,13,1,3,1,6,1,3,0,4,3,7,2,6,0,5,2,3,7,0,0,3,1,3,1,3,16,5,1,2,6,]
[3,5,4,2,3,1,5,5,0,3,6,7,0,1,3,1,4,2,10,0,4,4,0,1,1,3,1,1,3,3,1,5,3,2,5,3,1,2,2,1,0,1,2,1,4,0,2,8,2,2,0,1,1,1,1,3,4,3,5,1,2,3,3,7,]
[16,36,31,13,28,23,24,31,3,62,29,44,9,19,23,39,19,47,24,96,21,5,45,14,53,22,6,10,31,17,9,19,22,14,58,45,55,16,10,27,32,13,7,58,45,20,19,61,24,46,79,1,4,5,36,9,32,42,19,3,7,24,87,31,]
[6,3,5,3,5,3,2,0,8,5,2,1,4,4,3,3,0,8,4,6,8,2,2,1,0,2,4,2,5,3,2,1,5,1,1,0,2,4,4,4,8,13,8,3,10,6,9,2,7,3,0,2,10,3,1,1,15,5,0,2,6,11,13,7,]
[4,2,1,3,1,6,3,5,3,4,4,2,1,2,5,3,1,8,9,0,1,2,2,4,3,2,4,1,1,2,3,6,0,0,3,7,2,0,9,4,4,0,1,0,3,5,0,1,1,4,2,0,0,5,0,2,5,2,9,0,1,5,5,5,]
[11,27,31,6,36,30,41,62,5,6,36,0,13,36,15,36,55,13,16,4,46,7,47,23,29,1,21,14,53,7,39,11,7,41,2,33,49,4,10,12,13,20,6,4,22,36,25,16,46,37,9,3,16,3,9,11,20,15,26,15,37,36,23,67,]
[22,14,23,22,18,7,40,12,13,16,54,14,22,20,10,33,8,6,11,45,9,21,69,19,38,10,12,17,14,4,12,29,15,4,3,22,11,47,15,17,39,19,16,24,26,39,2,27,9,21,49,18,32,7,16,5,19,10,46,14,9,10,58,16,]
[30,72,0,0,3,29,28,15,18,19,132,33,9,35,15,17,35,33,23,1,16,10,99,22,29,13,15,1,4,30,20,7,38,67,20,22,10,38,18,11,4,11,24,14,25,42,36,15,14,4,6,15,26,8,33,58,41,29,25,20,5,0,4,30,]
[3,11,3,7,6,19,7,10,35,46,1,21,22,17,33,49,7,5,5,15,2,16,17,13,10,23,6,59,15,8,3,11,5,13,25,9,2,34,12,31,23,46,24,12,4,30,10,5,14,46,80,27,5,29,11,14,32,7,15,49,13,18,16,77,]
[0,12,4,1,3,7,1,15,4,3,2,7,0,5,3,0,7,2,4,5,1,1,9,2,2,1,10,0,0,0,2,0,2,7,2,4,1,11,7,6,2,3,3,1,10,3,5,0,5,6,4,3,2,1,1,3,6,4,1,1,3,6,0,8,]
[4,7,3,4,7,2,3,2,2,0,0,2,3,1,1,1,2,6,10,7,1,3,0,6,3,1,7,5,20,6,0,6,7,2,4,2,12,1,1,1,6,10,1,2,4,9,1,2,3,2,5,4,4,7,6,2,3,2,6,2,5,7,12,0,]
[2,9,5,15,1,1,8,2,2,1,3,2,3,3,1,2,15,6,2,5,5,4,5,2,2,2,6,4,4,5,1,2,2,2,5,7,1,4,3,1,4,3,9,1,3,1,8,1,1,9,1,0,0,1,3,4,11,3,2,4,1,2,5,7,]
[1,3,2,6,1,4,4,8,6,8,1,13,3,3,2,1,3,4,4,1,3,3,7,3,5,3,3,6,0,3,1,2,3,4,1,2,3,2,5,1,3,1,9,3,2,2,6,4,1,3,7,4,0,0,2,3,0,2,1,0,4,1,2,2,]
[3,7,7,1,5,3,2,2,1,2,2,4,2,4,2,8,1,1,7,6,2,4,2,3,11,0,4,2,4,3,5,3,1,3,2,5,0,1,1,1,4,1,0,3,0,2,7,1,1,8,6,4,3,5,5,6,5,3,3,4,3,1,2,1,]
[4,8,5,2,2,9,5,2,1,2,3,2,2,3,3,2,2,0,3,6,1,4,2,2,3,4,5,0,6,7,0,1,11,6,0,3,5,2,7,3,10,0,3,6,4,2,3,1,1,4,4,3,0,1,2,3,4,1,11,1,6,0,1,3,]
[9,0,1,2,2,2,2,2,5,4,18,4,5,2,4,2,6,2,0,1,1,2,3,1,8,1,4,3,5,1,1,0,2,4,2,3,12,5,1,8,6,1,5,1,4,1,4,2,0,3,1,3,1,8,5,5,4,4,5,10,1,3,4,8,]
[1,4,3,3,0,6,5,3,5,1,3,3,1,1,4,3,2,1,5,13,12,1,1,1,9,3,1,0,3,2,10,0,1,6,0,3,2,5,4,3,2,10,4,1,5,1,10,6,2,2,1,7,1,1,2,0,10,1,4,0,3,4,4,4,]
[4,4,6,2,4,10,4,4,5,6,7,2,2,2,2,1,7,2,2,14,8,1,7,2,1,5,4,6,3,4,7,2,3,5,3,4,4,0,3,2,2,11,9,9,1,2,5,0,12,3,6,8,3,2,13,3,0,3,0,7,4,2,2,7,]
[0,1,4,3,1,8,2,3,1,3,1,4,0,1,2,1,3,4,1,1,4,5,0,6,4,2,1,3,0,1,9,3,1,3,2,1,2,1,2,0,1,3,3,8,10,1,10,4,2,2,1,2,4,2,8,0,2,2,3,5,2,4,5,0,]
[3,5,3,5,2,2,2,9,2,5,0,3,2,1,7,4,0,5,4,4,1,2,5,4,3,2,4,2,1,2,7,3,4,2,8,3,1,1,1,2,8,5,3,5,3,1,3,1,4,5,1,2,2,11,13,5,5,3,4,3,3,4,4,1,]
[2,1,0,2,2,6,2,7,5,1,0,2,1,2,6,5,1,6,5,8,1,2,1,0,9,4,2,2,2,1,7,6,3,7,2,4,2,2,6,1,2,4,2,3,4,6,0,5,12,4,6,1,5,2,1,4,0,0,2,7,14,2,0,1,]
[3,0,9,6,1,3,8,2,0,15,3,3,1,7,2,2,1,1,2,1,3,4,1,2,4,13,2,2,5,0,6,2,2,0,1,14,2,3,2,3,1,8,1,1,0,1,5,3,2,1,0,3,1,0,13,12,3,1,0,3,9,3,6,1,]
[6,3,4,3,2,1,1,10,6,2,7,1,2,8,1,1,1,1,0,0,3,4,5,14,1,0,7,1,2,1,3,6,6,2,8,5,5,2,1,4,0,1,9,1,1,5,3,1,3,5,2,1,4,5,1,1,5,1,1,1,6,0,2,0,]
[1,8,7,5,3,3,1,1,2,9,1,7,1,3,1,1,3,4,3,4,3,3,4,1,1,3,4,0,0,4,10,7,3,2,1,6,8,2,3,4,2,3,0,7,2,4,2,2,0,0,7,5,3,4,2,13,4,0,10,2,1,5,1,8,]
[58,9,12,25,6,76,32,53,29,26,30,35,18,36,22,21,41,16,22,38,6,46,20,6,4,23,13,17,57,2,29,10,101,28,32,28,53,23,20,16,20,35,17,45,7,23,37,26,29,7,51,13,27,8,11,129,20,22,8,9,29,59,28,11,]
[8,8,8,0,4,1,3,4,3,8,7,3,9,3,1,4,5,13,2,1,5,1,4,4,2,7,2,4,4,8,3,7,7,1,2,3,3,7,4,4,5,1,4,9,7,3,4,5,3,2,4,4,2,19,3,3,5,9,2,2,3,2,3,7,]
[1,4,1,2,1,1,3,1,4,2,2,1,1,3,2,1,5,0,0,0,3,1,2,1,8,0,3,1,0,0,11,4,2,5,3,3,2,4,4,4,3,2,0,2,1,2,4,2,2,2,3,2,2,0,2,1,11,3,2,1,1,5,6,1,]
[20,2,37,26,6,11,22,15,3,59,3,25,22,28,8,12,81,7,55,17,20,18,17,30,6,55,25,25,35,26,14,16,13,14,8,13,10,20,32,21,15,15,27,6,60,10,6,9,20,9,9,76,35,1,33,29,7,9,12,6,16,27,17,5,]
[31,17,21,34,13,49,63,13,5,9,18,65,28,19,37,7,40,7,28,26,40,49,25,26,4,33,27,15,2,12,3,23,31,18,30,24,0,8,76,32,11,13,15,58,21,51,36,7,61,15,1,21,29,19,86,11,27,16,12,14,15,7,37,23,]
[47,4,25,10,8,18,39,4,11,9,34,22,17,13,15,21,4,9,3,20,6,17,20,22,8,9,15,22,2,8,1,20,10,30,20,3,17,16,23,27,16,4,6,62,7,36,16,18,17,34,28,33,8,27,19,46,26,10,25,5,16,20,63,2,]
[22,14,9,15,32,20,6,11,24,23,14,6,6,14,28,31,15,4,64,9,6,42,46,45,55,30,14,3,9,5,8,39,10,4,13,9,10,40,4,6,37,19,9,34,3,10,19,27,35,40,25,27,37,37,17,12,9,15,22,27,32,10,10,11,]
[1,3,1,4,7,1,2,1,1,2,2,4,1,0,0,2,4,2,4,1,3,6,5,5,2,2,1,4,1,10,3,6,4,2,2,5,2,3,4,2,4,0,3,5,8,3,3,1,3,4,4,2,1,2,8,0,1,3,5,3,1,3,1,5,]
[5,3,6,1,1,5,6,0,2,5,1,5,2,3,7,1,2,1,1,7,3,13,5,4,3,7,3,3,6,17,3,6,0,2,16,6,3,5,4,3,1,1,3,4,8,3,2,0,5,5,2,1,2,7,6,1,1,10,0,3,2,1,0,6,]
[8,2,9,1,3,3,9,1,2,3,1,2,5,2,1,11,1,5,2,0,4,0,6,1,2,12,5,11,4,1,0,4,1,3,1,2,1,1,5,7,7,1,4,2,4,1,5,19,3,1,0,1,2,4,3,6,3,5,1,6,3,1,7,0,]
[6,0,8,1,4,6,0,1,7,2,11,0,4,3,0,7,9,5,1,1,1,0,0,7,0,5,4,6,0,2,7,0,4,0,2,7,3,0,6,2,2,2,3,6,1,1,1,2,0,0,4,4,6,5,3,3,3,10,4,5,4,1,1,1,]
[8,4,1,0,2,1,3,3,1,5,7,0,1,7,1,3,1,3,3,0,4,7,2,1,1,0,1,6,2,3,2,1,2,2,8,5,1,0,2,1,3,13,1,1,3,0,2,5,4,7,0,0,3,2,4,4,2,2,1,1,2,2,3,6,]
[2,10,1,11,0,0,4,3,1,3,10,3,8,3,5,9,2,1,1,4,8,6,8,5,3,1,4,3,2,0,3,0,7,1,1,2,3,1,2,5,3,4,0,4,11,1,6,1,6,3,10,3,2,0,5,5,10,12,6,2,4,3,4,2,]
[6,2,6,7,2,0,4,6,1,1,7,2,3,7,0,6,5,1,1,2,1,8,1,7,7,3,1,6,6,2,2,0,3,5,1,4,3,1,5,0,5,6,3,2,3,0,1,4,7,3,2,3,1,4,2,3,7,6,1,1,1,12,2,4,]
[12,1,5,2,3,8,2,1,1,4,4,10,9,2,2,0,2,2,0,2,1,1,2,3,5,6,6,8,3,1,8,2,1,1,3,4,0,4,4,5,5,7,2,7,2,1,8,2,1,5,2,1,1,7,2,5,2,1,2,2,2,8,1,4,]
[5,1,9,0,2,10,5,4,1,13,6,6,2,1,6,1,3,2,1,1,4,5,4,0,2,2,5,7,4,10,7,2,3,1,2,3,1,5,2,1,2,0,3,0,3,1,2,2,1,0,6,18,0,4,0,5,3,0,3,1,0,6,2,4,]
[0,2,6,4,0,0,5,0,1,6,5,2,2,5,5,12,2,7,2,4,10,7,2,2,3,2,4,1,3,19,3,6,0,7,2,0,2,8,2,3,2,2,4,12,0,1,0,6,2,2,1,0,3,3,5,1,3,3,2,4,2,3,1,0,]
[9,6,2,16,0,4,5,1,1,4,2,13,2,1,3,2,3,1,7,1,1,3,1,7,1,0,4,5,2,3,1,3,5,2,4,2,5,4,0,1,2,5,2,2,6,0,2,3,1,8,1,2,0,2,3,2,1,0,7,1,3,6,9,4,]
[1,4,0,7,8,10,3,5,11,5,4,0,5,3,1,14,1,1,3,5,1,0,0,9,2,2,3,2,0,11,3,4,6,10,2,1,7,0,1,1,6,2,9,3,1,0,2,8,3,0,7,2,3,4,3,4,9,2,1,4,7,8,3,0,]
[1,2,5,12,10,3,5,3,13,4,2,2,8,7,1,8,2,1,4,1,5,4,0,2,11,11,0,7,6,2,2,0,2,3,2,2,11,3,6,2,4,3,2,4,5,9,4,12,6,14,4,3,2,0,2,7,4,5,8,1,1,0,2,2,]
[6,4,4,6,8,3,1,4,2,2,1,1,3,8,11,1,3,3,3,0,1,2,8,1,4,3,19,6,11,3,9,7,5,1,4,4,2,3,7,1,8,10,9,9,1,4,1,1,2,1,6,6,1,5,9,5,2,4,5,2,1,13,1,4,]
[2,1,2,0,0,1,3,4,2,3,1,8,1,2,3,5,0,5,2,1,4,5,4,8,4,7,3,2,1,1,3,7,0,8,4,2,1,4,1,4,0,4,4,3,6,3,6,1,3,2,4,5,1,9,1,3,6,9,0,2,2,7,8,4,]
[13,16,39,63,37,27,66,10,34,32,28,5,4,8,36,50,39,41,73,27,27,12,25,74,9,16,7,26,14,31,38,25,4,40,26,72,19,77,21,8,50,19,12,42,13,10,53,23,9,38,34,39,13,22,56,69,44,11,33,54,14,60,17,8,]
[12,1,5,7,2,3,2,1,5,1,2,1,1,1,10,2,4,6,2,3,1,5,7,24,10,3,3,2,5,2,2,6,3,12,3,2,5,4,2,0,1,6,7,0,1,11,0,3,8,0,1,8,2,6,3,7,6,12,5,6,6,4,3,2,]
[2,1,2,0,0,0,2,2,8,2,2,1,4,1,3,1,1,1,1,2,3,0,0,2,3,2,1,1,7,5,5,4,1,2,1,10,5,1,3,2,5,2,1,1,0,4,1,1,1,3,1,3,6,1,2,0,7,1,2,1,1,3,7,2,]
[73,18,4,37,9,21,36,21,26,76,23,42,42,32,38,49,43,42,56,45,9,8,12,11,3,38,2,6,29,13,10,23,3,38,19,12,3,7,11,6,19,3,34,8,10,14,8,8,14,0,15,18,19,5,53,21,3,47,18,46,3,42,7,99,]
[9,55,17,14,16,51,23,3,32,27,39,75,14,5,21,12,5,20,8,36,5,2,14,15,21,23,14,12,9,43,16,4,3,34,62,36,12,26,22,36,2,19,17,22,5,14,15,29,6,10,22,48,18,23,9,18,63,10,17,15,56,9,47,10,]
[27,55,4,31,4,5,21,5,14,29,2,21,2,2,6,49,26,17,26,13,45,27,15,35,7,19,28,10,9,22,17,9,57,6,25,15,42,20,34,2,6,14,15,22,18,11,16,35,27,5,3,3,11,0,24,13,30,23,9,21,14,14,59,13,]
[7,3,41,2,35,20,37,23,46,59,2,41,29,42,43,14,50,21,27,23,13,10,5,16,6,52,7,4,43,39,27,16,11,29,20,8,8,30,54,31,21,1,10,75,20,1,33,13,37,16,17,29,52,34,66,7,10,18,35,34,11,22,25,11,]
[2,4,1,2,1,1,4,4,3,3,3,0,2,3,2,1,3,1,3,3,3,9,2,6,6,7,0,9,1,3,5,9,1,9,1,7,7,2,2,3,5,4,1,3,8,1,1,2,5,2,2,0,3,2,1,4,7,4,4,0,2,8,1,1,]
[2,9,1,8,7,3,1,2,0,0,1,1,4,2,0,4,2,2,2,2,1,7,10,2,0,1,1,1,5,3,4,3,2,2,1,9,4,1,4,6,0,7,3,6,2,3,1,5,6,2,2,3,0,1,2,7,7,2,2,1,6,3,1,1,]
[5,2,11,2,2,2,8,9,2,2,9,7,1,2,3,3,2,2,6,3,1,2,9,1,2,5,2,1,3,5,3,5,10,0,5,5,1,1,8,0,5,7,5,5,4,5,7,9,1,5,6,4,5,2,2,2,1,1,3,1,5,6,2,1,]
[9,3,2,11,18,4,7,1,2,2,4,1,3,0,8,1,9,8,8,10,2,5,8,2,0,5,2,3,10,3,2,3,7,1,2,3,4,9,6,4,4,2,3,3,2,2,4,3,2,4,10,7,5,3,1,4,0,1,2,3,3,1,2,3,]
[4,2,4,6,5,2,0,2,5,0,6,1,0,8,5,8,1,1,6,3,5,3,3,8,5,0,0,3,6,3,3,0,8,7,8,2,3,6,2,6,3,4,3,1,10,4,1,4,1,5,7,0,2,3,1,2,3,0,2,5,3,3,5,3,]
[1,1,2,6,6,5,10,2,1,5,5,1,0,8,1,5,4,3,7,0,4,6,4,0,4,10,1,7,11,3,2,2,4,4,2,5,1,1,1,2,2,2,3,6,3,3,1,0,6,3,2,3,2,4,8,1,1,0,2,8,2,1,1,1,]
[4,0,0,0,12,3,2,3,4,2,6,4,1,3,0,3,0,2,11,3,10,3,5,8,3,1,3,2,0,0,1,3,10,2,7,2,3,2,0,9,5,2,2,6,5,10,4,0,3,5,0,7,4,3,3,5,3,3,2,0,2,0,0,6,]
[6,7,2,1,5,1,2,3,16,9,2,3,3,1,2,6,3,3,3,1,1,8,8,1,2,1,4,3,1,0,1,2,1,4,5,8,4,1,1,1,3,0,6,0,2,5,3,4,4,0,8,5,0,3,3,1,1,2,1,4,0,4,0,2,]
[2,4,2,3,10,4,2,3,9,3,2,4,1,3,5,5,0,2,6,8,0,3,7,0,0,0,8,2,6,5,4,8,3,2,5,4,1,4,1,8,7,0,3,10,3,1,1,1,4,2,0,6,8,5,3,5,1,3,1,4,4,7,2,11,]
[4,1,2,2,3,11,0,4,1,5,2,0,1,2,1,4,6,4,4,4,7,6,1,7,6,8,2,6,4,1,3,1,1,10,6,2,4,3,1,2,2,3,9,8,2,0,5,2,3,1,1,15,0,2,7,1,3,0,5,4,2,4,4,4,]
[8,2,3,7,1,0,5,2,8,4,3,2,0,4,4,4,11,7,4,6,3,11,5,3,0,6,5,4,8,0,1,4,6,2,3,0,1,6,5,2,10,3,1,2,6,6,1,9,1,0,6,2,1,2,2,3,3,2,6,6,2,4,3,1,]
[3,6,2,2,2,5,1,5,2,3,3,1,5,6,0,12,3,1,0,2,8,5,8,2,6,3,5,2,16,6,6,1,2,5,3,8,5,1,9,0,4,4,2,6,3,1,3,10,3,2,8,4,0,8,4,2,8,10,2,6,2,3,0,1,]
[0,1,3,9,5,2,1,0,8,1,2,2,2,1,1,12,7,0,1,0,3,5,9,6,2,3,5,2,1,11,5,0,4,1,6,5,6,1,1,6,4,2,12,2,3,4,2,1,6,1,9,7,1,10,2,5,0,2,1,1,8,1,5,3,]
[1,2,2,6,1,1,2,1,2,3,5,9,0,7,3,11,5,0,1,5,3,2,2,6,0,5,6,1,3,3,2,3,4,4,8,5,6,5,8,3,4,5,4,5,8,2,3,1,3,3,3,3,2,17,4,2,4,1,10,1,5,8,2,1,]
[4,6,3,2,2,2,6,6,2,2,0,6,3,3,5,2,1,5,4,0,1,4,2,3,1,1,6,3,3,2,3,0,1,2,2,2,5,2,4,9,9,2,2,1,3,3,6,1,3,3,2,3,3,3,4,5,2,5,19,4,4,0,5,4,]
[38,40,8,0,12,26,30,21,84,71,14,5,17,12,34,14,49,13,34,27,5,39,3,4,50,28,11,11,13,27,8,44,22,11,35,1,10,35,112,6,20,73,12,40,31,20,26,11,19,17,3,24,9,31,1,26,11,39,17,39,16,52,30,19,]
[1,2,6,4,0,1,3,3,2,3,3,14,10,2,5,3,4,5,1,2,19,11,16,4,2,3,6,0,0,18,2,6,2,2,7,2,11,2,5,1,6,6,2,4,2,4,10,2,3,1,4,13,10,4,2,4,10,5,3,2,7,1,7,6,]
[0,1,4,4,4,1,1,3,2,1,2,2,3,5,2,2,3,1,2,7,6,2,6,1,6,2,1,1,2,1,3,3,2,0,0,2,3,3,3,2,5,1,6,1,7,2,1,7,15,3,0,3,2,5,1,1,2,2,0,0,2,0,1,4,]
[9,19,14,7,4,18,21,32,10,27,19,10,21,33,6,10,33,30,15,44,23,32,39,14,43,41,31,10,5,8,73,38,34,27,64,22,14,2,21,25,49,1,26,15,7,44,31,36,33,17,14,8,8,31,15,9,12,21,31,29,12,4,41,15,]
[12,22,12,32,6,24,25,8,5,18,20,26,29,38,18,15,6,24,14,3,41,1,19,46,36,14,54,51,20,12,24,12,16,8,14,15,78,7,27,11,33,77,11,13,43,9,31,20,44,38,25,21,29,18,29,11,22,73,6,27,35,4,21,10,]
[12,13,8,27,48,0,38,14,54,19,15,14,13,28,17,25,19,27,16,31,48,23,10,21,3,9,29,12,45,21,75,19,31,44,34,8,21,10,83,17,6,12,20,50,23,23,29,33,19,48,5,35,65,90,20,45,13,7,27,12,22,53,10,14,]
[10,30,57,25,15,43,56,25,11,11,6,31,19,17,26,53,15,22,9,26,8,32,22,23,40,32,88,16,18,21,5,18,87,43,2,19,19,37,26,21,6,20,17,17,6,2,69,26,47,10,11,16,19,10,27,2,7,21,9,2,45,0,25,9,]
[3,2,5,10,7,7,2,12,1,3,6,2,2,1,7,7,0,0,9,2,1,2,1,3,2,4,0,0,3,2,1,5,0,1,1,1,4,5,2,6,1,2,2,8,3,0,3,3,0,2,2,1,1,5,3,10,6,1,3,10,0,2,4,1,]
[2,5,6,5,7,9,1,4,0,5,2,5,0,1,3,2,1,5,4,2,6,3,11,3,7,2,3,14,3,2,1,1,5,1,4,6,1,0,0,6,0,2,11,3,10,2,5,2,0,0,1,1,0,0,1,2,0,1,8,1,1,1,1,0,]
[1,8,7,3,1,1,1,3,4,3,2,3,4,1,1,1,1,2,1,12,12,0,12,2,1,0,1,2,10,1,2,4,4,1,2,1,0,4,3,9,4,0,1,4,15,0,1,13,2,4,5,3,0,3,10,2,1,0,6,1,1,4,1,2,]
[2,3,2,4,6,0,1,2,1,5,1,1,0,7,4,2,2,1,2,5,4,1,2,8,7,4,4,0,2,14,5,0,4,9,1,4,4,7,2,2,4,5,3,3,0,13,1,5,1,2,0,0,2,1,2,2,3,5,1,4,4,3,4,3,]
[3,3,2,1,8,5,1,1,6,0,3,5,0,2,3,3,5,0,4,1,5,0,6,2,1,6,2,3,0,5,2,2,2,4,7,6,1,3,12,2,3,1,6,1,2,1,3,0,3,2,2,2,5,7,15,5,2,2,3,1,1,1,2,2,]
[4,5,0,1,1,0,1,3,1,2,9,2,7,5,2,3,9,1,1,3,1,1,8,2,2,2,1,1,5,3,8,1,2,0,1,5,4,6,3,0,8,10,1,5,3,1,1,0,4,4,1,3,0,4,5,3,1,2,3,0,1,4,1,11,]
[3,2,0,2,2,4,4,3,1,2,5,3,5,1,0,3,16,1,1,3,2,1,5,2,1,2,4,5,3,0,2,10,2,3,3,15,0,3,0,0,7,2,7,2,0,2,4,0,9,5,1,3,0,1,1,0,7,5,1,1,6,1,0,5,]
[5,6,1,4,4,3,2,4,1,1,3,0,10,5,8,3,5,1,10,5,6,8,8,0,2,0,11,6,2,2,3,2,1,1,1,3,7,8,2,4,4,10,8,3,3,0,1,1,3,2,2,5,0,2,4,1,6,6,2,4,0,0,2,5,]
[1,7,2,0,3,0,1,1,0,7,8,0,13,4,1,2,1,0,0,0,0,1,4,7,1,3,3,7,22,6,4,0,4,1,2,0,6,6,2,0,16,4,1,1,1,12,3,6,5,9,1,3,3,3,7,0,7,0,5,4,5,5,7,3,]
[5,1,0,5,4,5,5,7,2,1,2,3,4,6,19,6,3,4,1,4,3,3,1,0,3,1,0,4,0,1,0,4,4,0,1,4,2,3,4,9,4,0,6,1,3,4,3,1,2,2,7,3,4,4,3,3,2,2,2,2,9,1,2,0,]
[3,3,3,2,1,2,3,1,7,4,5,2,6,4,1,7,5,2,4,0,2,6,6,2,2,5,4,0,1,6,3,6,0,0,6,9,9,1,2,1,8,4,3,1,4,2,5,2,7,5,1,4,6,2,1,5,5,1,2,5,3,1,3,2,]
[3,3,8,3,0,9,2,4,2,2,2,2,5,6,4,4,3,0,3,12,2,0,2,5,1,4,0,8,1,1,1,0,2,2,2,11,10,4,0,4,3,0,2,8,5,3,5,4,9,3,3,0,1,7,3,16,0,0,5,3,4,2,9,4,]
[8,1,1,3,2,5,1,2,11,2,0,4,1,1,1,5,0,3,14,3,2,2,1,5,3,1,4,2,4,2,6,5,1,3,3,3,4,2,8,1,2,9,2,3,4,2,15,2,3,2,7,7,2,1,3,8,1,2,4,1,8,2,3,8,]
[2,1,2,9,4,6,0,2,0,1,10,3,1,8,6,3,4,1,4,2,3,10,2,4,3,3,2,1,6,0,0,2,8,4,8,3,3,0,1,2,4,0,0,6,10,3,1,0,1,2,10,6,0,1,9,2,0,1,14,1,2,0,3,14,]
[6,1,2,5,3,3,6,6,2,5,6,1,5,5,0,7,5,3,5,5,2,2,1,2,5,2,2,1,2,6,3,0,4,1,1,0,7,1,0,1,1,0,4,0,1,2,1,3,6,3,12,1,1,13,1,5,1,0,6,1,1,2,6,2,]
[33,16,2,22,43,62,30,10,24,15,17,26,7,42,83,5,8,25,13,14,25,59,54,7,45,13,10,48,102,51,64,4,17,17,13,116,24,27,80,40,17,129,37,16,42,19,19,12,0,60,67,34,31,11,14,8,4,14,4,9,64,15,69,15,]
[1,3,2,9,0,1,5,0,10,1,3,14,5,3,8,4,6,2,5,7,9,7,6,5,3,9,11,7,1,6,7,3,5,4,7,1,9,3,2,7,2,7,19,2,5,4,1,0,5,3,10,10,2,5,0,9,6,5,5,7,6,6,10,2,]
[1,8,4,4,5,0,0,1,7,6,1,2,4,5,1,1,1,4,1,1,0,1,1,0,3,0,3,1,1,2,0,4,6,2,0,1,1,4,2,0,1,1,4,0,5,0,1,3,3,2,2,7,0,4,3,3,1,0,3,0,3,8,8,1,]
[36,3,40,36,6,1,41,35,7,4,12,11,6,37,5,6,79,21,110,30,18,14,31,31,11,28,20,9,18,36,22,22,23,53,9,17,30,33,5,8,7,47,5,44,78,10,10,32,40,15,15,6,27,20,7,6,19,21,4,6,24,32,62,45,]
[26,34,11,15,5,19,5,47,17,6,4,29,24,50,4,8,26,16,27,27,18,8,10,52,62,45,37,20,22,87,5,20,25,24,66,16,30,40,8,20,5,20,2,18,12,67,17,32,22,39,10,19,15,1,10,27,37,14,9,1,17,23,44,3,]
[23,12,53,8,15,2,26,28,16,35,7,16,20,10,51,9,15,4,55,15,3,14,16,3,2,22,21,39,69,69,22,33,12,50,26,49,15,30,32,27,27,9,44,2,0,8,38,23,27,2,20,2,29,16,4,22,9,30,9,55,10,14,17,3,]
[12,17,26,42,20,28,17,10,52,1,3,5,8,28,18,36,14,27,24,5,10,23,12,35,9,4,43,33,20,21,7,45,9,33,19,1,28,21,12,26,54,29,12,18,16,21,29,3,61,8,30,8,4,4,21,24,31,35,22,11,22,12,12,2,]
[7,1,2,2,2,1,2,3,2,5,0,2,0,4,2,3,3,4,0,4,1,4,0,0,0,1,6,1,2,2,3,1,1,1,3,3,2,5,7,2,2,3,2,3,1,5,1,4,0,3,5,0,1,4,4,8,14,1,1,2,1,5,5,6,]
[6,3,0,1,3,7,8,0,1,3,0,3,1,1,2,3,8,4,1,0,4,4,2,1,7,4,0,8,4,4,0,2,2,4,2,1,2,3,7,2,8,5,1,3,8,3,1,2,2,0,6,11,0,3,1,2,5,8,1,0,9,2,0,4,]
[1,2,11,10,1,2,1,1,9,7,3,3,8,1,1,5,8,4,3,9,1,0,5,0,5,11,3,1,6,3,0,1,5,4,7,2,12,2,3,2,5,5,6,1,1,1,9,2,2,2,6,3,5,7,5,3,0,3,5,1,6,6,4,5,]
[5,1,7,1,12,9,4,4,4,5,7,3,7,1,2,1,3,4,6,1,3,10,9,4,0,8,6,1,0,3,7,2,1,1,5,1,4,0,5,3,3,8,8,1,9,3,1,1,4,4,2,6,5,7,5,3,12,3,4,4,1,0,1,9,]
[2,1,1,0,2,0,0,3,2,1,0,7,13,4,4,0,9,0,4,1,1,6,0,24,8,1,8,4,2,4,1,2,6,0,3,4,3,2,11,2,1,1,1,0,4,2,3,2,2,4,1,0,0,0,3,5,4,2,5,3,2,1,1,6,]
[2,7,0,5,1,1,1,0,2,4,7,5,1,6,0,3,1,7,1,2,2,4,5,8,5,2,5,4,5,2,1,2,7,2,2,3,1,2,3,4,2,2,2,5,8,5,9,4,0,2,5,3,5,1,6,1,2,11,9,5,7,0,2,5,]
[1,13,8,2,3,4,2,1,8,4,2,3,0,2,1,4,2,4,5,2,5,4,4,2,6,1,2,4,0,3,2,1,4,3,4,4,2,2,1,7,0,2,3,3,1,2,0,3,8,3,0,3,5,2,5,1,5,2,1,0,6,7,6,4,]
[6,6,4,4,1,1,0,4,0,6,5,7,2,3,5,3,4,2,0,1,1,0,0,13,1,2,1,2,4,6,5,4,7,0,1,1,6,1,5,4,2,3,3,2,2,6,4,3,4,0,2,5,3,1,6,8,3,5,2,8,8,1,1,6,]
[5,1,0,5,1,6,1,6,3,5,6,5,1,4,3,1,2,11,2,7,6,0,6,4,7,4,0,9,11,1,1,2,1,3,1,11,8,6,0,5,11,7,2,4,2,3,5,2,1,7,1,4,8,5,4,6,1,11,1,6,1,0,0,7,]
[0,6,2,7,7,3,0,0,1,9,1,3,2,10,1,9,4,0,7,2,6,3,5,3,5,5,1,1,4,3,3,1,2,3,0,1,8,1,4,1,4,0,9,2,3,2,2,2,4,6,13,2,2,1,8,1,3,3,3,7,1,5,2,2,]
[4,3,4,4,12,0,3,1,2,4,6,3,10,1,8,6,0,0,3,3,5,2,7,4,0,4,3,1,6,6,2,2,7,2,8,5,5,4,7,6,6,3,2,8,1,2,3,4,5,3,13,2,3,2,1,3,4,2,10,0,2,1,4,3,]
[0,1,2,4,2,4,0,4,11,9,5,0,13,2,2,1,2,1,5,1,5,7,6,8,5,4,1,1,2,3,0,1,2,3,2,2,2,3,3,5,3,0,8,6,4,5,3,6,3,5,5,4,3,4,2,1,3,1,1,2,2,6,3,0,]
[9,2,5,2,5,1,1,0,1,7,2,4,3,2,8,2,1,7,12,1,5,8,2,2,3,2,9,5,3,2,3,1,5,1,2,1,10,11,2,0,0,1,2,0,6,11,1,15,3,4,3,10,1,4,14,5,3,3,8,5,1,0,3,0,]
[12,6,1,3,1,4,1,2,6,6,4,7,1,3,0,0,3,1,3,1,1,1,1,8,1,4,3,3,2,11,2,8,1,6,1,2,3,1,8,1,3,3,2,1,3,3,2,3,3,5,3,6,3,4,9,6,6,1,6,1,3,8,0,6,]
[1,3,2,0,1,6,3,0,6,0,2,4,1,1,2,1,8,8,1,1,0,10,3,3,1,5,5,1,4,4,2,2,1,0,3,5,1,2,1,3,1,7,0,9,2,3,2,5,3,0,1,2,7,4,3,8,2,0,1,6,0,9,8,1,]
[41,14,7,16,19,27,39,13,14,9,19,12,62,12,5,10,9,33,10,18,16,11,16,3,37,24,9,78,30,19,24,12,34,15,33,28,15,1,43,64,23,15,32,12,33,30,3,90,61,35,36,6,9,43,10,30,14,31,63,17,83,41,63,43,]
[6,3,6,16,8,5,4,7,12,9,1,18,2,4,3,5,4,2,2,1,6,1,6,1,2,3,5,3,0,2,11,3,6,3,4,4,2,6,4,3,4,2,2,7,2,1,0,6,1,1,4,3,4,7,3,3,3,0,6,3,8,5,7,3,]
[2,1,6,2,1,0,1,3,0,4,3,2,3,7,3,0,4,3,1,3,2,0,2,1,3,1,2,0,3,0,4,2,2,0,3,3,0,0,1,0,1,3,0,5,1,3,6,2,1,7,1,7,2,2,5,5,3,2,1,7,2,0,1,5,]
[10,21,6,31,15,26,8,27,6,13,23,0,40,26,36,17,4,25,16,38,13,10,9,10,25,7,13,23,11,26,44,6,12,27,8,39,20,26,30,62,14,25,68,14,46,17,23,8,17,32,4,11,14,9,44,12,14,7,17,18,6,11,42,7,]
[46,33,1,7,23,11,56,38,30,22,15,6,11,48,7,4,5,33,9,9,2,7,20,1,6,44,52,73,69,15,12,19,19,22,102,27,35,47,21,14,45,4,41,29,59,6,44,26,56,43,16,24,20,32,44,48,34,14,9,17,36,3,33,15,]
[6,19,26,5,23,17,32,31,37,26,25,27,8,8,3,4,29,35,3,8,7,7,21,18,18,22,15,11,36,51,48,11,10,19,15,15,2,17,19,39,11,22,31,38,1,19,42,52,14,31,4,13,20,11,14,28,13,16,53,29,69,87,4,41,]
[17,23,30,5,36,28,7,9,13,9,56,14,42,18,28,4,83,13,2,13,29,5,21,17,47,16,40,19,36,53,7,32,38,18,30,9,31,4,10,3,48,14,14,8,7,30,18,15,32,45,36,39,39,32,10,25,75,22,33,11,29,13,27,12,]
[2,4,0,3,10,6,0,4,3,2,1,1,15,4,6,4,2,3,1,2,4,2,3,1,10,6,4,2,13,4,3,7,12,2,3,2,1,6,2,6,2,6,2,7,2,1,11,1,3,10,4,1,4,3,3,7,5,5,5,7,8,0,2,1,]
[1,2,1,0,0,6,4,4,9,3,4,2,3,6,3,7,3,8,10,2,0,3,14,14,0,8,0,6,3,3,6,1,7,4,2,5,1,1,6,4,16,2,1,6,1,0,1,1,15,3,3,7,1,3,0,3,0,7,2,1,3,1,5,2,]
[3,2,11,4,4,3,4,5,1,0,2,7,3,14,3,6,2,1,7,5,3,7,4,4,1,1,4,3,2,0,2,8,3,1,2,1,1,9,0,1,3,1,0,4,6,1,2,1,2,0,3,5,5,1,2,1,11,2,2,3,9,3,2,5,]
[8,5,2,6,2,6,3,10,9,4,2,5,2,3,1,0,3,4,3,4,2,4,3,1,0,2,1,1,2,0,3,4,1,8,3,3,0,1,6,6,0,7,4,2,8,3,4,7,6,3,3,4,2,2,0,5,9,2,7,1,1,10,7,4,]
[5,1,6,3,1,3,7,1,2,5,4,1,3,3,7,2,2,1,5,1,5,0,2,2,8,0,3,9,7,2,2,2,11,2,3,4,2,4,2,5,3,2,3,1,3,0,4,3,8,3,2,1,8,5,4,2,1,6,4,0,2,2,11,8,]
[4,1,6,0,7,3,2,6,3,1,1,3,0,5,8,0,2,2,8,0,0,3,4,2,3,2,3,2,1,1,7,0,1,3,1,4,5,9,2,1,7,2,3,3,2,2,5,7,4,14,0,7,1,1,1,0,4,4,1,0,1,6,2,0,]
[10,5,4,4,6,5,4,2,2,4,5,3,6,4,2,3,2,0,3,4,11,2,2,1,4,16,4,0,4,3,12,3,5,6,11,1,4,3,3,5,2,1,6,8,1,3,7,5,3,2,3,3,2,3,1,5,3,4,3,12,2,5,1,4,]
[7,5,2,2,6,8,7,7,1,3,4,2,3,3,11,3,2,3,0,0,4,9,1,6,7,9,4,11,3,1,3,1,1,3,3,2,9,13,2,3,5,1,1,6,1,3,3,0,6,2,6,0,1,5,2,1,3,1,4,3,2,3,6,2,]
[1,5,3,4,1,2,4,0,13,2,2,7,2,5,1,7,0,4,2,1,5,4,2,2,0,4,3,0,8,4,2,0,5,3,1,7,1,7,3,11,7,1,0,3,0,2,2,0,1,0,4,8,4,4,4,6,7,8,3,1,1,8,5,2,]
[3,4,2,2,3,3,18,0,2,0,3,6,4,2,1,0,6,5,4,12,2,1,4,6,1,0,5,1,4,0,7,3,8,7,2,5,1,2,10,3,3,1,12,2,3,3,1,2,2,16,3,5,5,2,0,8,12,1,4,5,3,3,3,4,]
[0,4,9,9,1,1,5,2,3,2,1,7,2,5,3,0,1,0,0,9,2,2,1,2,1,10,0,5,1,13,1,2,1,1,2,5,8,4,3,0,2,3,1,2,3,1,2,1,2,4,3,5,9,3,1,4,3,0,4,2,0,3,2,1,]
[2,4,3,0,2,2,1,3,2,7,5,2,2,2,6,3,2,5,0,1,5,2,0,1,1,4,4,1,1,2,1,0,2,1,8,1,2,3,9,2,1,1,2,3,0,0,4,0,4,3,3,3,6,0,3,0,0,6,1,8,2,1,5,1,]
[1,2,5,2,2,5,4,7,2,2,12,2,5,9,2,1,0,1,1,1,7,1,1,1,0,0,4,5,2,2,2,4,0,8,4,8,3,2,1,2,11,2,4,2,1,6,2,1,3,1,5,1,2,0,3,3,4,6,6,1,4,1,5,11,]
[5,1,3,3,4,11,3,5,0,9,11,15,6,4,2,1,2,1,11,2,4,6,4,1,3,3,1,4,0,4,2,10,1,2,3,1,7,12,3,3,2,2,6,6,4,13,11,5,4,3,5,3,4,9,1,4,2,4,1,2,1,5,0,2,]
[3,2,8,15,6,0,1,3,4,5,4,3,3,3,1,5,5,2,6,8,10,0,2,1,4,3,8,0,7,6,0,1,2,1,5,7,1,1,0,2,2,5,1,10,4,0,0,4,3,9,2,3,2,6,1,1,3,3,3,1,3,1,6,9,]
[23,9,20,6,8,45,21,19,21,6,16,19,20,32,16,46,26,52,11,11,8,12,4,29,23,17,16,10,76,16,22,8,50,11,28,45,10,39,10,27,78,52,35,53,7,25,3,31,28,60,32,16,94,32,19,15,4,12,4,12,6,6,24,27,]
[8,2,1,14,13,4,4,5,11,3,4,2,1,5,4,3,3,2,1,4,3,1,10,4,4,4,10,3,2,1,4,6,11,1,2,3,0,5,6,4,1,6,1,4,7,4,3,4,5,4,9,5,0,0,7,0,2,0,2,9,1,2,9,8,]
[1,0,1,1,0,0,0,0,0,0,0,0,2,1,1,0,0,1,0,0,0,0,0,0,1,1,0,0,1,0,0,0,0,1,1,0,0,1,0,1,1,2,1,0,0,1,1,1,2,0,0,0,0,1,0,0,0,0,0,0,1,1,0,0,]
]
