This is computation ability:
[
[0,0,0,0,0,0,0,0,0,0,0,0,0,0,0,0,0,0,0,0,0,0,0,0,0,0,0,0,0,0,0,0,0,0,0,0,0,0,0,0,0,0,0,0,0,0,0,0,0,0,0,0,0,0,0,0,0,0,0,0,0,0,0,0,]
[0,0,0,0,0,0,0,0,0,0,0,0,0,0,0,0,0,0,0,0,0,0,0,0,0,0,0,0,0,0,0,0,0,0,0,0,0,0,0,0,0,0,0,0,0,0,0,0,0,0,0,0,0,0,0,0,0,0,0,0,0,0,0,0,]
[3,1,0,1,10,2,0,0,0,0,1,0,9,1,8,4,9,0,0,8,1,2,3,3,4,0,4,1,0,6,0,3,5,2,7,3,1,8,0,5,1,4,0,1,1,5,0,2,3,17,0,0,1,5,0,1,0,1,3,0,4,7,3,1,]
[8,24,23,30,37,39,10,8,13,20,17,4,35,40,4,1,3,40,12,26,80,23,16,16,15,17,2,25,9,75,1,7,6,11,23,26,30,3,41,1,13,14,17,2,32,59,30,34,2,10,28,40,17,15,52,0,29,5,9,8,26,55,10,19,]
[16,40,5,8,38,15,38,4,9,7,50,20,23,50,12,15,15,25,0,31,12,62,33,26,85,44,0,14,14,2,22,27,2,13,2,23,55,9,5,10,43,25,11,42,14,1,3,19,42,13,23,27,4,25,36,22,47,39,44,15,29,1,75,8,]
[22,0,23,9,61,50,45,80,17,22,31,12,9,1,11,14,31,24,24,69,58,11,16,7,8,41,15,0,68,24,15,5,16,17,53,4,16,35,31,27,9,6,11,21,3,4,43,50,24,38,0,49,21,18,5,25,8,3,26,13,26,7,4,7,]
[35,6,1,14,96,15,62,30,70,28,4,18,16,2,16,50,31,20,18,13,0,20,7,33,30,42,3,12,21,82,16,49,63,59,29,5,10,19,21,18,61,10,35,25,12,109,17,9,10,5,4,34,1,16,8,46,104,27,10,6,36,102,9,28,]
[1,8,4,8,13,3,5,0,1,1,2,1,6,8,7,8,5,2,14,10,3,2,7,0,2,1,5,0,1,1,2,8,1,2,0,1,4,0,1,5,5,2,0,7,4,10,4,3,13,1,6,5,3,0,3,7,6,0,7,1,1,1,1,0,]
[3,0,1,7,1,5,0,0,7,5,15,9,1,5,5,0,7,3,0,1,12,14,0,3,5,5,0,1,1,0,6,0,23,4,8,0,4,3,2,2,1,11,7,5,12,2,2,0,2,1,0,1,5,1,2,9,1,2,6,1,2,2,5,5,]
[12,2,3,4,0,7,1,5,13,2,7,5,0,2,5,1,4,2,3,3,1,9,4,0,1,0,2,17,1,3,6,0,7,5,2,8,5,3,1,0,5,2,3,2,2,0,0,6,6,7,2,6,1,3,2,4,0,2,13,7,0,2,0,1,]
[8,11,3,1,0,16,7,2,2,3,0,15,6,2,2,1,4,13,7,10,5,1,21,7,0,1,2,1,3,3,2,5,1,6,17,1,4,0,0,10,8,0,0,2,2,0,1,1,0,6,4,1,4,2,2,2,0,0,16,0,7,2,2,2,]
[1,2,4,0,4,3,4,3,1,1,0,0,1,2,1,12,9,3,0,0,4,6,0,0,1,0,2,3,3,0,0,1,11,3,0,5,5,0,5,2,2,1,3,2,1,10,2,8,6,1,2,0,2,7,1,4,1,0,0,3,0,5,0,0,]
[11,0,1,2,1,2,1,1,8,2,0,7,0,1,0,3,1,0,6,4,10,3,3,7,1,2,0,0,8,0,2,0,0,2,13,1,0,2,3,0,5,3,3,14,0,0,7,1,2,0,6,18,2,2,1,4,1,1,5,4,6,3,0,5,]
[4,24,3,2,4,5,7,0,5,3,0,1,2,0,0,0,8,2,1,10,2,6,13,21,6,0,3,0,1,6,2,0,3,0,4,9,0,10,9,8,2,0,7,2,1,9,9,3,5,0,11,3,0,9,7,5,9,1,3,5,1,3,2,1,]
[6,2,1,4,3,0,2,2,2,0,1,1,0,6,6,2,0,0,2,2,11,1,5,18,4,4,2,9,0,3,6,1,3,0,2,2,6,1,1,0,0,1,0,1,7,11,2,0,2,3,2,4,1,1,8,30,2,2,2,0,1,16,5,8,]
[3,3,5,0,0,2,2,6,2,1,1,7,14,0,3,8,2,0,1,10,4,0,37,3,2,2,3,0,0,1,8,2,1,1,5,1,0,1,5,4,0,14,2,1,4,1,0,2,1,5,1,0,2,4,0,2,9,3,11,8,0,4,0,0,]
[4,1,3,6,0,0,1,7,1,0,1,0,3,0,1,1,14,2,2,7,0,6,4,10,3,2,1,1,12,5,2,6,4,0,1,4,0,1,0,3,0,1,5,0,3,4,0,1,17,2,0,9,0,0,2,0,15,0,2,0,1,1,1,0,]
[4,8,1,0,1,0,0,7,1,4,2,1,4,4,2,15,4,8,8,2,8,0,3,2,0,1,4,0,2,7,0,5,0,0,1,0,7,7,0,1,0,1,3,0,1,4,0,3,2,1,3,3,1,1,13,5,2,8,9,0,1,3,1,3,]
[2,4,15,9,2,0,2,4,0,6,6,2,0,6,2,3,9,2,4,0,0,0,0,8,1,3,14,11,5,1,7,2,19,0,1,1,7,4,4,2,6,5,0,2,4,3,0,10,4,4,0,9,1,3,12,7,3,1,0,0,0,8,0,1,]
[1,7,4,3,3,4,0,6,2,1,7,4,0,3,0,2,3,0,10,6,0,4,2,6,0,1,11,3,4,0,1,4,3,0,1,12,4,3,4,1,0,6,1,2,0,6,0,0,1,8,3,1,2,8,6,3,1,8,5,0,3,4,5,1,]
[1,2,0,0,13,12,0,0,10,5,0,8,10,0,1,0,19,9,6,0,3,8,1,1,0,3,2,1,2,0,7,0,0,1,10,0,3,0,2,2,2,3,9,5,2,14,1,2,1,3,3,2,20,0,4,2,2,2,0,4,14,3,3,1,]
[5,0,7,7,10,11,7,2,0,3,4,13,0,4,4,3,5,0,1,6,19,11,0,0,1,2,4,0,2,3,1,1,0,0,9,1,2,0,1,5,0,0,3,0,6,0,0,1,1,0,5,1,1,4,9,0,1,13,0,2,0,8,0,6,]
[105,19,39,55,35,45,27,47,71,7,30,33,9,42,21,65,14,210,7,21,41,43,54,81,47,13,10,22,29,1,6,32,21,34,64,70,2,49,41,32,37,1,4,35,44,137,30,14,9,15,27,38,72,14,17,6,7,17,1,9,28,107,19,5,]
[2,2,2,5,24,2,1,3,5,1,3,3,1,1,1,1,2,2,1,3,0,9,22,2,8,0,1,5,4,5,2,9,1,0,9,6,0,0,0,4,1,5,2,6,10,16,1,6,1,2,22,3,1,3,14,9,0,1,0,9,14,1,4,5,]
[0,4,0,3,4,1,1,2,11,7,8,6,1,2,3,1,0,1,2,4,7,1,0,2,1,0,4,4,0,2,7,8,0,4,7,1,6,2,11,1,8,0,5,0,1,1,0,1,0,3,0,5,7,0,1,0,0,1,5,0,2,3,5,9,]
[49,8,9,18,11,46,2,8,5,8,8,46,0,9,9,14,13,34,4,23,21,9,26,2,3,64,38,29,46,1,4,43,84,0,18,32,23,11,5,5,11,7,12,14,11,30,41,6,19,2,11,42,33,0,21,79,12,4,21,33,27,2,38,1,]
[36,43,9,7,131,16,46,12,46,34,19,18,11,18,3,34,5,89,11,37,12,10,32,21,0,16,8,67,0,9,7,116,36,43,12,2,57,18,59,17,35,49,17,46,89,70,12,7,71,39,47,18,16,30,11,10,44,12,5,0,3,54,23,27,]
[13,40,36,40,6,5,27,26,36,10,68,34,67,10,15,13,51,11,0,9,32,20,0,37,7,4,10,45,16,3,7,15,41,45,53,9,11,7,18,28,4,17,43,19,8,99,18,14,22,11,0,3,7,70,134,18,2,136,7,31,12,5,5,7,]
[55,26,16,0,14,125,17,8,0,21,47,52,51,25,22,62,47,46,0,35,23,23,64,20,6,9,13,71,71,53,10,23,22,9,21,14,27,21,1,16,2,32,14,3,27,3,61,19,38,86,5,164,41,39,12,24,12,53,28,5,1,8,5,7,]
[7,2,1,4,3,5,0,2,9,0,0,1,1,3,2,2,0,6,9,5,4,10,3,2,1,1,11,0,1,2,13,1,2,3,0,0,1,1,8,4,0,6,1,3,5,3,7,11,0,3,4,0,0,0,17,2,3,0,6,0,1,1,7,1,]
[5,1,1,9,2,20,9,6,1,5,3,0,7,0,3,2,2,2,3,0,1,3,2,3,2,11,1,3,5,15,9,8,11,3,1,4,0,0,1,2,2,0,1,0,8,8,2,1,1,2,6,1,0,12,0,0,0,0,4,8,12,0,2,2,]
[0,6,7,9,3,3,0,2,4,0,0,1,4,8,1,10,2,2,4,0,1,3,2,2,0,0,1,5,4,2,3,4,4,5,2,1,6,1,0,12,3,0,1,0,1,8,5,1,8,10,14,1,1,2,3,0,4,6,4,0,2,1,11,1,]
[10,0,2,4,13,8,21,2,0,1,9,4,5,5,1,0,0,2,3,11,6,4,6,2,1,23,1,4,2,0,3,7,0,0,4,4,4,3,5,4,7,3,2,4,5,7,0,0,2,6,0,2,5,7,4,8,0,5,3,2,0,0,3,0,]
[2,1,0,0,4,3,0,1,0,7,9,2,0,0,1,1,1,24,2,0,1,7,0,1,1,2,8,8,2,0,0,6,1,3,0,4,3,2,5,6,4,3,3,8,2,13,16,5,3,2,3,2,1,3,2,1,6,6,10,1,9,7,5,1,]
[1,6,15,7,0,3,4,3,10,0,3,2,5,5,4,6,4,4,0,10,17,1,4,0,2,2,8,5,0,0,3,1,2,3,2,6,8,2,6,11,6,1,11,5,10,2,20,3,0,7,5,6,6,5,3,9,1,1,0,1,4,4,1,10,]
[0,1,2,5,13,2,6,0,0,9,0,13,3,1,7,22,0,1,10,3,1,11,0,0,0,6,5,5,1,0,2,4,18,2,15,2,1,4,1,1,1,4,2,0,7,0,2,3,0,0,0,1,1,0,2,0,5,4,5,2,9,6,2,11,]
[8,2,5,0,1,1,0,8,2,0,2,8,5,3,2,6,4,1,2,6,0,3,6,1,11,0,4,3,8,2,1,3,3,5,0,5,1,2,1,3,1,4,1,0,1,0,0,2,1,1,10,0,4,0,0,7,2,4,4,9,0,0,0,6,]
[15,1,3,0,10,3,12,1,1,0,1,1,1,0,0,8,5,3,3,2,1,3,4,3,8,7,4,1,1,4,0,0,0,1,4,6,0,3,3,7,2,0,2,5,6,5,3,0,0,5,4,7,1,3,0,0,1,2,1,2,7,6,12,1,]
[12,0,2,0,9,8,0,1,1,4,7,7,0,0,14,4,1,0,8,0,1,0,3,8,0,3,3,0,11,3,5,1,6,10,2,2,3,2,0,0,1,6,2,0,0,0,5,0,5,0,3,0,8,10,0,6,0,0,2,1,1,1,1,9,]
[5,4,11,1,8,2,1,1,3,3,3,0,0,2,13,0,3,0,6,0,0,7,1,7,0,0,5,3,3,7,5,4,6,3,8,2,3,1,8,0,5,5,0,3,3,4,1,3,1,0,0,0,3,4,1,7,4,0,8,1,0,1,5,1,]
[3,8,10,4,3,11,10,2,12,0,1,6,4,3,0,0,2,4,15,1,1,3,0,0,1,0,7,1,0,1,2,2,4,0,4,0,0,1,15,18,1,0,9,0,5,12,0,0,1,3,2,1,6,3,1,11,3,6,3,1,2,13,3,0,]
[0,6,0,0,3,3,7,0,6,2,1,0,1,10,4,0,7,1,0,9,2,4,4,2,7,3,2,2,1,1,29,2,0,0,2,3,2,3,3,9,6,0,2,1,2,7,8,5,4,4,0,4,0,2,4,0,3,10,4,7,13,18,5,0,]
[2,15,2,0,3,2,6,10,2,4,6,2,3,10,1,1,5,4,8,0,6,8,6,2,5,6,8,0,4,0,3,2,2,19,0,3,2,0,5,2,1,4,3,1,1,8,3,8,0,6,1,2,2,5,0,0,0,3,8,2,0,0,2,0,]
[4,4,3,8,0,6,8,6,2,0,3,6,12,2,0,5,4,4,1,0,3,6,0,6,0,15,0,1,13,3,5,0,0,2,2,7,3,2,11,0,1,0,0,2,0,1,0,2,1,1,1,0,5,2,0,1,6,7,0,3,2,3,2,0,]
[7,15,3,53,39,147,38,8,20,0,48,37,8,0,43,18,6,22,38,114,15,24,31,96,38,44,39,8,2,4,1,6,26,44,67,26,19,1,5,11,23,79,129,4,48,22,4,54,8,53,13,8,47,3,57,0,0,13,5,0,22,36,15,33,]
[0,1,2,2,4,0,0,28,10,2,10,0,5,2,14,2,5,0,6,2,1,1,3,3,2,9,5,6,5,2,6,12,8,1,8,0,2,5,9,10,0,3,1,1,1,13,3,5,7,8,3,18,11,4,8,2,8,7,1,14,1,13,11,1,]
[0,0,2,0,0,1,3,1,0,1,3,0,0,0,0,1,0,5,1,1,8,2,6,1,5,0,0,0,7,7,2,2,2,1,5,1,4,0,3,5,2,1,0,2,1,2,2,7,2,2,2,2,0,4,10,1,1,0,3,0,0,0,0,0,]
[57,87,21,3,27,44,36,8,56,17,6,33,0,9,19,2,32,20,28,7,69,6,8,17,17,88,32,4,3,0,55,47,19,2,12,2,17,23,0,31,82,27,9,19,28,12,14,14,51,0,8,21,13,64,46,13,8,7,15,57,2,48,52,4,]
[0,18,23,41,7,51,19,67,3,24,2,71,27,6,16,78,52,18,7,47,2,6,22,6,89,34,0,1,17,13,18,34,3,1,9,55,15,27,9,1,28,47,14,33,39,38,14,22,87,17,35,0,50,23,28,5,18,5,1,11,0,86,45,7,]
[21,3,15,126,46,45,26,0,95,21,0,14,6,0,69,5,4,42,91,21,56,20,126,4,0,24,104,4,12,35,76,15,27,70,3,57,5,1,4,64,32,7,34,1,31,10,9,20,11,17,4,95,42,24,18,50,96,3,8,3,36,15,49,27,]
[15,36,31,30,9,16,24,3,14,28,13,146,62,2,30,3,36,70,39,60,15,22,23,4,19,53,6,20,24,31,48,121,87,6,6,19,32,25,54,3,2,7,12,22,4,34,1,35,30,6,26,3,25,5,3,34,117,71,6,10,0,7,105,24,]
[3,2,11,6,0,0,0,1,1,2,7,12,1,3,7,0,2,1,3,0,16,2,1,20,2,1,0,6,5,4,1,7,2,4,7,0,0,0,0,3,0,5,2,13,5,11,15,5,1,9,1,1,4,5,6,1,5,0,0,2,6,9,6,13,]
[2,0,9,0,0,3,6,6,8,2,6,2,3,0,1,3,3,3,2,13,10,9,0,1,0,3,4,1,3,9,1,0,20,5,0,2,0,0,11,1,1,2,5,0,4,0,0,6,1,4,1,22,0,11,3,4,6,3,6,11,0,0,0,11,]
[8,6,2,2,2,1,2,1,2,1,5,0,0,4,6,4,0,6,6,1,5,2,1,1,4,3,7,2,4,2,0,0,3,1,1,6,12,8,1,1,9,11,1,10,10,1,0,4,2,3,10,2,1,0,4,1,3,0,4,0,7,2,18,0,]
[7,2,0,16,1,2,3,10,4,0,19,0,2,2,9,0,4,2,1,7,1,9,2,10,0,8,1,1,16,2,1,9,3,9,3,9,8,0,10,2,2,10,5,0,1,1,3,6,2,9,0,0,14,26,11,4,0,2,0,2,12,3,3,5,]
[2,15,0,2,1,0,2,8,6,2,1,2,3,6,0,2,2,11,4,4,3,0,6,3,3,6,3,2,23,1,1,5,0,2,0,5,3,5,2,0,0,6,0,3,14,8,2,5,0,1,1,1,2,1,1,7,3,0,3,0,0,1,5,6,]
[7,8,0,1,0,2,3,10,1,2,5,8,1,3,10,2,0,0,2,2,2,6,2,12,1,4,0,4,1,3,1,0,10,4,4,0,4,0,0,0,1,4,5,5,2,10,11,13,2,2,1,8,5,0,4,4,3,6,3,5,0,0,0,2,]
[4,10,3,0,8,2,0,0,1,9,1,0,0,1,1,4,2,2,1,0,0,5,8,2,3,0,1,1,0,1,5,4,8,1,4,6,2,1,6,0,4,0,8,5,5,3,0,0,6,1,4,9,3,6,3,3,3,2,1,1,7,4,7,0,]
[1,6,2,8,0,1,0,8,4,4,1,1,2,8,1,1,1,2,3,10,4,2,17,10,3,2,3,1,3,3,13,1,1,2,8,2,0,1,5,34,1,1,1,2,0,2,2,8,2,3,1,2,1,0,2,4,1,1,7,18,0,0,6,7,]
[7,1,0,4,2,1,1,3,6,3,16,15,6,0,0,1,0,1,0,1,3,0,0,0,1,6,3,1,7,0,7,3,6,3,3,1,2,0,5,3,1,2,3,3,3,2,2,5,0,9,0,0,2,10,4,2,12,7,5,0,7,2,3,0,]
[1,6,0,8,8,1,1,2,0,6,3,4,2,1,0,7,0,2,7,1,1,5,4,6,1,6,1,0,3,1,26,5,1,5,1,11,0,7,1,5,6,5,2,0,4,2,0,4,3,5,0,0,0,2,0,1,2,3,0,0,1,0,4,0,]
[6,5,5,0,3,9,3,5,10,16,2,1,4,1,9,1,0,11,7,1,0,4,0,10,2,5,1,1,1,12,3,1,7,4,1,1,5,9,0,7,2,2,0,10,3,6,6,0,5,0,0,1,2,4,2,0,2,1,1,1,5,0,0,4,]
[1,1,3,7,1,0,4,9,1,0,2,5,2,4,6,0,0,3,15,11,2,3,1,3,5,1,9,2,1,0,0,1,0,0,7,3,0,1,1,3,2,14,5,8,0,5,4,2,1,10,0,5,19,0,11,0,1,0,4,0,0,1,5,4,]
[7,6,0,3,1,2,3,0,0,7,8,0,0,0,8,6,0,0,13,10,3,8,1,5,1,5,5,3,5,3,3,11,4,2,0,3,2,2,2,8,4,3,8,3,0,11,2,0,1,0,0,2,4,6,5,1,4,3,1,0,3,2,1,1,]
[0,1,0,0,0,2,0,6,1,0,3,3,5,1,4,6,0,18,4,1,9,1,8,10,4,4,3,1,2,3,6,5,3,3,1,2,0,6,0,11,4,3,9,0,6,3,2,5,3,2,5,0,1,0,5,0,9,6,4,2,11,7,1,2,]
[2,0,3,2,6,3,1,1,2,1,4,0,2,10,0,4,5,7,1,5,0,5,2,2,7,6,12,0,2,7,1,3,3,6,0,1,0,0,8,4,0,0,1,1,0,1,0,11,1,4,9,3,7,5,0,1,2,1,0,6,0,5,2,3,]
[1,1,7,14,16,8,9,9,37,31,61,15,6,4,21,4,33,20,6,49,34,45,54,0,44,33,14,53,19,83,24,2,24,5,44,11,14,39,0,33,19,19,64,31,74,34,6,20,33,4,43,6,50,69,19,3,2,18,15,63,32,20,20,3,]
[4,3,6,6,3,0,4,3,6,5,5,24,3,1,10,0,8,6,1,2,15,0,1,6,0,4,7,6,8,4,0,9,12,16,0,1,2,2,3,21,2,1,5,5,0,0,4,6,3,0,9,7,8,0,3,4,11,8,2,9,6,14,15,9,]
[0,1,2,2,4,0,4,1,2,1,0,1,0,1,7,0,1,0,0,1,2,1,3,0,1,0,8,0,0,1,1,4,1,6,4,2,0,8,2,0,4,2,0,3,4,1,0,6,0,0,0,4,0,6,9,6,5,0,2,2,2,6,0,4,]
[9,5,28,13,2,2,43,7,26,17,3,11,2,16,23,22,23,2,26,1,7,12,29,52,20,87,9,0,1,14,136,91,19,48,56,6,3,27,46,4,7,27,4,2,13,39,17,87,5,8,33,42,9,6,7,14,1,37,13,11,13,2,52,2,]
[4,27,0,35,15,13,26,14,12,33,11,44,15,6,12,18,1,10,24,14,102,4,19,0,28,16,7,46,65,0,18,16,19,36,7,10,22,33,16,40,4,3,22,22,4,49,2,12,9,5,18,0,12,2,4,3,7,27,45,8,1,3,16,23,]
[26,23,19,0,9,11,2,27,3,11,4,0,6,27,14,40,1,61,15,23,62,30,74,2,5,15,1,28,75,6,14,20,47,17,49,33,5,7,52,32,101,51,37,4,13,16,2,2,10,30,25,4,3,19,48,36,11,14,12,65,19,1,14,24,]
[3,35,31,48,13,6,55,31,104,1,17,44,0,7,23,69,69,16,75,26,11,0,1,19,3,7,30,29,26,22,58,26,19,3,20,40,22,29,4,10,0,30,58,72,41,24,39,28,36,14,62,0,36,28,2,14,27,32,6,124,11,20,72,58,]
[6,0,0,4,6,1,1,1,5,17,1,4,0,0,0,13,2,3,0,0,7,0,6,1,8,2,3,0,0,0,5,1,2,8,6,1,13,0,2,3,1,3,0,1,4,3,3,3,2,0,0,0,0,1,5,2,9,1,3,5,8,0,3,1,]
[1,3,0,7,0,2,1,0,9,1,8,12,0,0,1,4,0,1,7,11,0,6,9,23,1,1,5,6,0,1,0,4,6,15,9,1,3,6,1,4,10,1,3,10,1,6,3,7,3,2,1,5,3,1,0,7,4,2,2,4,3,5,5,1,]
[3,3,0,2,1,7,4,0,4,1,5,4,7,2,3,7,2,1,0,1,9,1,0,0,9,5,2,7,0,0,10,3,3,2,3,0,0,1,1,5,7,0,22,3,0,0,1,3,9,0,2,0,7,1,0,2,1,1,2,2,1,4,5,1,]
[20,4,1,8,10,1,7,1,0,1,5,7,13,7,4,3,0,5,10,15,4,3,6,4,16,9,0,3,6,0,3,0,1,6,3,5,0,9,3,1,1,6,1,2,7,9,4,3,1,10,7,1,7,1,5,4,3,1,7,0,5,0,1,3,]
[1,0,3,1,2,2,3,7,9,0,1,3,0,0,2,1,0,0,1,7,10,4,0,0,0,3,2,6,0,1,10,3,9,0,0,3,1,9,0,1,9,2,6,3,6,3,3,4,1,1,0,2,2,9,0,4,5,0,1,1,1,4,1,3,]
[0,1,5,1,1,2,2,0,7,10,1,6,0,0,5,8,0,2,0,4,0,3,9,3,0,0,0,3,1,6,6,0,0,2,2,8,0,0,5,3,1,7,0,4,7,2,4,12,8,0,7,2,0,8,2,12,13,1,1,2,2,4,3,1,]
[10,4,0,2,1,1,0,1,6,1,5,2,11,7,3,2,8,4,0,0,0,7,4,4,17,0,0,0,5,1,2,0,3,2,4,0,7,6,0,1,1,3,8,1,2,6,0,1,5,3,6,10,0,4,4,3,2,0,0,0,0,6,4,2,]
[4,8,0,1,0,12,6,0,3,7,3,9,1,0,5,0,7,3,2,3,5,0,7,0,1,9,2,2,9,2,5,4,2,7,0,6,2,3,2,2,6,4,1,2,7,1,5,0,1,7,5,14,2,0,0,1,4,12,0,1,6,2,5,4,]
[0,0,4,0,0,0,2,4,2,6,0,3,0,2,0,0,3,0,2,3,2,2,10,5,4,0,0,6,3,3,0,7,8,4,6,2,0,0,6,3,0,8,4,1,0,0,1,8,4,2,1,8,6,1,0,1,8,3,2,2,5,7,10,2,]
[0,1,0,14,1,5,0,0,0,1,5,0,0,6,0,3,0,2,7,7,2,0,5,3,3,7,3,0,3,1,2,3,7,0,1,11,2,3,2,1,0,4,3,4,3,4,0,6,2,3,3,1,1,0,6,3,8,2,2,0,7,0,0,2,]
[2,1,9,0,2,5,4,2,4,6,1,2,3,1,6,4,0,2,1,4,0,0,3,2,11,1,6,10,0,2,0,3,5,0,0,0,0,3,0,5,1,6,0,1,0,12,12,6,1,3,12,0,2,1,0,3,0,5,1,1,0,6,0,2,]
[0,0,6,1,13,3,1,9,1,4,1,9,11,0,4,3,4,0,8,0,0,3,1,5,0,6,2,9,1,1,3,1,3,4,3,3,0,3,4,9,2,3,0,2,2,1,1,1,8,3,3,2,9,6,0,2,2,4,9,0,2,2,5,3,]
[0,0,0,0,4,0,1,0,5,1,1,1,3,1,6,0,1,0,0,10,3,1,0,2,1,1,13,2,0,0,4,1,6,1,2,5,10,6,0,4,1,2,11,2,1,4,1,5,4,7,9,2,11,10,0,8,5,2,3,0,4,5,10,4,]
[0,0,2,5,0,3,1,1,5,4,3,3,3,2,1,1,3,4,3,2,0,0,3,9,1,6,4,1,15,2,1,2,4,0,4,7,0,6,7,4,1,2,0,6,12,3,2,5,5,3,3,0,5,2,0,3,0,0,0,10,5,0,0,5,]
[1,11,9,8,2,7,1,0,4,1,0,0,6,5,12,5,1,0,0,5,1,1,9,2,5,3,1,0,5,2,2,3,6,8,0,3,2,5,0,1,3,0,0,4,0,3,0,16,6,0,0,2,0,3,1,2,12,15,1,7,7,4,4,0,]
[19,0,52,27,102,17,19,49,22,18,0,23,94,8,15,29,89,17,2,4,27,43,27,92,24,77,46,36,16,50,66,17,50,40,0,11,27,2,29,6,5,23,14,3,54,17,21,55,0,24,22,12,100,39,22,7,20,39,19,38,52,5,16,39,]
[6,4,0,6,4,9,2,0,18,0,1,0,21,6,1,5,0,7,15,1,2,2,1,16,0,16,4,2,1,0,3,5,1,0,7,2,4,0,15,3,4,10,8,0,13,2,2,19,7,6,0,15,5,9,4,2,1,13,9,2,1,0,2,3,]
[3,8,0,0,0,1,0,0,0,0,2,2,2,0,2,2,0,14,1,7,2,0,2,4,0,0,2,0,0,4,0,0,0,6,0,21,0,2,3,3,0,0,3,1,1,5,6,12,0,1,2,0,0,2,0,3,2,2,1,3,0,6,0,0,]
[14,7,29,85,5,38,24,97,20,0,29,43,56,3,18,19,24,3,8,17,0,29,47,24,13,11,8,49,14,55,56,19,41,80,0,4,47,10,53,2,18,22,19,3,0,22,10,8,29,3,4,28,20,21,13,0,17,83,40,5,16,33,66,4,]
[6,48,3,4,42,12,18,15,36,28,4,13,12,6,12,3,2,11,5,19,30,75,2,31,2,21,143,2,37,7,13,56,8,49,1,24,1,53,49,19,4,30,54,13,51,18,26,23,1,0,116,5,1,91,14,0,18,36,41,29,12,5,4,59,]
[32,17,9,74,56,8,11,29,7,3,18,21,38,10,36,31,5,12,0,55,7,77,18,1,26,13,24,4,12,14,7,1,58,33,10,64,12,13,6,76,1,25,6,24,0,4,4,11,3,9,3,33,9,9,25,9,10,10,172,4,32,45,2,40,]
[18,8,43,12,12,31,77,20,7,4,24,24,38,30,24,17,0,46,28,36,27,78,14,15,32,29,13,1,16,1,8,40,10,49,25,7,30,21,5,25,61,27,4,22,4,47,18,46,34,15,9,2,147,48,23,6,8,11,65,12,7,1,57,8,]
[1,0,2,1,0,0,0,2,4,0,2,0,2,2,1,13,3,0,0,8,1,3,1,1,0,0,7,2,1,1,0,7,1,0,1,3,0,1,3,5,9,1,5,1,3,0,3,0,0,3,4,13,6,16,1,2,3,2,1,13,0,5,2,12,]
[8,0,11,8,0,0,4,4,0,0,2,7,1,0,4,9,6,1,8,0,0,11,5,2,0,8,29,0,2,3,3,4,6,0,4,5,1,4,4,2,5,3,0,11,1,1,6,0,1,3,25,1,3,7,0,3,7,0,8,0,9,6,9,2,]
[9,9,0,3,1,3,0,6,1,1,0,16,10,4,0,1,0,1,1,0,0,7,7,2,3,4,7,11,0,8,7,2,0,2,0,8,2,4,5,0,3,2,0,5,0,0,2,6,0,4,1,3,1,3,8,1,1,0,4,0,7,0,1,1,]
[0,5,13,1,1,3,1,5,0,1,0,22,7,4,1,5,2,7,3,0,0,2,1,2,3,0,0,5,1,0,5,1,2,6,3,3,3,2,4,5,11,6,6,3,22,5,1,0,5,3,1,1,11,2,0,3,3,1,9,0,5,5,6,10,]
[1,7,1,2,11,3,5,1,0,4,0,3,0,1,0,1,9,3,4,1,1,3,13,1,1,4,0,6,2,2,1,1,6,4,5,12,4,0,6,0,6,2,7,0,1,3,4,16,3,5,4,2,1,3,1,3,0,2,1,4,4,12,1,0,]
[12,6,0,1,1,3,2,2,0,0,5,4,1,2,2,6,0,4,2,8,0,6,1,3,2,9,1,0,16,0,0,1,4,10,6,0,17,2,3,8,6,0,3,0,1,0,5,0,14,2,0,14,0,6,4,0,16,2,0,10,0,1,2,0,]
[1,2,1,1,5,4,1,2,2,3,2,2,0,1,1,9,8,7,2,4,1,2,1,0,3,1,3,0,0,1,8,2,1,1,5,11,2,0,5,0,1,1,9,0,5,0,8,0,0,5,15,0,0,1,19,1,2,0,5,2,7,3,0,2,]
[13,1,5,3,10,0,6,1,0,0,7,4,4,2,18,3,8,1,0,1,3,0,6,2,0,7,7,0,7,5,3,3,6,1,0,3,0,7,2,1,0,8,10,3,7,7,12,0,4,2,0,10,6,0,4,0,0,0,4,2,0,2,5,0,]
[7,0,1,7,0,1,12,6,0,2,0,6,1,4,5,1,6,2,5,3,1,0,3,13,8,0,1,9,0,2,3,0,3,5,3,0,1,1,1,4,12,8,6,5,4,1,0,16,2,0,1,3,0,9,1,10,1,0,0,3,9,3,13,0,]
[1,7,0,6,4,2,0,3,8,13,10,7,5,0,5,6,4,0,4,6,3,6,3,2,4,1,7,1,2,5,10,4,5,2,4,4,5,5,0,0,0,3,3,2,6,2,11,4,13,8,0,3,11,0,7,0,2,12,0,8,0,0,0,14,]
[1,0,19,0,2,0,0,5,4,0,0,0,2,2,10,4,2,5,0,1,5,1,4,8,0,0,0,5,4,2,8,7,7,2,5,12,3,7,0,0,3,6,0,1,2,18,3,3,0,3,2,2,3,1,7,2,6,4,1,11,1,3,1,2,]
[9,4,1,15,4,9,9,1,0,1,15,1,0,0,4,2,3,4,1,1,2,6,15,0,7,6,1,4,1,6,0,15,9,2,2,15,1,3,0,0,1,2,7,6,19,3,9,6,1,0,11,1,0,4,18,7,3,5,1,1,1,6,1,0,]
[4,5,4,10,9,0,12,1,1,0,0,5,9,0,3,0,4,2,1,8,2,2,3,6,1,2,10,1,1,0,1,5,1,1,0,0,1,0,5,1,2,1,1,10,0,7,1,1,6,3,7,4,5,0,1,0,4,4,2,11,1,0,3,6,]
[0,0,2,13,0,1,1,1,10,6,0,3,0,4,0,2,0,2,10,0,1,12,4,1,0,4,4,1,0,7,0,5,1,8,0,3,1,5,3,16,0,7,22,1,0,3,6,0,9,0,2,6,3,5,0,0,0,0,0,1,0,2,0,2,]
[16,1,1,1,0,7,1,8,2,4,5,3,0,6,11,1,2,5,6,4,1,8,0,8,0,9,5,4,1,1,5,4,0,1,2,4,1,1,2,5,0,2,10,2,1,1,4,10,3,0,1,6,13,0,6,0,1,1,6,6,0,0,0,8,]
[16,13,11,9,1,8,18,26,0,31,39,1,14,12,52,3,126,70,54,25,5,17,13,13,11,60,39,5,12,6,76,150,37,15,68,25,56,5,37,8,19,1,9,11,108,53,73,1,39,7,11,20,7,44,26,18,45,26,12,17,125,9,0,7,]
[0,2,5,3,2,4,5,5,1,7,0,5,3,2,6,5,0,9,3,12,0,3,11,0,1,0,4,5,5,5,1,4,0,1,1,5,18,3,0,5,17,11,7,3,3,12,2,5,1,3,11,13,10,2,2,3,3,1,5,23,2,1,7,3,]
[2,7,1,0,1,3,0,1,1,4,3,0,6,2,10,0,4,2,2,0,2,10,0,0,3,5,4,5,3,0,2,0,2,0,0,2,2,1,2,7,1,3,1,0,2,6,1,1,2,0,3,5,6,2,2,1,15,14,3,0,3,2,3,5,]
[22,58,28,32,9,26,22,8,7,7,10,21,3,19,2,12,9,39,17,21,20,17,2,15,12,58,40,8,13,4,28,32,27,19,1,0,19,31,1,23,9,74,34,28,49,14,0,29,89,4,30,2,44,27,1,26,2,17,52,44,26,11,3,33,]
[51,11,11,3,0,5,15,0,4,10,4,8,17,6,106,24,29,8,47,36,3,68,13,0,23,31,6,12,9,1,10,33,47,6,11,69,31,8,66,15,1,7,14,5,53,8,3,4,87,19,1,5,5,29,16,13,43,5,30,58,46,12,20,28,]
[6,5,0,15,25,33,9,10,41,3,1,2,2,1,14,4,7,2,6,26,45,24,8,13,1,82,2,12,17,6,19,3,19,0,15,78,6,12,32,6,10,34,26,69,11,22,27,9,20,39,11,10,32,2,7,0,1,1,5,28,25,13,17,3,]
[5,11,17,6,14,1,3,39,20,6,22,37,11,11,5,29,16,16,9,16,4,8,25,11,8,4,1,12,4,15,58,29,76,10,46,12,13,6,16,1,4,14,22,38,17,0,62,15,1,107,6,18,8,13,84,6,23,2,7,5,22,13,9,1,]
[8,1,1,0,5,2,0,0,0,0,6,1,8,2,5,13,0,7,6,3,0,0,1,3,1,11,9,0,2,2,5,1,2,2,2,0,2,0,5,2,2,2,2,8,1,2,10,2,4,1,0,1,1,11,7,3,2,1,11,4,2,3,2,4,]
[1,3,0,0,3,12,2,1,0,13,5,0,3,4,1,7,7,2,2,0,1,1,3,11,1,2,0,2,7,8,14,1,1,3,8,4,2,5,4,0,4,3,3,6,0,5,10,0,7,1,6,4,2,2,1,10,5,7,0,1,2,4,4,0,]
[4,4,0,2,3,1,0,1,12,0,3,2,1,0,0,2,8,4,7,2,1,0,1,2,10,0,3,3,6,1,2,4,2,0,6,3,6,1,7,19,5,0,1,1,5,8,4,0,6,3,2,2,0,16,0,6,3,1,0,4,0,12,6,3,]
[0,12,5,0,8,7,4,2,4,3,4,3,5,4,3,6,2,0,19,7,4,0,0,3,2,8,9,3,1,2,3,0,2,5,5,5,0,0,11,1,2,1,0,0,1,0,3,1,0,2,0,6,0,1,2,0,0,5,2,0,5,2,0,1,]
[8,0,11,3,0,5,3,0,2,2,4,11,7,4,4,2,10,6,0,2,4,5,9,4,0,1,14,0,0,1,14,3,1,13,0,2,2,0,2,7,4,0,3,0,5,13,4,10,8,3,0,1,3,0,0,8,4,6,2,8,9,8,2,0,]
[17,4,4,1,1,1,11,10,0,3,0,0,2,5,0,2,0,2,5,2,5,3,4,6,6,1,16,5,1,8,1,3,4,15,3,0,3,1,1,6,6,5,13,1,2,0,0,6,4,6,3,1,8,1,8,2,3,4,20,2,7,10,4,0,]
[1,1,0,0,1,2,2,1,2,2,3,1,13,1,2,0,2,11,3,7,0,3,4,4,5,3,1,0,4,7,1,3,13,0,0,1,6,1,11,2,1,0,11,1,0,3,3,7,4,2,2,0,0,5,3,1,0,0,4,6,2,2,6,7,]
[0,2,5,3,5,2,2,0,5,2,1,1,0,3,4,5,6,4,5,1,11,1,4,1,3,1,1,1,0,0,5,1,2,0,7,7,4,4,1,5,0,3,2,0,3,1,0,6,1,5,11,2,6,20,1,0,3,2,5,5,10,0,0,0,]
[4,1,6,7,0,2,5,2,1,3,2,0,7,1,1,8,4,21,6,0,1,3,0,7,3,6,31,4,1,4,0,1,0,3,5,0,8,0,0,3,1,6,2,8,1,2,3,1,6,0,0,0,4,0,4,1,9,5,9,5,2,11,6,5,]
[3,4,3,3,10,10,7,2,5,2,3,3,2,3,1,6,1,0,12,1,2,1,4,13,7,0,3,2,1,4,1,6,2,0,0,4,2,3,12,4,0,3,8,9,6,0,3,3,18,10,4,6,0,0,1,11,1,2,1,1,2,0,3,6,]
[0,7,6,5,1,2,2,5,1,0,1,11,5,1,2,3,3,4,6,2,0,4,2,0,11,2,2,2,2,4,9,0,9,2,7,3,25,1,6,0,12,0,5,0,0,2,3,0,8,3,2,2,3,3,5,0,3,0,0,6,9,8,1,5,]
[5,0,1,1,0,7,5,1,0,1,3,6,5,12,2,7,0,1,5,0,4,8,1,5,3,15,3,6,7,2,0,5,1,3,3,2,3,0,1,4,3,4,3,0,1,2,1,3,4,8,0,7,2,0,1,0,7,2,1,0,1,1,9,0,]
[9,3,2,0,5,2,1,8,1,6,11,0,11,5,0,0,3,2,0,6,0,0,1,0,4,1,1,0,0,0,6,3,8,9,4,0,1,6,1,2,5,0,1,7,0,8,2,17,2,2,0,11,5,0,2,2,0,9,10,0,12,0,1,5,]
[1,9,2,6,0,0,1,0,10,0,3,0,2,0,1,1,0,4,3,5,0,0,0,2,0,1,0,4,3,1,0,12,0,0,0,0,7,0,0,1,6,0,0,4,3,4,2,4,11,1,2,4,0,0,0,3,0,7,5,3,11,7,6,2,]
[2,7,4,16,2,1,4,2,0,0,0,1,1,0,6,0,10,21,3,0,1,1,0,2,7,1,4,0,4,0,5,1,5,24,1,6,5,2,4,6,8,0,3,2,11,3,1,1,2,13,0,4,1,5,0,1,0,3,0,0,8,9,2,0,]
[24,14,52,50,10,11,11,23,14,19,26,50,21,45,118,1,7,9,1,47,0,63,1,3,29,2,43,18,38,8,22,81,43,0,4,8,36,38,22,12,57,60,7,23,19,34,33,26,9,27,0,59,75,76,49,45,7,18,21,1,20,30,110,17,]
[1,7,12,5,16,8,0,3,0,2,4,12,0,24,7,17,1,3,0,2,2,6,0,11,12,8,5,0,2,13,3,0,2,8,0,6,7,0,0,6,2,4,0,13,1,1,4,2,9,4,2,0,1,0,10,3,26,8,3,4,1,0,9,0,]
[3,5,2,2,0,2,0,1,1,1,2,6,0,0,2,5,1,1,3,8,1,6,2,3,0,1,2,10,6,2,4,2,2,0,0,5,5,10,3,9,6,3,3,0,3,1,3,8,2,4,0,2,1,8,2,2,2,2,6,2,10,5,1,1,]
[20,3,30,13,18,1,2,24,6,11,7,2,11,35,4,27,49,26,27,32,6,16,8,21,16,21,4,0,5,23,18,15,23,14,7,38,11,19,7,19,7,40,9,32,0,16,18,40,8,24,14,11,48,57,15,8,52,3,5,25,3,9,79,40,]
[49,44,8,8,2,8,24,28,20,11,5,49,5,4,20,16,28,86,27,28,67,27,11,13,7,1,6,18,31,35,14,21,6,18,24,8,15,11,5,3,16,33,2,18,22,10,11,7,9,7,10,1,0,9,28,37,15,9,44,7,23,1,2,0,]
[24,16,0,2,19,15,0,50,44,12,17,12,28,17,38,17,21,7,50,45,10,38,8,123,33,10,64,19,11,33,24,0,21,14,28,1,12,20,33,3,13,9,3,42,1,201,8,30,28,0,60,34,33,10,2,94,2,5,2,59,8,105,19,40,]
[4,10,102,17,21,8,17,43,3,38,42,9,55,7,7,9,47,82,1,13,13,66,21,8,18,3,91,24,8,4,23,4,18,57,23,89,52,26,13,1,7,5,4,8,6,0,17,34,16,0,0,17,3,41,11,21,0,18,5,21,9,17,33,26,]
[4,0,2,2,0,1,6,1,10,0,8,2,2,1,5,17,0,9,5,5,9,1,3,7,0,3,0,2,0,2,19,4,4,3,0,9,0,1,3,7,2,5,0,3,0,0,0,0,4,9,0,4,9,2,4,5,14,8,1,6,4,6,2,10,]
[18,12,4,1,15,23,0,5,1,2,0,1,2,0,1,5,1,9,0,1,1,5,2,3,0,5,3,0,5,3,2,7,3,0,1,6,2,4,4,0,0,3,4,2,0,4,1,0,2,0,3,1,3,3,5,3,4,6,4,2,10,1,1,1,]
[0,6,2,4,5,5,3,12,10,9,9,9,2,2,4,5,3,4,2,0,21,7,0,4,4,1,14,1,4,1,8,6,3,2,8,1,15,0,1,3,3,14,5,7,4,5,3,0,5,3,2,8,6,0,0,8,15,1,3,0,3,2,17,0,]
[12,1,6,1,13,5,16,3,3,0,6,4,0,0,2,7,15,2,2,1,1,0,4,0,3,3,9,7,3,9,0,5,6,8,15,11,2,0,0,2,9,2,6,5,0,4,12,3,6,1,1,5,2,4,3,5,6,0,3,6,1,8,4,0,]
[14,4,7,3,9,3,3,1,1,1,2,1,3,7,1,6,1,0,3,0,0,0,4,3,3,1,3,9,4,1,0,6,4,11,1,2,1,1,2,1,2,0,2,2,12,2,6,6,2,3,0,3,2,3,1,0,2,0,0,1,13,0,0,0,]
[8,10,1,5,6,4,2,1,0,5,0,5,4,8,8,2,2,3,0,5,0,0,10,0,0,3,1,12,2,0,1,7,1,7,0,4,3,6,0,3,1,5,1,0,0,1,0,4,2,3,0,6,0,2,0,0,14,0,8,0,10,2,5,3,]
[0,1,3,3,11,5,21,0,1,3,10,9,1,1,2,0,3,1,0,2,2,1,2,0,8,3,23,0,6,2,3,1,0,1,8,1,2,11,1,0,11,0,4,7,1,1,3,0,2,1,17,9,1,0,4,2,0,0,0,3,6,2,7,1,]
[3,3,0,0,7,0,1,3,1,4,0,2,0,1,1,0,6,9,5,0,4,7,2,4,3,0,5,6,3,3,0,0,0,10,0,3,3,2,0,0,2,13,2,1,0,0,0,3,1,1,2,6,0,6,4,1,1,3,7,6,0,1,0,2,]
[0,3,0,2,15,0,1,0,5,8,3,1,10,0,6,2,1,1,11,3,0,1,6,16,3,6,0,8,6,1,0,1,0,1,3,1,1,2,1,1,17,1,4,11,0,1,0,4,3,13,2,1,0,0,1,3,1,2,5,2,5,1,7,7,]
[4,0,11,12,7,0,4,5,10,9,1,3,6,0,8,4,1,3,2,0,2,17,11,3,4,0,3,6,0,7,2,11,2,4,3,3,2,3,2,0,2,4,2,1,0,13,0,3,1,1,1,1,4,5,9,4,6,1,0,4,0,4,8,1,]
[4,0,14,1,2,4,0,11,3,10,0,2,0,0,2,7,1,4,0,1,0,7,0,1,18,1,6,2,4,0,5,1,1,0,2,0,4,7,4,2,15,1,0,0,5,6,4,2,4,2,0,2,1,3,7,3,3,6,4,1,5,1,0,2,]
[5,5,1,5,2,0,3,10,0,6,0,9,2,5,4,1,7,2,3,3,3,16,0,4,7,0,1,5,1,1,2,3,7,1,10,2,1,2,1,0,1,0,3,3,0,3,0,17,0,5,3,0,0,0,5,0,5,9,1,0,0,6,5,0,]
[0,9,4,0,7,9,1,5,3,3,4,0,2,0,2,1,2,3,7,4,2,2,1,4,5,7,3,7,3,10,5,5,3,2,0,12,5,13,0,2,0,0,1,1,7,0,2,0,9,1,3,5,1,2,0,0,5,3,4,2,2,1,4,5,]
[0,0,1,0,0,0,1,1,7,0,6,0,3,1,3,2,3,1,2,8,1,0,1,3,4,5,0,2,2,0,2,0,0,0,2,0,8,1,7,0,1,1,3,8,0,6,5,0,0,5,5,2,1,1,8,1,9,0,0,0,0,5,7,2,]
[14,4,1,7,2,2,13,4,2,5,0,4,1,3,0,5,10,1,2,1,7,5,3,4,4,0,1,8,4,4,0,6,1,2,10,2,1,4,9,2,2,4,7,2,17,2,10,0,6,0,0,2,2,1,0,0,8,1,4,0,6,0,0,2,]
[1,42,44,49,6,73,16,7,16,54,40,56,34,67,9,32,76,6,37,40,41,24,33,4,7,23,37,19,19,100,18,23,19,15,39,91,74,12,5,78,11,85,98,0,21,18,18,59,1,28,53,8,18,24,42,40,6,21,91,46,16,6,16,26,]
[3,0,2,0,10,0,5,6,3,1,5,1,4,0,3,4,17,2,3,5,1,3,13,16,2,3,0,3,4,10,0,11,8,2,5,1,4,1,2,0,0,3,5,0,3,10,2,0,5,6,0,0,3,1,8,15,1,6,6,1,4,6,4,4,]
[0,0,1,4,1,6,5,1,6,4,0,8,0,0,3,7,3,3,5,0,0,1,3,0,2,0,10,1,2,1,0,2,0,0,8,5,0,1,0,1,2,1,6,6,3,0,0,3,0,0,3,7,2,1,0,0,1,5,3,0,1,0,0,3,]
[1,4,10,5,68,2,5,45,0,27,60,61,82,20,8,20,3,66,50,11,0,96,2,25,26,33,25,2,25,1,19,53,23,26,55,18,16,11,35,5,8,10,12,4,30,11,1,3,52,56,47,24,13,13,69,45,2,34,19,13,12,9,6,11,]
[33,45,10,46,16,24,33,7,1,60,25,1,35,22,14,2,5,4,5,9,49,56,30,7,1,45,1,81,6,38,18,36,4,3,43,50,16,35,57,3,24,15,96,42,28,31,35,50,64,14,0,11,28,6,15,5,6,34,13,0,38,50,15,42,]
[4,12,46,1,14,7,12,71,15,1,9,16,31,24,9,64,15,54,20,31,0,15,20,20,0,36,4,6,17,115,31,1,5,45,2,124,82,54,4,3,16,11,64,18,35,4,20,15,23,20,40,6,21,45,7,13,15,66,18,52,5,10,19,19,]
[11,13,8,1,51,61,11,9,31,2,0,29,19,39,44,27,10,4,0,1,6,4,6,0,0,118,3,11,26,20,12,52,15,1,45,2,8,27,20,17,6,153,57,1,13,5,2,2,63,11,8,7,17,59,126,23,10,12,5,15,3,21,3,9,]
[2,3,1,6,3,1,1,2,2,4,1,3,0,4,2,9,5,1,5,5,4,3,3,4,3,2,4,0,0,1,0,2,1,1,2,18,0,0,2,1,8,0,1,10,2,1,2,5,4,3,0,1,0,1,27,1,5,1,0,8,3,0,4,4,]
[1,14,10,2,3,1,0,0,2,2,0,2,5,2,3,4,0,4,0,3,3,7,1,4,6,2,2,5,4,5,1,5,0,3,0,1,7,1,4,2,2,2,1,4,1,19,1,1,1,0,0,3,2,0,1,4,3,1,2,0,5,0,3,4,]
[0,13,3,0,4,2,0,1,13,1,7,2,0,2,0,0,7,12,3,3,6,1,0,13,1,1,0,1,7,1,8,2,5,21,8,6,3,11,4,0,3,7,7,0,1,3,0,10,5,3,1,5,9,0,0,5,1,1,0,1,6,4,0,3,]
[3,11,0,2,6,5,3,1,2,3,5,8,7,3,0,9,3,3,0,1,0,2,0,0,5,5,1,4,3,4,2,4,1,1,5,3,6,2,1,4,8,11,0,0,2,2,0,6,0,7,2,4,7,2,3,7,8,0,20,9,1,2,2,1,]
[2,6,5,5,0,2,10,4,0,3,4,3,1,0,1,4,2,2,2,1,0,4,0,0,0,1,4,17,8,0,2,5,3,7,2,4,1,2,5,0,10,0,3,0,0,2,1,1,3,2,3,5,1,3,6,3,0,6,1,1,8,3,1,2,]
[0,17,11,3,0,15,5,6,2,0,5,6,0,10,1,2,1,2,0,2,0,3,0,4,3,2,1,0,2,3,1,6,1,1,6,1,3,6,0,0,8,9,8,4,3,0,14,7,1,0,1,1,7,6,9,4,0,6,18,0,1,0,4,0,]
[2,0,11,1,4,2,1,1,3,2,3,14,0,4,1,1,0,0,0,0,9,1,12,6,0,2,2,1,3,11,3,4,0,1,2,4,0,1,0,0,2,0,3,0,0,0,11,0,6,9,7,1,0,2,1,3,2,2,0,3,7,0,3,3,]
[2,1,4,2,3,12,1,5,3,1,2,0,2,12,4,5,0,2,3,6,2,7,2,3,2,1,7,0,3,3,14,8,0,2,2,0,1,0,3,0,7,3,3,2,3,4,1,1,5,0,1,2,0,2,0,3,5,9,4,0,5,6,11,4,]
[1,16,3,3,12,3,0,5,5,1,1,4,2,2,13,1,7,2,3,1,0,2,4,4,3,0,0,4,5,1,5,4,10,0,4,3,0,5,3,8,2,3,2,1,0,4,3,6,1,1,8,5,1,6,0,0,0,10,1,0,0,3,4,18,]
[3,4,5,6,1,4,2,7,3,8,2,11,8,12,3,0,0,3,0,2,0,0,0,5,0,0,0,4,5,0,5,16,1,5,12,6,17,1,1,2,1,3,4,1,1,3,4,0,3,13,1,0,3,5,5,1,1,11,2,0,3,0,5,1,]
[6,5,2,1,5,0,0,6,4,1,24,14,0,0,9,2,2,1,5,16,0,10,2,3,2,13,1,3,1,1,7,6,6,3,3,0,1,0,12,6,0,4,0,1,2,3,7,2,0,6,2,7,3,1,4,5,7,4,1,1,0,8,0,8,]
[6,8,0,0,0,10,7,0,2,11,2,14,6,4,1,5,1,2,2,8,1,5,0,1,3,4,3,2,3,2,3,0,7,3,1,3,1,0,4,2,0,9,6,3,7,4,0,8,1,0,2,4,1,0,8,5,1,2,2,0,5,0,2,0,]
[5,9,1,2,0,7,0,1,5,3,18,1,8,0,0,7,4,0,4,27,0,1,0,2,1,6,2,13,9,0,1,1,2,4,1,7,9,0,5,15,4,6,0,13,9,8,0,2,0,2,6,9,1,5,2,4,1,0,18,6,3,4,8,0,]
[1,3,1,2,1,2,10,3,21,0,0,0,2,7,1,13,0,0,7,10,7,4,3,16,21,9,2,9,8,5,5,5,6,0,0,7,0,0,2,3,2,5,19,2,6,3,8,5,4,33,1,0,3,3,0,8,0,8,16,0,0,2,0,0,]
[7,0,4,1,3,2,1,2,0,0,8,3,7,0,5,3,5,8,0,15,7,8,13,19,1,4,1,0,1,2,7,15,3,1,2,1,8,1,0,2,0,5,0,7,2,1,0,7,0,4,0,19,0,5,15,7,1,2,1,6,1,0,3,4,]
[5,10,27,16,8,82,1,0,22,11,24,15,0,1,60,24,68,7,16,2,22,9,17,33,14,6,1,10,7,56,25,3,41,26,57,26,54,69,17,11,20,136,79,17,27,27,76,12,10,33,34,57,28,35,7,4,12,0,8,26,16,20,10,7,]
[0,0,4,8,0,1,12,31,0,0,12,4,4,3,9,3,1,2,3,3,3,2,7,3,8,1,2,16,1,8,2,3,12,2,6,5,9,7,1,9,11,10,3,3,2,3,2,3,10,8,12,17,3,3,2,0,0,17,1,8,2,0,1,1,]
[0,1,4,2,0,3,0,7,8,0,0,0,7,2,0,1,2,0,7,7,1,0,1,2,1,4,22,1,5,0,10,8,12,0,0,2,9,9,1,4,4,0,2,4,5,1,6,0,3,0,3,0,8,1,0,1,3,0,6,0,2,1,7,5,]
[35,3,9,54,3,44,8,11,45,46,6,26,75,3,13,17,4,10,5,34,1,7,63,18,35,1,19,62,31,44,1,29,61,39,28,24,8,11,22,57,53,43,14,3,14,15,1,4,17,4,17,5,4,4,18,4,22,72,29,0,12,43,51,12,]
[15,24,1,39,0,11,33,1,38,30,55,1,0,63,14,30,16,8,30,13,137,21,37,3,80,2,20,25,10,15,33,6,30,5,7,54,3,4,16,22,26,26,1,21,24,5,21,6,8,3,23,14,73,54,60,10,36,77,11,4,92,25,11,38,]
[5,10,21,9,20,2,5,5,34,20,7,1,19,5,17,33,10,1,169,5,17,21,0,25,3,23,41,2,23,4,10,20,10,139,1,34,8,25,1,13,3,8,1,18,20,27,13,3,52,73,30,5,55,0,34,50,53,51,4,44,26,44,49,20,]
[6,9,7,4,22,73,8,0,78,51,12,9,14,50,20,30,63,0,3,59,3,39,21,4,0,12,57,5,9,8,18,18,6,1,111,31,9,20,8,7,6,54,60,26,12,7,27,21,18,10,4,32,25,17,45,10,55,11,6,1,57,42,23,61,]
[10,1,3,1,1,7,8,9,6,3,2,10,2,2,5,0,0,5,0,2,4,8,3,4,0,7,5,8,2,2,1,2,3,0,3,10,3,10,6,1,4,6,2,4,5,4,30,6,6,7,21,1,2,2,4,6,4,1,8,3,3,2,2,1,]
[5,10,6,8,3,5,7,0,8,0,7,1,14,0,5,8,1,8,2,5,2,7,0,2,2,1,2,0,0,2,2,1,1,2,9,1,5,2,0,6,4,0,3,4,2,0,0,2,2,0,0,9,1,1,4,4,9,3,0,1,11,4,0,2,]
[0,0,12,2,8,1,2,1,3,3,6,3,1,0,0,3,1,0,2,2,1,7,4,1,3,4,0,2,0,2,9,4,5,1,1,5,6,5,3,12,16,2,2,1,0,1,3,6,3,6,0,1,0,2,0,5,15,0,2,5,3,4,4,2,]
[0,3,0,0,8,1,0,0,5,2,2,2,2,14,1,13,8,3,0,3,0,1,8,6,4,1,0,5,1,1,0,2,6,7,0,4,5,1,1,2,2,8,4,1,1,3,2,0,2,0,0,3,2,5,4,7,1,0,0,0,4,4,2,0,]
[0,12,14,6,2,6,0,0,1,4,2,7,0,3,1,1,0,3,11,1,1,2,4,3,0,3,10,0,11,1,3,1,2,2,1,4,11,0,5,13,7,16,1,14,2,0,5,2,3,1,1,3,0,5,0,4,1,3,0,0,10,14,2,0,]
[0,1,4,6,6,6,3,8,3,1,2,0,2,0,0,1,0,1,11,0,5,11,1,8,0,0,7,6,3,3,3,0,5,1,3,1,8,2,4,1,3,10,0,2,3,1,4,5,12,2,9,0,2,8,0,2,7,1,7,1,10,5,1,2,]
[1,4,4,3,1,0,4,1,0,1,0,3,0,3,1,0,5,3,0,5,1,0,1,9,8,0,4,5,6,6,3,0,9,2,1,10,0,5,5,7,3,4,2,10,1,1,2,2,4,2,6,3,2,0,1,2,1,1,14,4,2,0,13,0,]
[10,3,2,6,3,2,1,3,0,2,0,0,8,5,6,4,5,4,14,1,4,1,3,0,0,3,2,3,0,10,0,0,3,0,1,1,0,0,9,4,1,9,4,12,7,0,2,6,5,15,1,5,2,4,0,1,6,4,0,4,6,0,13,7,]
[8,4,2,2,2,5,5,10,1,5,17,4,14,0,0,3,5,15,4,0,17,0,3,0,1,3,3,8,2,3,0,5,5,3,3,2,2,5,1,0,5,1,6,4,2,2,0,1,1,0,6,3,3,13,2,2,5,0,2,2,2,1,7,4,]
[2,5,5,7,1,3,1,5,3,8,1,1,4,6,2,6,0,2,1,1,3,2,2,3,1,16,5,1,2,5,7,7,6,2,2,7,6,0,1,5,1,1,8,3,5,0,1,1,0,0,10,3,2,3,0,4,0,3,10,0,12,0,1,8,]
[0,13,8,0,0,1,1,1,2,1,7,3,2,0,3,2,13,2,2,2,2,9,4,0,1,4,2,1,2,0,4,2,0,3,1,9,0,0,15,4,0,1,1,0,2,4,4,7,0,3,0,2,5,0,5,12,0,3,1,3,2,22,0,2,]
[0,7,1,4,7,2,0,2,2,1,5,0,8,0,1,0,2,4,0,7,7,2,9,1,3,1,1,3,1,18,8,0,0,1,4,4,2,0,11,0,6,5,3,5,0,4,4,3,4,4,5,3,6,1,5,2,12,1,0,4,3,2,2,1,]
[0,9,14,11,4,0,3,0,9,3,13,1,7,1,1,1,4,12,0,1,7,11,0,14,4,9,3,6,5,1,2,3,1,1,4,3,6,3,3,0,5,1,8,0,2,6,3,1,2,0,4,4,3,0,7,4,0,3,2,7,6,0,4,2,]
[5,1,0,7,8,2,0,5,0,0,5,7,4,0,0,3,4,15,2,2,2,3,4,2,0,1,0,8,3,1,0,3,1,2,1,1,6,1,2,19,3,17,2,3,4,1,2,4,10,4,18,0,0,2,4,3,13,0,4,5,12,0,0,13,]
[1,0,0,9,8,3,6,0,8,5,3,11,0,6,2,0,9,5,4,3,5,18,0,0,5,6,0,5,19,0,4,3,6,0,0,3,5,1,6,1,0,3,2,2,0,3,1,1,1,1,1,5,0,9,0,1,13,20,14,4,2,2,0,0,]
[12,2,31,19,4,26,4,48,29,35,53,22,16,22,110,75,44,8,47,26,0,38,20,28,72,69,8,25,8,34,47,16,16,38,2,30,212,13,15,41,7,25,16,38,52,43,41,73,56,18,43,3,2,19,46,42,75,40,11,37,11,35,6,79,]
[2,1,10,15,0,2,4,0,6,7,2,0,18,1,0,0,1,10,0,0,0,0,4,7,1,3,2,6,3,2,4,0,4,2,2,2,3,21,14,4,1,1,1,2,11,17,3,1,2,0,7,3,6,6,8,1,10,5,9,1,0,5,0,7,]
[2,5,0,4,8,0,0,5,0,0,0,1,3,4,1,0,12,5,1,4,3,1,14,0,0,1,15,4,0,0,2,1,1,2,0,0,2,0,7,1,4,3,4,2,0,2,1,2,2,1,0,1,4,2,5,3,0,1,0,7,0,0,0,2,]
[42,15,78,148,7,32,20,7,13,10,1,2,21,13,6,12,16,12,8,25,31,105,2,132,97,33,15,2,61,25,28,7,16,27,26,1,5,156,3,3,3,12,15,7,44,1,13,35,61,1,25,4,10,11,35,42,22,8,11,5,12,21,36,29,]
[41,14,35,15,67,51,7,19,11,9,7,95,5,3,14,36,5,36,4,54,17,73,6,23,19,5,2,85,33,28,17,39,19,2,20,18,6,9,0,23,19,13,32,8,23,33,5,18,2,0,18,0,9,46,76,1,13,18,10,3,5,15,49,74,]
[16,37,34,11,30,34,40,19,87,17,22,6,69,8,0,13,130,8,52,44,13,1,36,22,13,1,13,34,133,31,5,31,19,3,29,6,21,3,21,1,2,7,9,2,35,42,10,19,14,42,16,6,80,29,3,23,66,0,7,5,1,19,21,32,]
[16,15,7,47,22,20,69,4,60,23,4,4,39,16,0,18,20,22,16,83,3,25,14,20,10,4,21,6,5,23,52,109,45,5,12,6,7,49,4,9,8,30,48,20,3,10,11,18,18,29,56,3,39,81,26,21,98,54,11,10,36,20,7,44,]
[2,2,3,1,0,0,0,11,2,0,6,1,4,1,4,1,0,4,3,21,2,0,5,1,0,4,7,1,5,2,0,3,9,14,6,10,8,0,1,0,1,3,3,0,0,3,3,5,0,3,2,7,1,1,2,0,0,3,1,1,2,3,0,2,]
[3,0,0,12,3,8,6,0,6,0,4,0,1,8,0,7,25,0,9,3,14,2,4,0,6,3,9,2,15,3,0,0,7,0,2,5,0,5,7,2,6,2,1,9,0,0,3,6,2,0,1,4,0,2,0,10,5,3,0,1,1,13,1,1,]
[9,1,4,14,4,12,0,1,2,8,5,0,3,4,4,1,7,1,0,2,4,3,2,4,0,4,1,6,4,1,2,0,0,2,3,2,3,9,10,3,3,8,9,10,0,2,1,1,1,6,12,2,0,7,3,6,3,5,5,12,0,2,1,15,]
[3,2,2,7,6,2,4,1,2,0,7,1,4,3,2,3,1,7,6,11,6,6,1,1,11,10,0,5,0,0,5,1,6,15,1,4,5,1,9,6,2,0,1,1,4,2,1,13,2,0,2,7,3,9,1,0,4,0,8,2,4,3,0,4,]
[1,0,2,0,3,2,4,4,0,12,1,3,11,0,8,1,3,0,1,3,6,2,13,8,1,2,2,0,0,12,5,7,2,17,2,3,16,1,6,3,2,11,3,2,1,3,0,9,2,8,0,5,1,4,2,1,4,0,4,3,0,4,0,4,]
[7,2,8,1,5,0,3,4,2,2,10,0,1,1,2,3,10,0,15,1,1,2,4,0,0,0,2,10,15,6,9,13,5,11,1,4,8,0,6,11,2,0,1,0,4,0,3,1,8,2,13,1,3,1,2,2,6,0,5,2,7,1,0,2,]
[3,0,4,1,1,2,1,0,1,0,4,1,11,3,2,1,2,4,3,4,5,0,1,5,0,0,1,2,14,3,5,9,0,4,4,1,2,6,1,0,1,0,0,1,5,0,6,11,0,1,2,4,0,0,0,1,7,3,1,2,6,1,1,0,]
[1,1,5,0,3,15,4,4,6,8,2,10,0,6,16,2,5,0,0,4,9,2,4,6,3,6,5,0,11,12,7,2,4,3,3,6,0,2,17,2,0,1,2,2,0,1,3,4,0,3,11,0,2,1,2,4,3,0,17,3,3,1,5,5,]
[2,6,4,3,2,2,0,3,2,0,6,2,6,1,5,1,4,0,4,9,12,9,7,19,2,3,6,6,3,3,7,0,0,4,7,3,3,2,0,0,0,9,1,1,4,10,1,0,1,0,7,7,0,0,0,0,9,6,8,4,2,1,1,1,]
[2,1,3,1,6,4,1,0,0,0,1,3,0,3,2,1,7,2,17,6,0,1,0,4,1,0,1,0,4,1,1,4,5,0,4,3,4,9,3,10,2,4,8,12,5,12,7,0,0,4,1,1,16,2,6,4,2,5,13,0,3,0,2,1,]
[5,9,1,5,3,1,3,0,3,0,4,2,3,10,2,4,0,9,1,7,1,0,2,0,0,1,0,0,1,6,9,10,0,1,6,1,8,0,0,8,1,0,1,1,1,10,0,7,2,0,1,0,1,1,4,2,0,0,0,0,2,0,6,6,]
[7,4,0,16,0,10,0,9,4,5,4,0,6,24,7,4,1,7,2,1,0,3,6,0,9,2,0,12,5,8,5,5,6,10,3,2,11,0,10,4,0,4,7,6,0,0,1,0,1,9,2,0,2,1,0,0,3,4,5,1,0,7,3,0,]
[18,0,6,0,3,3,7,3,1,7,4,6,2,1,11,4,2,1,0,0,1,0,1,5,0,2,7,2,9,0,10,7,6,3,2,8,2,0,3,1,2,0,1,2,0,0,2,0,8,4,0,0,5,1,2,9,4,0,0,1,0,0,7,0,]
[0,2,7,0,1,7,3,1,2,2,5,0,4,2,5,14,0,4,10,1,13,3,0,4,6,2,4,2,3,2,4,4,1,1,3,1,0,7,0,2,2,3,3,0,2,1,2,5,1,1,5,10,1,12,3,1,5,0,2,2,4,0,0,2,]
[3,7,2,5,1,7,1,0,5,6,3,0,0,1,1,2,6,6,2,2,3,1,2,11,3,5,0,0,4,6,0,3,16,2,2,4,0,0,4,12,3,7,1,9,2,12,5,14,3,5,0,0,2,0,0,2,2,1,9,5,4,13,1,2,]
[47,8,40,18,1,12,41,3,93,0,10,22,32,0,12,2,8,0,28,41,9,14,65,14,21,10,4,33,13,11,11,71,52,8,2,3,25,28,26,0,52,29,9,1,15,20,11,13,62,22,82,34,18,2,28,10,3,27,22,62,48,8,18,0,]
[7,5,2,3,1,1,3,4,9,1,9,10,1,11,0,21,7,1,0,2,6,0,4,0,0,1,1,2,2,4,6,0,8,0,18,1,7,1,0,30,5,0,2,2,5,2,6,1,22,8,3,2,2,0,2,4,2,4,7,2,0,21,2,7,]
[1,3,0,1,4,0,2,1,1,0,4,5,4,0,1,1,1,0,2,0,2,2,0,0,3,0,0,0,0,9,2,3,4,0,0,4,1,1,2,1,0,0,0,0,0,2,1,4,6,0,0,0,3,1,2,0,3,0,3,0,1,1,0,0,]
[51,6,57,44,7,3,19,6,28,19,18,5,11,43,11,11,57,16,9,20,5,69,45,7,60,28,23,5,25,24,16,24,1,15,36,10,18,43,20,3,49,26,8,9,2,38,12,1,25,9,22,9,19,3,38,17,69,7,8,31,38,0,29,91,]
[0,10,95,4,13,20,4,45,21,56,14,20,7,6,24,21,4,3,39,8,89,11,57,106,43,21,13,56,4,56,4,2,24,11,12,7,51,48,7,78,4,37,8,9,8,11,54,9,15,13,37,130,1,5,38,11,91,32,40,7,17,19,0,1,]
[3,29,38,38,23,17,1,6,1,19,5,11,18,31,9,3,15,50,0,21,2,35,0,21,9,65,2,59,22,1,6,18,20,20,8,17,89,5,24,27,5,15,44,2,3,10,16,19,46,3,1,8,14,86,9,40,1,32,13,9,21,6,10,88,]
[13,6,19,84,19,10,28,55,28,8,33,4,23,24,1,8,44,52,39,20,13,9,4,22,36,24,13,11,2,20,1,1,8,6,26,115,3,58,12,3,1,52,8,67,3,0,24,7,51,5,3,6,35,67,46,6,19,0,0,5,20,57,43,18,]
[1,2,2,2,5,0,0,7,1,10,2,2,6,5,9,6,1,4,5,0,1,3,5,2,15,4,7,0,1,6,3,1,6,2,0,2,0,8,2,2,5,6,2,4,1,2,0,6,0,8,3,5,8,4,2,8,0,16,9,4,7,0,2,0,]
[2,12,1,1,2,7,1,2,1,2,5,2,0,2,1,7,0,1,2,2,3,2,3,3,2,0,3,4,0,2,0,4,5,2,5,2,1,18,1,4,0,8,4,5,2,0,18,7,2,1,2,0,5,1,8,5,7,3,5,14,13,2,11,2,]
[8,0,1,1,0,3,10,0,2,0,2,0,0,12,11,1,0,5,0,3,1,9,3,11,2,1,0,4,7,6,1,3,1,5,4,5,10,2,0,6,12,1,12,7,5,16,0,7,4,3,3,4,0,3,4,1,20,6,0,0,1,6,7,0,]
[5,8,0,1,1,1,10,2,10,2,3,2,0,9,0,4,6,1,3,1,1,0,0,1,5,1,0,14,8,7,4,6,0,12,5,0,3,4,16,1,9,3,3,2,5,4,3,4,3,5,2,4,6,10,0,3,7,3,0,2,0,0,1,1,]
[0,2,2,4,2,14,1,4,3,3,2,11,7,1,2,2,3,2,5,1,7,3,9,0,0,1,12,11,0,0,5,9,0,2,0,3,2,7,12,1,6,5,0,4,4,8,1,0,1,0,12,1,6,2,0,0,5,0,3,3,5,5,8,6,]
[2,0,2,1,2,2,6,0,3,13,2,0,1,9,0,1,8,0,1,6,7,9,0,6,12,0,1,2,6,26,7,4,2,4,1,3,6,0,4,4,1,0,3,5,0,0,6,2,6,0,3,2,2,1,2,5,0,1,0,8,4,6,0,5,]
[5,8,0,0,0,2,1,6,2,2,8,0,0,20,0,1,9,0,1,2,19,10,3,0,2,3,4,0,3,2,1,2,1,3,2,0,0,5,8,7,4,0,0,2,1,14,0,1,0,1,0,1,1,1,2,2,1,2,4,0,0,1,5,2,]
[2,1,1,0,2,2,0,1,2,1,0,9,0,0,1,3,3,3,5,3,9,0,3,1,4,2,4,0,3,0,0,0,0,0,5,1,13,0,8,3,1,11,0,2,3,0,2,0,1,1,10,5,0,1,2,1,0,0,2,0,4,0,0,2,]
[2,1,4,4,3,4,0,5,4,3,11,3,4,0,0,3,3,0,1,1,4,4,1,5,8,1,0,5,1,3,3,0,1,1,9,8,0,0,9,0,5,0,2,9,1,9,0,1,0,10,5,7,0,3,5,1,0,13,0,2,0,1,7,4,]
[3,2,0,10,2,4,0,1,0,4,2,6,2,0,3,4,1,1,0,14,0,6,8,2,0,4,1,3,6,1,2,0,2,3,1,1,0,2,4,0,9,4,1,1,3,5,6,10,3,1,1,2,1,3,8,10,4,2,0,5,18,2,4,5,]
[2,3,6,4,1,0,6,0,13,5,6,0,5,1,2,0,1,2,3,4,14,3,3,5,0,20,5,7,0,0,0,0,1,0,3,1,1,2,3,5,1,1,6,5,1,6,6,4,0,1,0,16,6,4,11,2,0,2,5,2,0,1,4,1,]
[1,0,2,1,1,1,15,6,1,3,0,2,0,0,9,0,2,0,1,1,4,3,7,3,1,1,0,0,9,3,1,0,1,3,1,0,5,3,0,2,3,0,2,7,3,8,3,0,0,0,3,14,13,25,2,5,0,0,0,6,2,0,0,1,]
[2,6,0,1,1,5,0,0,0,8,5,0,5,5,7,0,8,2,0,0,3,5,4,4,18,8,9,3,1,1,6,2,0,4,1,2,7,0,5,0,7,3,0,2,1,0,3,4,10,25,4,8,1,0,0,0,3,3,0,2,4,7,0,5,]
[1,1,3,1,2,6,3,0,10,1,0,11,5,1,3,4,0,3,4,11,4,3,13,2,9,1,0,0,7,5,10,2,1,2,3,0,3,1,2,1,0,0,7,7,1,1,2,4,7,3,9,1,1,1,1,3,4,6,3,1,1,4,0,1,]
[3,12,4,1,3,2,4,1,3,1,1,4,5,2,2,3,1,0,0,0,6,1,1,1,1,4,2,0,1,6,5,1,1,1,3,28,1,4,13,15,1,0,13,16,0,1,2,6,2,4,2,0,11,4,6,0,1,1,0,1,8,0,4,12,]
[20,11,103,1,73,15,14,4,77,119,6,27,5,33,15,33,12,41,4,26,10,27,51,7,7,24,0,3,4,51,46,14,11,24,63,7,10,155,7,113,19,2,15,12,24,11,3,43,31,7,10,5,9,6,26,13,63,6,20,14,39,0,3,32,]
[0,8,2,3,2,6,14,0,1,7,5,6,4,6,7,5,0,3,3,3,3,3,4,6,3,1,6,2,0,1,4,5,1,1,2,2,2,11,2,4,7,1,7,14,17,19,0,7,5,1,1,0,0,3,4,0,1,0,0,2,4,8,2,0,]
[7,1,7,1,3,3,1,0,0,1,0,2,2,3,5,1,0,6,3,0,2,1,6,0,0,0,3,0,6,4,2,0,2,3,3,0,0,4,8,0,2,7,2,0,2,4,0,1,0,0,0,1,2,0,7,3,0,0,0,0,1,3,6,15,]
[61,17,16,13,4,69,17,11,23,5,61,1,33,15,10,5,62,29,16,0,0,20,17,12,22,20,9,23,5,3,12,16,15,3,79,31,3,5,49,67,6,12,11,2,21,13,35,15,65,33,5,34,33,30,30,31,10,126,20,9,58,38,56,83,]
[2,9,28,1,36,57,0,96,25,45,1,0,28,30,30,2,16,19,8,61,9,15,0,26,20,27,1,32,26,35,51,52,18,18,29,12,35,9,5,96,47,41,8,2,0,3,6,58,2,6,6,107,0,16,24,52,61,16,9,37,13,8,33,10,]
[34,21,23,23,27,21,11,45,22,4,22,53,2,41,35,9,57,17,43,10,1,54,17,18,53,22,17,28,23,3,54,10,19,23,9,13,47,14,6,10,14,7,9,20,8,1,4,33,47,13,130,11,7,4,26,20,37,74,3,19,10,40,22,24,]
[18,12,12,17,7,2,42,23,10,3,27,2,3,1,38,56,27,7,7,15,7,23,23,33,30,21,23,5,3,36,15,6,11,13,48,43,31,42,20,8,75,13,73,2,52,25,38,5,4,17,52,35,21,7,33,13,8,15,11,29,23,25,86,17,]
[0,1,1,0,6,2,0,0,3,5,0,3,2,14,0,1,2,0,7,12,8,1,7,5,5,0,2,9,0,1,4,2,8,3,0,0,4,0,6,7,0,1,6,0,5,0,2,8,0,8,3,0,2,4,1,1,2,2,4,2,1,1,7,3,]
[8,16,4,1,4,3,0,0,4,1,4,0,8,2,2,1,1,18,0,4,0,6,7,3,3,0,0,3,0,7,1,2,2,6,1,0,2,12,1,2,2,4,15,1,3,1,4,4,0,2,11,7,5,1,4,1,4,0,2,3,7,0,3,5,]
[8,5,4,5,2,1,1,16,0,2,6,6,5,1,2,5,1,17,9,2,5,6,2,0,2,1,6,25,1,3,4,4,0,0,4,12,1,5,0,3,2,5,0,1,3,4,2,2,0,3,0,5,1,3,10,11,2,5,2,8,1,1,0,0,]
[1,8,1,1,2,2,5,9,9,1,0,4,1,4,0,1,2,4,1,4,1,6,12,0,1,0,3,6,6,0,10,6,1,0,5,0,1,0,4,1,2,0,1,6,6,8,2,0,2,2,8,1,12,8,1,3,2,17,2,3,2,0,6,1,]
[0,3,0,9,2,5,5,0,0,9,1,5,0,2,0,3,0,7,0,0,1,0,10,4,5,1,4,2,8,11,0,6,27,0,1,1,6,1,0,3,4,5,7,13,3,1,9,2,11,0,1,5,0,13,5,8,11,4,10,9,0,4,6,11,]
[5,0,10,0,1,4,1,9,2,8,0,4,3,0,3,5,0,0,0,0,1,17,2,2,4,1,2,0,1,4,0,3,0,14,3,6,0,4,0,3,8,1,1,0,1,4,0,7,5,1,11,1,3,9,0,0,3,0,0,6,8,6,8,7,]
[5,2,2,1,0,7,2,3,6,19,2,1,9,6,6,13,0,8,7,9,7,6,6,3,13,4,3,3,1,0,2,8,2,0,2,0,0,4,4,3,4,5,12,0,3,1,5,14,3,0,9,1,1,2,1,1,1,0,16,7,2,1,0,5,]
[1,9,5,2,11,4,0,0,14,7,5,0,14,6,2,2,4,2,1,13,3,15,4,10,0,0,0,0,5,16,0,0,0,0,3,3,10,8,9,0,0,0,1,0,4,4,3,9,5,16,0,4,1,6,4,4,0,5,0,4,1,0,3,9,]
[2,6,0,0,2,8,1,6,3,2,4,4,11,0,2,5,1,3,7,0,6,0,7,10,5,1,0,2,5,2,0,5,1,0,6,2,5,0,7,2,4,5,0,2,0,7,0,8,9,5,11,0,2,2,10,0,1,6,4,1,24,2,13,0,]
[3,6,3,10,9,0,3,6,6,10,3,9,10,4,2,2,11,2,0,10,0,0,5,14,4,6,4,1,6,3,5,0,0,6,1,17,5,2,0,4,2,0,4,2,2,1,3,1,12,0,3,0,7,9,0,3,0,2,3,0,11,2,2,3,]
[2,2,1,12,2,7,1,6,14,4,6,2,2,8,6,1,3,2,1,1,0,0,8,3,0,0,2,7,12,1,13,3,12,12,3,6,0,0,2,0,2,6,0,9,0,12,5,14,6,10,0,3,6,0,12,0,2,2,2,10,7,3,4,4,]
[4,1,3,2,1,0,4,1,1,4,2,6,1,0,4,1,0,7,0,16,4,0,5,1,0,4,13,1,11,0,12,0,3,2,13,0,2,0,10,1,4,0,0,2,4,4,4,2,0,13,6,9,5,1,3,3,5,2,1,0,6,3,3,8,]
[3,0,0,0,0,2,7,1,4,1,4,1,0,4,13,2,8,5,15,1,3,1,1,9,10,6,1,4,4,1,5,0,2,1,1,6,6,3,9,0,5,3,4,6,6,6,5,2,0,0,2,3,1,0,1,2,0,6,0,2,4,7,3,3,]
[0,6,5,0,5,0,13,0,3,2,1,1,0,1,4,0,0,0,0,1,1,2,5,3,2,1,1,0,2,0,0,4,5,0,10,8,4,4,5,0,1,3,6,0,5,11,0,2,2,7,2,2,2,3,3,7,0,4,4,4,2,10,0,0,]
[4,7,1,5,1,9,1,4,2,0,4,2,0,0,1,1,0,0,0,0,1,1,0,12,7,4,10,4,6,7,6,1,0,0,9,0,4,7,0,4,4,2,1,5,2,4,0,7,2,0,0,20,7,0,5,11,0,1,1,2,3,3,0,2,]
[76,13,3,8,19,33,2,75,19,73,55,26,49,21,21,10,1,23,34,4,2,11,3,11,10,16,1,49,3,9,40,8,9,12,48,7,0,52,53,0,4,0,4,18,26,22,16,20,50,13,7,30,19,6,4,48,15,79,1,54,112,16,17,14,]
[6,0,1,3,5,1,3,7,3,6,1,1,6,1,4,4,1,4,4,10,3,3,3,1,3,3,5,4,6,1,8,10,2,11,9,0,1,1,6,3,12,1,1,0,11,1,8,0,7,1,3,1,3,5,8,0,1,1,16,8,1,2,3,2,]
[2,2,5,0,1,0,1,3,3,5,2,2,0,2,2,0,4,6,4,0,0,0,2,2,1,0,0,2,1,2,2,0,1,6,0,0,8,4,2,6,3,1,1,1,5,0,2,0,0,0,0,0,1,2,4,0,2,1,0,0,6,0,1,0,]
[34,9,13,8,0,66,23,10,7,19,75,23,28,50,20,1,21,21,50,3,1,10,12,3,12,3,72,5,23,9,40,2,35,35,18,13,75,47,33,17,20,2,3,44,12,11,3,15,10,26,23,6,4,8,28,13,30,24,19,60,17,17,55,10,]
[27,6,6,4,51,74,24,8,66,6,76,8,58,19,39,29,26,21,1,19,70,21,10,3,38,1,3,23,5,11,12,1,3,25,47,3,19,59,0,0,1,35,27,62,7,6,2,26,60,26,49,22,5,19,25,120,33,18,15,2,7,2,8,0,]
[5,1,6,7,62,26,26,1,5,4,25,37,45,71,83,63,6,43,10,11,38,47,1,2,4,35,4,17,2,13,28,11,24,53,5,23,26,68,3,35,47,11,1,5,7,5,6,4,37,5,1,6,27,4,19,10,12,16,4,10,35,0,5,30,]
[37,9,11,17,25,15,15,12,22,20,38,61,15,6,4,17,20,28,2,72,2,6,55,0,1,7,3,111,2,2,2,69,10,7,3,3,61,16,10,8,1,8,33,6,33,31,2,0,47,62,1,4,10,1,40,33,22,58,15,8,15,74,16,16,]
[1,2,9,2,0,7,3,0,23,0,8,2,2,2,6,1,8,1,2,2,0,0,1,0,0,1,1,4,12,1,0,0,2,0,7,18,0,9,17,1,1,15,7,1,0,1,1,5,8,18,2,0,1,1,4,6,3,1,3,2,0,3,1,6,]
[13,7,1,7,8,0,3,1,2,3,1,0,2,1,0,4,9,2,1,5,1,0,1,11,0,16,1,7,2,0,2,0,6,3,0,0,3,0,0,3,5,2,2,3,12,2,1,3,1,0,3,2,0,8,0,5,0,1,7,8,4,24,1,6,]
[3,0,5,6,3,3,7,1,8,6,5,0,3,2,6,2,0,7,4,1,12,5,5,0,5,3,4,5,0,0,9,0,4,1,0,5,3,6,4,0,7,7,0,10,12,9,18,0,1,3,1,2,3,3,13,5,0,0,0,1,0,1,0,4,]
[1,6,1,2,5,0,2,5,1,3,1,1,12,1,6,2,3,5,2,2,4,2,9,1,5,3,2,9,9,4,0,0,4,4,2,1,1,1,1,0,0,0,8,0,3,1,2,3,0,2,6,0,3,2,1,2,1,1,2,0,6,2,3,0,]
[4,0,4,12,15,1,0,1,5,0,8,2,1,0,0,4,2,1,5,4,8,1,5,0,12,0,0,3,2,6,0,3,11,0,9,0,1,0,0,2,0,4,2,2,0,8,1,0,7,3,4,1,1,3,1,1,4,1,1,4,6,4,19,0,]
[3,15,2,11,0,1,0,0,0,4,11,1,0,4,22,8,12,3,2,2,0,1,0,0,5,1,2,8,4,0,0,0,6,0,0,0,7,0,0,1,2,0,1,12,16,0,6,1,4,1,10,5,3,4,13,3,13,4,5,2,9,0,5,13,]
[0,4,8,3,0,2,0,7,4,7,3,5,4,5,5,1,2,5,6,4,2,1,2,8,0,1,0,1,0,0,0,5,2,6,0,6,2,1,0,11,17,3,1,3,1,4,4,3,1,0,0,0,1,0,1,11,8,4,0,4,3,7,6,2,]
[8,0,0,5,7,5,2,2,0,8,2,1,3,1,3,5,20,3,2,6,1,5,4,2,6,2,0,7,5,1,7,4,0,1,0,4,7,5,0,5,1,3,2,10,3,8,2,9,0,11,3,0,5,2,7,1,0,0,9,2,0,7,2,5,]
[1,8,6,3,1,1,0,1,0,6,0,1,0,0,7,2,0,1,0,4,0,4,5,1,3,9,4,13,3,7,2,2,1,1,6,5,1,3,3,3,3,3,0,0,2,3,1,3,1,2,5,0,4,2,4,0,14,4,2,1,0,2,1,3,]
[2,1,8,4,2,1,1,3,0,0,10,2,1,8,1,0,4,5,1,8,0,0,4,1,6,1,2,8,0,3,3,8,8,6,4,0,3,1,1,1,0,1,9,4,2,0,1,9,15,1,0,5,0,0,0,0,4,1,2,4,6,6,1,2,]
[2,6,5,18,0,2,0,4,0,1,1,3,10,7,2,0,1,3,0,0,2,6,2,2,4,3,3,8,5,10,2,0,3,4,5,11,4,4,0,1,4,3,8,3,1,2,6,1,8,0,3,0,0,0,10,3,21,0,4,3,0,2,2,5,]
[0,0,0,1,0,6,3,4,1,0,15,0,12,11,8,0,0,3,1,1,2,1,10,0,7,3,1,1,0,2,0,0,1,13,0,1,20,2,4,10,0,2,2,0,2,1,2,2,1,7,0,5,2,2,2,1,0,1,7,0,0,6,2,1,]
[1,2,3,0,1,3,5,3,2,1,3,2,8,3,1,2,0,3,3,4,0,5,5,2,5,0,5,2,7,0,15,0,16,1,0,2,1,0,4,10,7,9,4,3,14,3,0,0,0,12,0,1,4,0,6,11,1,0,1,1,2,0,6,0,]
[0,4,8,1,10,0,9,2,5,11,4,0,8,1,1,0,0,1,3,1,2,14,0,0,3,0,7,4,0,2,0,0,5,5,6,2,1,0,0,0,0,15,6,1,3,4,1,5,12,7,3,7,7,5,0,0,2,3,3,1,1,0,0,0,]
[1,2,4,2,5,10,0,5,2,3,0,2,4,9,1,7,9,0,4,0,0,0,3,4,3,0,3,3,19,3,0,7,3,6,2,1,4,0,5,0,3,0,1,0,2,11,0,4,1,7,2,0,4,9,3,0,9,7,13,1,4,6,2,0,]
[19,1,27,70,86,132,22,27,6,58,24,1,40,22,96,24,17,8,2,27,18,6,45,75,15,75,111,5,14,18,14,40,79,16,43,49,7,6,43,95,10,1,22,107,8,98,21,53,104,23,60,67,1,3,11,26,27,34,12,20,89,37,31,1,]
[0,1,0,2,8,1,11,4,1,0,3,5,5,2,1,18,3,11,3,5,1,7,4,0,1,0,18,2,18,6,0,1,6,10,6,3,6,1,2,13,3,3,0,2,18,19,3,1,4,3,3,1,9,1,0,9,4,7,0,0,9,2,0,3,]
[5,0,1,1,0,3,2,3,1,0,8,0,1,2,0,1,3,1,0,6,1,4,1,7,0,0,0,4,4,2,5,11,0,1,4,8,0,0,0,2,2,2,1,0,3,2,2,0,2,3,6,2,4,1,3,1,4,2,2,0,5,6,0,3,]
[17,2,4,6,29,7,43,25,27,36,46,25,8,9,17,10,55,6,88,32,30,5,21,7,27,53,11,24,4,14,19,58,31,12,0,7,2,2,7,52,5,10,10,10,2,40,32,61,44,33,18,9,84,1,0,33,3,18,5,3,14,1,15,65,]
[1,50,18,138,42,16,57,22,6,11,10,13,2,7,11,8,19,5,17,31,17,7,18,75,61,7,21,4,42,78,13,20,15,13,44,58,1,5,14,68,12,3,23,0,4,13,11,46,79,118,64,4,11,47,14,1,18,12,18,0,2,9,6,5,]
[18,3,45,36,13,32,0,49,4,14,7,32,47,46,25,1,29,30,11,4,1,17,37,60,31,13,2,26,21,72,10,38,36,1,50,37,44,1,12,6,69,2,0,3,24,64,28,3,125,6,9,3,7,9,11,9,23,59,26,16,11,7,47,10,]
[89,21,41,28,13,1,0,105,13,4,6,32,3,19,25,48,26,19,24,9,4,2,5,10,7,11,8,29,19,27,81,9,20,6,23,11,31,2,13,4,8,46,33,16,33,18,65,7,19,107,22,10,1,4,2,45,22,10,17,9,10,4,10,28,]
[1,1,0,4,0,1,1,1,0,4,3,12,3,12,0,1,0,0,8,7,9,0,3,7,6,1,1,6,0,1,0,2,2,0,3,4,8,0,3,9,4,9,1,7,0,0,2,2,2,4,2,0,4,5,7,7,3,1,1,4,0,0,5,8,]
[0,2,3,1,14,2,7,3,21,0,6,3,5,2,10,3,3,3,3,6,11,1,2,0,1,3,3,3,0,4,1,3,11,0,0,1,1,5,0,1,0,1,1,1,7,12,2,4,0,0,2,0,2,2,1,0,2,6,0,7,1,1,7,8,]
[1,1,4,2,3,3,0,2,2,19,6,1,1,12,5,0,1,0,2,1,5,1,6,1,5,1,6,0,11,0,0,3,0,1,2,3,24,0,0,4,2,5,0,3,4,0,2,0,2,3,16,5,7,1,2,1,2,0,8,1,1,2,0,13,]
[0,0,1,0,4,0,0,5,5,13,1,3,3,0,10,5,14,8,1,3,3,0,4,1,5,4,5,16,1,0,1,0,3,0,18,6,7,0,3,0,1,4,0,1,2,1,6,0,2,5,3,3,2,0,6,8,3,6,1,0,8,4,9,0,]
[7,3,8,0,6,3,1,0,5,2,28,9,3,3,11,4,8,2,0,2,6,0,7,5,4,1,2,6,7,5,1,0,10,3,3,1,0,11,4,5,2,7,6,1,1,7,1,0,14,2,4,0,0,2,0,0,0,6,3,0,1,9,0,4,]
[2,7,7,7,1,1,3,0,12,0,0,11,5,2,3,0,3,0,2,4,1,2,7,7,0,1,19,6,1,2,7,1,1,2,2,0,5,2,0,1,1,8,3,2,1,4,4,0,5,1,7,18,0,2,10,1,2,11,9,0,0,1,10,5,]
[0,1,1,0,8,0,1,0,12,1,2,2,10,1,5,0,1,1,8,3,0,10,5,0,16,1,0,2,9,5,4,7,7,4,1,1,3,6,17,9,3,2,0,0,3,1,0,3,2,8,3,11,3,6,11,3,2,5,12,3,0,1,1,0,]
[0,3,6,4,3,2,0,0,1,3,10,12,5,4,9,5,7,0,1,1,14,1,0,0,2,3,1,2,1,0,2,1,1,4,6,1,8,3,9,3,0,1,1,0,10,2,0,1,7,4,3,14,0,0,4,0,2,0,2,8,2,1,3,1,]
[8,0,7,7,0,11,1,0,0,0,1,2,1,14,10,7,0,2,1,1,0,6,3,10,6,0,11,2,13,1,1,1,0,5,2,3,3,6,0,11,2,8,2,2,1,1,0,0,1,5,1,4,3,7,0,4,0,3,19,1,0,2,1,0,]
[6,8,1,3,1,0,2,15,0,0,1,1,0,0,0,1,4,5,0,0,10,0,13,1,0,6,4,1,0,7,4,6,0,9,5,1,8,2,2,1,1,7,3,0,0,1,3,1,2,3,7,0,0,15,4,1,3,6,2,0,2,1,5,0,]
[1,0,2,1,1,0,2,2,0,3,0,1,1,2,8,0,5,1,8,6,7,4,5,2,0,8,6,7,1,2,19,6,1,4,2,0,3,3,3,6,6,5,1,6,0,2,1,10,2,1,1,4,0,5,2,0,3,1,0,8,2,0,4,10,]
[3,1,1,0,1,3,1,12,6,0,1,1,0,4,3,1,7,1,0,3,2,0,4,9,0,1,1,2,0,3,2,14,1,0,0,8,0,6,1,8,5,2,11,0,5,0,0,1,3,6,4,6,1,3,1,1,0,6,6,4,7,3,4,6,]
[0,12,1,8,5,8,0,8,8,1,1,1,5,1,6,2,6,1,1,4,3,0,3,9,6,1,0,0,6,1,4,2,0,2,3,7,4,3,2,0,1,1,3,1,1,5,7,15,2,0,5,2,5,1,2,13,2,0,9,1,2,2,2,2,]
[1,2,0,20,1,0,7,2,0,4,0,14,5,5,4,7,9,1,1,0,1,0,3,0,0,4,2,2,28,5,4,1,0,4,1,1,0,3,4,0,2,5,2,5,1,2,2,2,0,8,8,3,3,4,10,1,5,6,4,7,1,1,0,2,]
[5,6,3,7,11,1,2,4,6,4,7,3,1,9,2,2,0,2,0,10,10,5,13,0,0,2,0,1,0,1,4,1,3,2,4,4,0,4,5,6,6,3,0,1,0,3,2,6,5,1,13,11,2,0,0,0,4,0,5,7,6,10,2,1,]
[127,14,22,10,1,45,6,7,57,123,123,65,38,75,10,8,65,35,15,39,40,14,22,2,8,14,0,18,1,22,0,14,10,8,13,9,36,59,7,12,88,15,65,12,97,16,85,41,25,1,116,56,71,47,93,20,50,5,16,25,39,0,2,73,]
[6,3,1,7,0,1,4,1,0,4,15,9,1,0,5,3,0,3,7,0,2,0,4,1,7,11,7,1,17,0,2,6,4,5,13,6,2,4,1,0,6,3,9,8,0,3,3,7,5,3,10,7,13,0,5,2,6,1,1,2,0,2,6,19,]
[0,8,3,3,4,1,0,1,5,3,0,1,2,1,1,0,5,2,2,0,6,2,2,0,0,8,4,0,2,10,7,2,1,0,4,3,3,7,4,1,7,1,0,2,0,1,1,1,2,16,0,2,1,4,5,3,0,1,0,6,2,0,1,0,]
[58,11,68,4,49,32,25,7,21,0,32,63,66,25,24,19,8,46,123,15,8,34,21,30,47,55,27,3,5,40,6,30,7,7,46,49,31,9,2,35,9,15,18,1,36,26,46,7,30,0,8,18,22,31,16,41,0,15,17,0,9,25,3,6,]
[27,14,12,61,15,24,41,34,25,18,40,18,21,26,10,24,60,15,24,11,4,5,16,44,7,7,0,2,0,12,6,34,35,12,49,11,40,5,5,10,3,6,24,1,9,30,12,11,8,5,9,61,8,4,16,23,8,12,51,125,8,34,4,103,]
[4,7,13,13,6,33,37,63,14,23,15,3,20,6,17,48,17,13,11,14,26,19,8,8,37,9,7,5,12,50,27,1,20,7,7,16,35,6,9,4,8,4,15,85,8,13,0,15,8,8,1,30,4,22,75,42,34,90,37,6,34,11,21,2,]
[4,81,3,28,4,29,7,13,25,46,2,5,30,14,81,32,35,65,8,18,28,21,11,37,32,18,10,20,14,7,47,28,14,38,15,8,19,43,20,36,14,24,5,34,8,64,34,4,87,16,1,6,13,14,23,11,10,9,22,32,5,2,15,84,]
[15,8,5,15,5,2,4,1,1,6,2,2,6,3,0,2,0,12,11,0,2,3,0,7,9,10,3,2,6,1,5,0,1,2,0,4,1,0,1,1,6,3,1,1,4,3,3,2,5,2,4,1,3,2,5,7,0,0,3,1,0,0,0,8,]
[5,3,6,6,0,0,2,1,0,0,3,0,2,3,6,6,0,8,2,0,0,0,3,2,1,4,3,0,6,19,1,6,3,3,0,1,14,4,0,5,3,10,2,0,6,3,11,2,0,1,1,1,5,1,2,4,11,2,4,4,4,4,1,1,]
[2,2,4,4,0,8,0,0,3,1,1,3,5,0,1,6,1,3,4,0,2,3,1,4,4,0,0,1,5,5,1,11,1,4,3,6,3,15,5,8,0,7,1,1,2,1,0,7,0,5,1,4,0,11,2,4,1,4,2,1,4,2,3,0,]
[0,1,1,1,2,0,0,3,2,3,2,0,0,5,1,11,0,9,0,1,0,5,20,5,0,2,1,4,3,6,2,2,3,0,3,0,11,7,3,10,3,6,1,1,2,2,2,0,0,4,1,1,6,0,1,1,0,8,4,1,0,2,1,3,]
[0,0,1,5,17,0,2,0,7,5,1,2,8,8,1,6,1,4,0,6,7,10,0,1,4,0,17,0,3,2,4,1,0,5,2,9,4,12,0,8,2,2,6,6,0,2,10,2,1,5,0,1,11,1,0,2,3,5,7,1,7,2,3,0,]
[1,3,8,4,1,3,0,2,7,3,1,6,1,0,1,1,3,1,0,1,1,5,6,8,0,1,1,19,8,0,2,3,1,3,3,0,9,2,13,9,0,0,1,1,1,4,16,4,6,0,4,3,0,1,8,0,8,0,1,2,1,26,0,6,]
[2,4,4,3,2,5,1,1,1,2,3,3,1,1,16,2,2,0,1,4,5,11,1,0,2,0,7,6,0,0,4,2,0,0,1,4,10,5,2,1,1,0,2,3,3,1,3,6,0,0,1,1,1,3,1,10,0,7,6,6,5,0,3,8,]
[1,3,6,2,2,2,3,8,5,4,2,0,2,8,0,0,12,5,1,3,4,0,8,2,11,2,0,0,4,12,6,6,6,0,3,3,0,2,0,2,4,0,11,0,0,4,8,3,12,7,0,4,1,0,2,2,4,2,7,5,0,2,3,6,]
[2,0,2,5,0,6,2,0,10,11,3,2,6,4,3,14,1,2,0,1,10,1,6,7,0,15,1,5,1,2,5,1,1,2,9,7,6,2,0,0,1,7,5,4,3,3,3,0,3,2,9,5,1,1,1,0,11,3,1,5,3,3,2,0,]
[2,4,9,1,2,15,0,6,2,0,2,10,9,3,2,1,2,0,4,1,6,1,1,1,6,2,0,8,4,3,0,4,1,0,4,0,2,9,3,2,2,5,4,8,7,2,0,1,0,12,3,1,1,1,8,1,8,8,1,3,1,5,1,13,]
[10,0,0,1,5,3,0,0,10,2,1,0,13,6,2,0,1,4,1,5,0,1,0,5,0,2,3,2,2,9,2,2,1,0,1,0,0,1,4,7,1,4,2,1,4,0,4,0,0,2,3,0,2,0,1,7,2,4,0,8,1,5,0,0,]
[0,0,1,1,1,1,1,1,2,14,1,11,0,3,0,3,2,1,0,1,0,14,0,9,3,1,0,1,1,0,0,0,0,4,11,0,3,0,2,7,0,4,2,4,2,2,4,0,9,1,3,3,1,2,1,6,21,0,0,1,8,3,1,3,]
[0,5,8,5,7,10,4,2,14,4,7,8,1,9,3,2,2,5,1,0,7,6,10,1,7,4,4,2,3,1,44,0,3,0,0,1,0,7,7,3,5,7,2,2,19,0,1,10,1,3,1,0,0,0,5,0,29,0,0,14,5,1,6,2,]
[9,0,0,0,0,6,5,0,2,5,4,1,6,0,1,2,7,5,2,2,6,4,5,10,0,5,12,3,1,0,1,11,0,15,0,1,5,0,3,0,1,2,2,8,5,2,0,5,3,2,5,5,5,0,2,1,4,0,8,0,0,8,6,6,]
[3,9,1,2,7,3,2,2,3,5,16,7,1,2,1,4,0,1,0,0,1,1,3,2,3,5,0,4,0,4,1,9,4,1,2,0,1,0,0,22,0,4,0,1,0,10,5,0,5,0,2,0,1,10,1,0,0,1,0,1,5,4,0,1,]
[24,76,41,25,9,16,7,6,13,3,39,1,2,14,5,59,2,5,44,32,97,1,43,30,65,3,0,5,4,16,31,24,22,85,20,10,25,9,0,11,13,16,3,150,0,3,2,8,21,41,0,11,13,3,20,14,17,18,10,11,0,24,42,78,]
[2,1,0,7,0,2,0,4,2,0,1,0,2,0,9,7,8,7,5,3,2,8,14,7,3,5,2,22,1,5,6,2,0,1,15,3,7,1,0,2,0,5,6,7,0,0,21,4,3,2,3,4,0,5,1,3,4,2,6,5,0,3,5,2,]
[3,0,7,2,0,3,1,2,0,11,0,3,5,0,5,1,1,5,2,10,2,7,1,10,2,13,13,0,0,5,0,2,5,8,3,11,3,0,3,3,1,7,3,0,2,7,0,2,5,1,2,3,1,2,0,0,0,2,0,1,1,2,0,2,]
[32,40,2,0,4,74,18,0,11,7,6,5,3,19,40,2,1,5,0,16,56,6,9,37,17,22,64,5,2,3,15,12,29,6,0,32,96,78,35,1,15,36,30,60,17,20,8,0,6,41,16,34,6,26,12,40,7,17,46,42,7,10,27,33,]
[1,21,74,16,29,16,8,11,8,34,34,22,0,5,50,22,46,10,63,7,10,7,31,15,45,3,4,111,5,6,43,28,0,11,3,15,9,24,29,0,21,28,26,8,14,6,51,2,10,57,1,7,17,25,8,14,25,2,36,24,13,16,15,24,]
[39,5,37,99,69,0,12,80,23,2,3,75,88,0,3,32,0,12,5,93,4,12,25,3,12,6,14,10,36,0,2,2,36,0,7,5,9,48,74,0,17,4,4,46,28,3,42,16,19,24,39,27,22,10,37,35,40,57,3,102,40,47,16,58,]
[6,15,3,55,5,6,6,59,1,6,20,49,27,3,49,18,2,36,3,35,12,35,13,18,19,24,42,9,24,36,45,4,1,0,38,0,0,0,40,2,3,59,17,4,21,46,25,4,10,81,10,10,2,13,16,25,91,22,3,4,5,59,39,50,]
[3,0,1,0,0,5,8,0,10,2,5,2,1,2,6,2,5,9,1,1,7,1,2,1,1,1,11,5,4,13,2,5,1,1,9,5,10,1,1,0,0,4,15,2,2,0,18,5,10,0,0,2,1,5,6,3,9,11,2,0,7,27,5,2,]
[0,5,10,4,12,7,11,6,3,4,6,1,4,1,0,7,0,2,5,0,4,4,3,2,4,1,5,3,1,17,2,1,6,0,4,2,3,3,9,1,4,2,0,6,4,2,1,3,0,3,1,0,1,0,0,4,2,7,2,8,8,6,1,6,]
[8,2,2,5,2,0,5,0,14,3,2,0,8,0,0,1,4,1,2,4,5,1,5,4,5,1,0,4,4,2,1,4,3,7,2,3,0,6,6,8,0,7,2,2,1,1,3,6,14,7,3,0,7,13,0,1,0,0,2,2,0,0,3,4,]
[1,7,3,2,1,1,4,2,4,1,2,1,0,4,6,1,0,3,6,3,0,11,4,4,4,3,2,8,1,0,0,10,1,8,3,7,7,1,1,0,2,4,4,2,0,0,9,0,4,1,0,3,8,6,4,0,1,0,8,3,5,0,1,3,]
[3,1,2,0,0,4,6,10,4,1,0,7,1,5,1,1,2,0,0,6,7,4,1,2,0,0,5,0,4,0,3,1,7,3,4,9,1,0,6,10,3,1,6,3,0,0,4,4,7,0,9,2,3,0,3,7,2,10,6,3,9,3,0,5,]
[6,6,8,3,0,12,8,0,2,0,13,17,3,9,1,7,1,9,4,7,4,0,4,1,8,4,5,6,5,3,6,7,5,8,4,2,4,1,1,0,2,2,0,0,7,1,5,6,0,1,8,3,2,5,1,1,3,3,5,4,21,2,1,1,]
[1,4,0,0,1,7,4,0,0,0,6,1,3,5,9,8,7,2,5,6,5,2,0,6,6,7,5,8,10,3,0,9,1,0,15,5,3,21,0,0,2,5,2,2,0,2,0,7,1,16,4,0,3,1,1,4,2,0,3,3,3,0,0,1,]
[4,0,2,4,0,2,16,0,2,1,6,2,2,6,6,2,0,1,5,0,7,3,5,5,0,15,5,5,4,3,3,2,3,5,4,0,6,4,11,1,7,1,2,0,4,5,1,2,8,8,2,9,12,6,0,0,2,0,3,14,0,7,3,0,]
[10,0,3,1,4,1,8,1,0,7,0,0,1,3,6,6,0,2,8,0,1,14,0,3,3,11,0,4,11,0,10,9,1,0,0,2,11,1,1,1,7,1,22,1,1,0,2,5,7,2,1,3,3,5,16,0,17,0,2,5,0,2,2,4,]
[5,7,2,5,12,1,4,1,1,0,0,0,1,0,0,7,3,3,0,0,3,1,0,2,0,0,8,4,1,1,0,0,11,12,2,0,0,3,0,0,7,0,3,4,4,2,0,4,8,0,2,13,6,10,2,0,2,0,5,1,0,4,3,10,]
[4,1,1,1,2,8,0,2,5,1,0,4,2,8,1,9,18,7,2,0,0,1,1,0,1,9,4,9,0,8,5,11,2,4,1,0,8,7,2,9,17,8,8,7,1,8,4,1,0,1,8,1,0,7,0,2,0,0,18,17,3,1,0,3,]
[3,3,5,1,0,8,0,2,0,8,3,2,5,6,4,4,0,1,1,0,5,7,1,7,10,0,25,4,7,2,2,2,31,1,3,5,5,4,1,0,5,8,17,1,1,16,1,0,7,1,2,0,1,2,5,4,1,0,1,0,1,7,9,10,]
[1,6,0,0,12,2,1,2,0,1,2,10,3,0,11,7,1,3,1,0,1,11,0,2,9,9,3,3,9,7,2,3,2,0,1,6,18,1,0,0,0,3,5,1,1,2,0,3,3,1,14,16,8,0,4,6,4,2,6,3,0,7,4,0,]
[0,0,0,6,3,3,3,4,3,1,1,1,4,0,1,9,2,6,23,1,0,2,3,1,0,2,9,0,5,4,7,10,18,8,11,1,5,9,3,2,3,1,0,5,7,0,0,2,1,21,2,3,12,5,3,2,0,8,1,0,1,0,0,0,]
[1,0,1,2,5,21,3,13,3,4,0,9,1,0,2,9,10,0,10,2,0,7,2,4,5,0,13,11,6,2,5,1,3,4,1,1,3,0,0,6,11,6,1,8,3,2,7,0,0,4,3,16,2,0,12,7,2,15,0,1,1,1,0,0,]
[52,74,7,7,20,13,11,2,87,13,8,1,14,7,30,10,52,9,3,3,8,18,20,17,23,3,9,3,1,71,3,8,50,31,0,31,22,1,8,27,19,25,41,20,23,0,15,46,23,3,55,20,3,59,24,4,66,9,2,19,32,2,8,13,]
[4,4,4,1,10,3,8,1,4,4,2,7,8,22,0,7,0,8,0,4,3,0,1,1,0,3,10,1,0,16,4,6,5,1,2,3,3,12,4,0,0,2,15,7,12,6,0,2,1,3,1,5,1,3,6,1,5,1,0,0,7,2,7,6,]
[0,0,0,0,1,0,0,2,0,0,1,0,0,0,1,0,0,0,1,0,0,0,0,0,1,0,1,2,0,0,0,1,1,0,1,1,0,0,0,0,0,0,2,0,1,3,2,0,2,0,0,0,1,1,1,0,0,1,0,0,1,0,0,0,]
]
