This is computation ability:
[
[0,0,0,0,0,0,0,0,0,0,0,0,0,0,0,0,0,0,0,0,0,0,0,0,0,0,0,0,0,0,0,0,0,0,0,0,0,0,0,0,0,0,0,0,0,0,0,0,0,0,0,0,0,0,0,0,0,0,0,0,0,0,0,0,]
[0,0,0,0,0,0,0,0,0,0,0,0,0,0,0,0,0,0,0,0,0,0,0,0,0,0,0,0,0,0,0,0,0,0,0,0,0,0,0,0,0,0,0,0,0,0,0,0,0,0,0,0,0,0,0,0,0,0,0,0,0,0,0,0,]
[51,94,172,44,74,102,52,85,48,120,28,68,9,59,60,9,15,12,34,74,72,23,61,54,36,36,205,18,51,29,112,20,94,65,72,60,17,19,37,17,25,53,157,30,143,27,228,22,22,144,40,49,45,105,39,36,52,23,28,35,61,156,77,111,]
[338,393,938,255,207,1680,438,637,696,144,121,753,167,472,277,236,423,559,180,779,976,968,676,257,387,221,301,261,130,98,789,274,229,706,564,636,155,201,297,144,623,350,848,246,220,63,664,302,1258,195,746,11,689,611,312,858,613,105,191,256,618,361,460,274,]
[93,162,76,58,17,20,11,25,158,64,134,48,80,335,103,17,255,65,24,263,228,63,14,83,75,59,311,109,99,140,114,20,82,60,173,31,228,138,112,90,70,48,79,48,270,166,80,193,132,153,113,430,195,204,147,46,145,67,21,243,132,151,94,56,]
[6,21,11,17,10,17,8,2,38,10,8,9,10,21,2,9,15,4,10,2,7,14,1,4,4,3,17,24,20,35,33,10,5,9,23,30,21,10,15,12,9,3,25,11,3,6,17,11,9,21,6,25,2,15,2,12,6,5,6,13,3,24,1,5,]
[5,8,25,11,2,12,10,5,4,14,1,27,6,1,6,2,20,6,9,32,7,2,11,3,14,5,5,9,6,12,4,0,3,3,3,13,10,1,14,6,2,3,4,6,23,13,8,8,12,8,20,12,8,3,19,22,19,14,17,2,17,6,11,5,]
[13,23,35,155,10,68,200,107,85,356,53,52,61,13,262,107,117,67,110,105,20,34,62,37,38,73,45,118,60,112,175,139,275,145,119,48,90,99,84,261,103,57,30,172,166,252,61,188,273,116,47,118,144,131,97,54,307,140,35,64,34,1,62,72,]
[170,154,298,6,129,20,86,64,12,213,149,135,147,31,243,41,219,24,55,9,182,83,81,31,52,226,93,128,139,58,123,54,205,64,47,86,145,113,80,73,138,114,51,58,14,169,71,97,92,31,128,175,121,23,133,264,49,78,197,18,188,66,103,125,]
[36,7,42,78,207,309,150,61,98,40,73,437,6,30,87,178,72,99,113,73,47,203,381,40,117,146,156,41,38,246,79,75,113,125,122,105,49,39,87,168,165,10,59,81,0,374,187,53,31,72,13,127,49,83,275,18,85,64,61,165,86,24,48,111,]
[148,139,54,75,27,44,89,34,408,6,46,49,214,30,41,146,43,50,90,40,105,77,48,241,134,40,138,48,114,174,92,58,57,29,34,26,228,97,141,111,147,75,110,139,50,93,58,155,125,39,83,265,5,66,128,50,107,80,17,237,156,135,38,104,]
[55,109,43,61,56,30,102,220,106,85,51,26,83,101,118,35,49,168,81,106,83,27,20,122,58,80,222,40,65,172,42,150,66,185,278,99,84,106,8,37,30,178,248,33,228,47,67,168,82,116,37,64,96,99,71,8,75,160,340,117,67,100,46,32,]
[153,75,24,72,12,82,71,289,119,12,73,234,157,120,169,41,136,38,273,67,32,41,15,126,47,26,106,70,73,173,14,152,10,82,59,34,49,123,90,286,101,68,98,133,16,162,57,9,40,53,11,165,74,35,67,46,52,26,32,146,48,199,193,104,]
[102,95,57,117,99,70,151,142,7,13,228,225,134,166,172,49,179,54,49,68,187,530,8,89,336,78,66,66,29,221,22,62,22,52,116,264,91,89,173,184,21,134,72,32,70,83,81,406,132,14,109,39,105,228,74,57,50,21,118,19,41,430,22,45,]
[81,66,150,191,55,65,42,20,54,18,82,41,61,18,79,16,169,25,46,74,94,35,116,29,41,3,90,112,135,157,77,58,74,156,33,40,16,50,95,17,124,63,50,28,78,31,62,167,87,61,134,51,104,9,134,41,68,77,89,1,75,47,215,34,]
[437,464,265,334,777,655,764,365,60,684,324,550,376,294,51,638,816,583,522,412,74,350,112,187,609,876,362,496,711,193,629,206,86,716,92,352,74,980,339,138,224,1509,204,118,807,458,379,227,427,1225,120,71,703,279,676,281,324,427,956,208,19,349,173,660,]
[59,38,35,123,111,34,80,38,56,106,47,4,87,86,42,46,93,171,46,35,93,21,160,160,211,122,86,189,193,39,118,154,119,130,155,60,104,257,124,123,25,23,28,115,90,39,180,83,171,61,29,194,85,102,267,126,85,112,222,30,148,110,117,238,]
[4,2,11,31,4,10,19,1,9,12,19,16,11,12,14,9,17,4,5,5,12,8,7,25,6,19,2,7,7,13,30,5,10,30,1,8,8,5,14,3,16,14,3,1,9,19,9,4,14,17,5,4,6,11,4,12,6,6,14,11,7,4,4,48,]
[7,6,5,11,5,7,22,7,4,5,13,9,12,4,5,8,14,21,6,13,4,26,1,10,11,8,15,6,4,4,7,3,13,7,2,6,2,8,14,8,8,5,2,4,2,24,16,6,15,1,6,16,12,18,21,1,1,4,0,20,15,14,6,13,]
[126,77,101,67,125,88,58,92,42,192,51,82,163,270,11,27,388,45,228,34,122,40,84,100,53,43,283,8,174,173,44,507,110,242,27,100,186,92,118,60,253,97,54,166,76,55,25,74,82,85,121,331,72,222,100,22,177,125,46,100,126,81,135,17,]
[64,47,48,148,172,46,224,166,184,106,25,138,103,33,188,39,77,21,255,207,228,94,107,179,215,96,53,17,27,86,46,98,39,40,73,148,75,85,76,9,169,48,106,66,35,229,63,94,61,18,151,199,11,113,48,20,16,59,108,25,207,144,163,40,]
[166,58,68,240,65,100,175,148,120,36,116,68,58,235,42,28,167,149,390,31,46,49,58,135,19,184,51,226,22,65,109,72,44,136,244,53,187,54,242,223,194,110,261,88,45,65,50,126,96,93,33,119,81,142,47,118,76,35,126,38,17,128,58,115,]
[215,44,157,51,80,75,157,158,26,103,28,28,99,66,289,149,77,139,84,67,22,32,148,87,220,144,65,86,20,34,91,255,92,160,145,23,100,49,87,71,148,218,73,20,71,35,60,63,150,129,127,78,63,50,85,98,55,27,141,40,156,193,177,125,]
[31,90,138,33,27,46,54,125,28,40,525,72,37,45,218,10,25,151,32,69,39,285,149,46,91,52,66,162,91,39,55,37,65,29,109,140,119,91,56,132,29,110,140,174,76,103,55,22,37,155,145,185,124,101,105,71,18,77,47,250,12,83,17,61,]
[91,57,5,46,261,59,25,43,155,115,99,178,65,34,45,82,150,105,168,121,12,152,46,124,43,11,257,50,54,58,60,31,102,25,150,175,46,188,48,87,226,124,35,103,31,106,16,106,22,106,21,11,167,29,22,32,62,17,110,219,93,84,54,105,]
[174,87,71,20,36,30,86,48,39,56,87,47,35,84,185,116,276,15,2,15,70,39,139,59,137,117,86,151,89,178,40,127,44,111,193,74,67,47,37,75,30,35,34,114,38,80,66,82,34,8,49,58,194,243,19,150,67,214,22,21,33,172,295,72,]
[93,50,17,48,55,99,23,20,20,24,237,12,78,7,23,190,44,237,8,80,117,79,82,74,31,59,36,65,27,110,17,123,38,63,116,36,71,57,35,32,28,33,251,55,50,60,10,25,128,85,39,89,144,61,129,178,42,35,41,79,55,8,148,37,]
[255,462,482,95,339,206,19,199,1106,377,233,439,119,180,481,279,207,767,493,89,366,93,589,93,215,341,864,921,177,893,384,665,304,725,289,255,260,702,556,220,39,346,183,814,233,332,259,336,300,280,303,689,330,438,571,464,701,29,276,152,151,444,1435,504,]
[112,132,36,67,156,93,44,57,92,30,86,62,226,48,15,101,221,15,45,58,47,191,119,291,166,37,103,19,28,66,105,195,23,120,1,30,7,92,37,82,27,115,70,175,135,7,48,48,133,64,111,159,140,24,76,82,220,48,118,51,33,206,13,128,]
[0,0,13,18,1,15,1,35,4,3,50,7,10,6,7,7,20,16,13,4,4,12,6,3,3,10,2,12,16,34,7,11,9,19,5,5,6,4,7,6,8,5,17,22,11,20,5,11,3,8,3,12,4,32,11,30,9,14,9,5,7,14,2,14,]
[8,34,10,11,9,7,4,7,5,14,14,5,14,8,1,6,26,3,16,5,11,9,3,4,8,3,18,18,5,6,6,6,13,9,20,2,1,6,16,2,3,1,4,7,3,8,4,5,15,15,9,3,6,8,18,7,10,5,18,1,13,17,12,2,]
[70,85,30,74,242,193,270,71,131,34,61,9,155,56,50,149,48,195,44,165,40,202,31,132,134,51,143,60,352,136,76,153,95,44,11,45,78,133,188,61,171,89,43,21,111,45,79,42,81,133,155,86,158,237,85,327,230,106,136,100,195,137,119,82,]
[33,98,143,78,75,26,209,276,40,109,105,315,77,108,16,74,175,29,243,27,78,74,47,26,367,167,298,90,46,80,39,68,43,370,166,109,138,32,97,409,59,61,70,313,173,161,145,52,46,58,69,96,203,47,60,105,60,151,190,12,77,238,58,281,]
[176,159,339,51,49,169,156,32,61,161,83,389,73,219,78,153,177,17,273,138,132,17,46,61,120,30,39,74,82,78,97,238,144,59,172,116,22,92,95,33,22,63,188,73,152,60,103,47,141,76,35,81,116,236,169,317,7,245,47,65,26,295,136,156,]
[98,127,339,19,178,171,32,106,43,77,243,22,9,200,7,128,59,65,181,132,57,57,141,92,119,116,198,158,45,115,115,57,159,100,159,46,130,113,84,57,46,145,41,190,181,61,97,54,231,68,20,241,59,164,51,28,107,192,126,41,239,32,35,113,]
[71,25,122,142,234,143,20,130,119,3,131,54,109,119,18,152,135,69,348,57,51,28,232,86,263,34,22,149,132,79,78,31,203,31,38,54,138,35,188,179,273,66,334,22,153,57,121,49,4,44,38,292,100,57,87,72,109,88,63,160,104,80,107,163,]
[27,21,104,29,87,172,60,45,80,223,61,69,27,34,82,28,66,99,216,21,21,108,170,250,107,143,82,102,40,246,130,86,97,62,31,219,204,115,146,111,103,29,61,154,329,56,185,18,73,192,85,198,162,76,8,61,46,92,14,136,38,34,113,81,]
[56,68,100,74,119,60,133,98,94,24,24,31,48,70,52,64,111,98,112,48,131,11,186,99,89,112,235,258,157,62,119,145,59,14,267,337,56,36,56,86,211,54,143,39,49,38,56,34,104,101,97,105,112,52,197,172,52,44,132,226,22,85,34,163,]
[72,47,97,46,29,100,62,66,9,55,46,42,71,107,28,85,106,32,91,60,107,88,43,69,63,67,6,175,157,22,109,49,86,21,11,56,1,69,57,43,27,21,51,131,65,50,77,63,106,15,21,75,111,13,109,71,80,26,63,77,153,283,57,39,]
[436,539,695,1104,541,172,483,100,804,279,1930,470,193,106,398,698,384,223,681,1023,131,49,366,520,940,588,603,515,359,167,35,446,175,412,774,399,583,81,287,322,7,690,286,428,758,512,147,390,121,147,183,878,494,340,978,483,926,495,434,1059,689,170,222,299,]
[30,81,736,97,6,10,75,158,89,124,127,25,78,59,36,149,97,158,202,106,145,53,65,93,145,66,5,55,27,117,110,102,90,43,37,60,37,236,59,84,142,57,267,423,219,433,27,48,205,73,19,146,72,58,43,188,50,57,126,10,170,82,309,131,]
[18,6,5,5,7,10,5,3,2,41,0,15,17,8,7,18,15,17,4,3,4,2,3,4,4,11,18,19,14,11,3,21,17,2,27,22,13,25,5,13,5,7,5,33,4,8,28,10,1,23,8,11,13,20,0,13,14,9,45,3,14,17,7,8,]
[3,6,14,10,5,28,5,3,8,3,3,1,8,30,13,3,14,18,4,1,8,8,15,5,6,12,4,2,5,5,10,10,1,19,9,2,5,3,1,9,13,1,6,9,14,6,13,0,7,10,15,6,6,15,8,8,11,1,5,3,0,11,12,2,]
[128,151,226,64,88,83,20,13,61,51,158,133,129,66,100,34,84,34,146,93,45,31,235,21,418,21,146,32,25,291,69,36,56,209,140,5,263,258,43,7,62,253,271,94,161,65,105,117,99,141,12,118,231,148,140,18,115,251,307,23,69,2,458,51,]
[189,62,51,56,169,153,44,107,88,172,77,185,61,16,357,230,68,118,61,123,69,99,14,227,30,62,269,67,126,14,104,41,104,222,54,130,187,47,47,34,207,275,183,287,52,7,167,131,38,58,31,4,155,155,78,137,43,120,31,121,194,120,112,51,]
[25,178,51,250,67,113,18,100,7,83,10,35,88,103,55,52,189,181,115,89,83,61,129,16,130,123,15,111,109,113,87,11,239,85,111,426,71,242,10,48,53,59,129,211,31,132,120,42,184,109,66,36,75,41,130,331,107,117,110,60,65,154,55,59,]
[148,218,151,25,61,114,174,102,59,99,25,156,88,32,66,17,124,49,1,302,171,48,178,211,284,23,80,62,37,156,75,73,220,128,93,78,53,112,130,475,30,255,143,119,35,50,105,87,11,87,41,355,165,270,64,13,20,96,2,174,154,63,121,110,]
[71,60,93,74,108,108,26,34,170,233,104,15,86,144,31,49,132,160,174,46,66,12,29,43,90,162,112,195,29,0,133,98,3,43,134,175,73,216,132,259,37,25,7,84,356,30,262,71,138,251,34,120,18,448,41,21,165,69,70,185,104,112,151,58,]
[57,103,45,53,342,185,46,71,39,135,74,21,2,83,66,150,114,40,149,86,68,69,33,134,35,181,133,23,129,50,4,16,234,48,6,51,62,139,232,47,128,21,144,153,72,90,32,134,44,232,149,270,163,88,113,53,28,26,24,101,47,90,269,19,]
[68,31,124,8,23,59,68,70,35,35,15,118,60,196,45,120,192,39,43,116,53,188,78,40,179,150,120,43,26,59,75,69,47,49,406,142,46,29,207,273,102,148,46,80,50,246,16,35,21,158,30,108,36,54,130,24,142,121,76,46,86,26,77,169,]
[45,49,59,44,21,58,190,87,22,64,46,95,100,32,22,24,32,53,224,3,57,33,6,47,50,139,91,127,44,44,58,80,19,21,63,64,71,143,74,64,1,145,19,33,203,46,28,50,94,39,111,14,114,7,57,62,135,52,33,106,99,28,37,117,]
[363,193,51,470,485,146,208,883,329,444,1255,1180,651,626,190,228,673,639,128,194,617,122,100,72,1202,55,751,33,654,985,205,1268,58,159,213,496,264,130,73,774,450,54,132,99,31,49,197,932,155,289,642,166,156,525,503,85,380,270,325,403,141,1090,768,332,]
[332,65,90,139,19,284,149,86,159,131,135,119,244,144,23,147,79,116,68,22,116,24,83,68,9,36,47,67,53,14,172,32,120,75,113,99,274,46,123,204,86,100,91,105,322,283,10,150,109,69,60,118,150,17,185,189,54,69,88,237,30,44,86,691,]
[3,10,3,4,22,17,3,3,4,1,7,5,12,16,9,12,7,6,34,8,3,4,4,18,7,1,12,13,16,26,10,7,22,8,1,14,6,17,11,38,7,11,36,25,15,7,12,8,7,3,5,4,33,26,4,36,3,12,13,6,5,9,5,7,]
[10,8,2,5,5,7,24,6,7,5,1,15,9,14,13,7,37,12,6,8,11,11,4,9,3,0,4,2,25,3,2,2,0,5,11,3,8,19,1,11,4,16,5,8,6,5,2,16,13,0,6,15,6,3,4,10,6,15,37,8,3,6,5,3,]
[45,7,250,108,366,72,35,182,41,179,32,23,183,117,359,150,31,106,667,47,33,73,91,70,222,52,155,64,64,168,168,148,125,67,15,154,155,94,152,140,22,132,2,89,271,21,77,9,67,154,144,128,72,61,84,319,108,119,237,15,91,152,10,199,]
[87,112,72,157,127,207,62,101,85,189,107,64,265,133,359,334,26,27,262,72,87,173,61,128,143,157,29,322,139,212,107,72,233,206,52,124,22,62,20,7,89,189,290,221,13,72,119,308,69,14,20,22,80,70,45,83,154,39,222,43,168,196,116,73,]
[153,136,104,71,9,250,84,53,35,38,153,16,21,248,140,179,95,46,257,91,97,141,34,100,49,193,68,21,56,118,141,80,87,107,12,32,339,111,215,227,50,10,217,74,18,177,8,334,154,218,181,90,17,124,320,65,184,208,82,56,114,78,152,101,]
[32,18,66,64,10,78,39,54,78,105,110,121,75,109,30,78,162,42,55,66,18,288,70,32,3,197,72,29,156,302,188,98,32,64,144,75,100,124,15,46,32,24,39,136,152,116,72,168,136,9,51,163,74,130,51,56,75,294,46,33,39,114,27,29,]
[98,70,30,112,25,437,20,60,16,68,48,347,297,128,120,68,81,135,24,31,226,195,105,16,21,34,133,21,113,33,116,85,5,67,213,134,348,137,20,120,199,174,34,168,50,43,120,96,17,5,147,43,34,22,35,95,121,103,209,67,142,53,66,127,]
[304,100,61,136,173,76,43,19,117,200,105,30,125,126,109,112,90,168,86,46,158,55,113,48,47,38,59,258,59,202,143,25,129,26,134,31,16,338,24,80,210,172,68,21,74,61,46,85,127,27,21,39,54,43,216,83,101,90,288,34,88,20,27,138,]
[204,141,167,81,23,122,114,103,194,103,46,128,459,78,90,21,40,173,60,34,33,78,65,4,161,197,55,24,48,106,67,59,139,49,83,71,36,262,75,104,128,178,42,171,178,117,28,19,112,171,45,61,15,141,73,112,20,173,80,80,228,35,69,89,]
[51,103,39,145,51,83,90,113,143,74,35,34,133,74,35,35,50,82,53,63,193,7,125,26,5,161,90,55,41,85,66,41,67,10,78,25,69,96,50,60,41,21,71,53,100,56,40,50,121,68,178,6,68,11,78,74,29,44,191,44,49,22,36,44,]
[131,54,956,1024,633,118,2,245,305,48,210,141,317,372,75,88,395,268,735,359,474,391,123,710,617,147,725,508,333,346,777,475,305,97,293,175,476,45,750,586,279,451,270,912,927,107,247,299,900,328,825,300,421,232,386,815,567,217,1230,93,363,753,96,170,]
[194,49,25,45,19,8,245,282,21,71,182,75,157,54,180,127,106,66,79,340,60,101,94,31,184,199,21,176,225,38,21,87,126,155,51,40,97,260,194,0,99,175,13,38,11,87,118,78,101,85,209,159,172,200,223,54,278,116,9,18,33,100,27,12,]
[21,9,13,3,18,2,3,8,9,22,4,14,5,19,9,10,3,4,6,12,11,9,14,4,5,5,13,19,9,28,20,28,5,15,16,10,4,8,28,30,12,12,11,6,8,10,9,5,39,6,1,15,4,11,23,5,12,5,6,6,5,7,6,23,]
[2,6,5,10,6,4,0,3,8,8,5,4,8,6,10,3,16,10,28,11,6,5,11,10,10,8,15,0,3,4,6,8,23,2,13,18,15,5,4,1,7,5,2,14,13,2,10,7,14,15,11,5,17,6,2,14,11,1,4,15,10,18,10,9,]
[114,198,6,215,211,42,107,55,15,69,82,155,47,304,69,145,124,25,91,141,164,20,72,48,51,43,84,147,132,176,171,108,53,118,40,203,182,100,81,143,105,28,72,125,143,43,32,55,193,246,170,60,68,90,128,104,135,226,221,369,154,9,162,35,]
[110,169,8,196,156,149,162,241,131,84,185,21,81,202,132,37,175,65,29,71,27,332,70,78,39,153,62,25,258,170,89,69,231,99,289,339,160,84,100,180,127,3,65,64,215,78,26,180,298,207,39,32,6,93,168,172,18,34,75,95,71,9,260,255,]
[20,210,82,125,330,141,143,79,259,79,212,16,230,43,200,170,142,11,48,298,14,55,201,13,134,71,78,138,134,115,24,73,10,246,3,229,26,64,297,250,98,22,77,21,108,40,63,71,191,35,22,6,168,79,73,104,93,220,175,142,103,96,90,310,]
[37,187,120,158,24,203,15,50,104,52,64,67,51,100,100,26,110,61,56,47,13,74,429,14,286,180,80,288,72,117,30,103,334,134,26,66,46,52,47,57,46,19,146,400,30,178,30,149,35,108,104,111,116,35,166,41,38,146,13,55,36,2,196,99,]
[60,134,36,54,41,56,31,30,97,49,157,88,96,45,37,9,60,87,111,266,66,104,61,167,35,118,140,51,189,73,49,179,50,61,177,32,243,143,81,91,146,104,42,213,59,103,15,44,84,128,128,52,35,42,136,30,19,199,162,43,12,124,75,77,]
[37,179,186,86,80,120,79,89,53,4,52,100,75,157,91,66,104,133,36,17,30,41,127,129,179,36,29,117,24,102,29,202,17,27,104,68,47,49,122,43,78,156,293,199,155,38,188,81,36,94,112,18,138,61,31,116,88,156,192,114,104,123,27,66,]
[69,111,291,23,149,84,118,98,55,114,127,126,50,71,160,48,159,45,43,170,23,161,73,42,57,56,136,46,138,11,106,44,26,27,83,323,49,210,42,105,46,138,95,103,106,109,84,44,82,39,219,61,42,93,54,36,227,45,105,8,91,51,114,72,]
[31,233,72,97,48,31,395,66,31,44,123,15,5,76,24,23,53,128,75,131,25,115,36,31,30,36,40,29,36,90,72,70,24,51,85,28,25,21,53,92,83,78,98,28,51,40,64,189,60,52,49,52,43,20,89,64,11,23,57,14,41,48,11,51,]
[203,369,280,801,469,231,631,707,27,217,1093,78,378,235,479,572,368,1186,610,716,815,82,1448,868,429,978,569,440,858,600,37,747,198,369,169,359,96,146,373,166,824,163,310,572,51,226,1176,510,145,279,670,64,416,32,329,530,226,518,305,220,277,206,315,203,]
[59,48,141,58,34,117,174,85,68,2,18,96,28,40,110,26,30,202,114,20,202,74,166,142,157,325,118,120,110,67,124,81,10,241,40,328,86,71,251,74,79,112,23,39,246,17,153,197,128,49,182,123,270,46,78,389,15,145,81,108,89,140,222,130,]
[1,4,6,8,7,17,19,0,8,2,2,32,5,8,0,1,7,15,2,22,23,2,6,27,32,7,7,22,3,23,9,3,2,25,5,10,36,13,6,14,22,5,1,4,2,15,21,12,2,12,11,11,9,1,6,17,0,12,5,3,9,7,19,1,]
[4,5,6,17,0,0,10,17,12,13,5,17,3,6,7,0,4,9,5,2,20,11,15,4,13,8,5,1,8,10,15,3,11,1,12,2,2,17,5,4,7,4,3,11,7,5,11,3,3,6,17,6,3,4,14,7,4,5,6,9,17,4,5,7,]
[177,60,141,76,108,210,63,44,71,58,169,12,39,115,171,188,131,150,35,25,139,41,158,166,122,25,80,65,52,11,212,214,47,183,53,135,126,164,20,134,111,25,70,218,21,316,185,146,370,134,64,32,60,16,173,4,62,14,55,84,44,332,90,4,]
[156,176,141,147,136,28,39,89,175,134,32,166,60,26,420,13,81,350,173,13,42,46,69,4,66,298,87,129,77,15,89,129,77,83,114,18,41,89,12,69,329,225,96,184,135,117,8,123,148,80,62,1,3,17,39,436,84,68,234,116,47,76,74,142,]
[44,80,14,197,43,206,129,23,65,201,59,43,160,475,75,153,78,217,316,135,40,35,163,34,21,53,178,18,237,76,68,115,74,190,42,212,39,49,48,197,148,272,28,78,131,153,116,82,6,61,171,36,162,215,139,145,66,124,275,328,65,168,65,172,]
[67,87,36,273,59,55,32,136,35,39,53,131,89,45,177,51,16,8,160,213,99,25,169,29,146,92,116,68,12,111,8,82,102,68,80,70,258,73,46,111,186,77,46,229,107,96,111,48,56,23,210,127,97,59,49,74,171,121,119,76,30,423,120,27,]
[90,9,70,125,12,57,50,39,83,228,112,9,320,83,64,6,18,58,16,28,57,367,127,42,93,73,53,220,63,36,94,122,46,145,171,14,83,32,126,69,45,186,43,154,215,45,44,124,308,168,36,84,19,194,11,78,28,40,104,66,6,256,88,72,]
[42,139,131,27,93,125,143,11,142,96,56,18,79,233,78,87,214,271,96,91,35,65,114,242,40,60,53,47,21,35,71,38,85,106,176,151,152,23,34,62,223,90,158,83,81,178,8,40,59,179,120,52,137,89,75,295,107,19,152,29,79,157,95,98,]
[154,62,93,240,35,113,279,40,40,133,232,65,54,60,117,23,53,48,9,242,18,40,134,33,42,248,22,86,77,88,192,63,191,115,66,67,84,104,78,136,47,232,88,268,243,97,66,19,109,142,28,123,164,162,258,76,124,130,54,81,48,64,120,48,]
[106,40,13,178,45,38,81,59,56,18,54,20,45,12,25,86,103,5,122,38,53,23,31,220,100,131,27,109,106,112,12,265,187,87,127,53,30,47,67,56,61,41,55,21,46,314,46,37,160,70,24,11,1,147,66,31,71,87,69,64,57,32,219,121,]
[330,180,101,550,193,439,251,524,296,657,454,54,135,460,242,125,834,457,689,172,505,333,65,299,248,357,802,681,66,279,1174,463,170,287,1061,263,231,133,699,498,274,616,285,447,310,575,169,283,740,416,782,757,228,561,338,477,1051,579,223,195,474,202,694,230,]
[93,35,36,398,91,136,269,74,54,96,37,130,247,147,30,107,26,61,128,114,58,77,123,60,120,30,84,24,190,58,76,517,196,126,8,44,274,78,15,240,83,71,73,129,122,38,64,102,201,156,111,178,91,336,271,179,129,21,115,101,252,202,101,129,]
[3,11,9,19,28,20,14,16,14,5,6,1,3,26,5,10,5,12,7,6,8,2,3,1,2,14,16,6,12,10,20,7,19,16,3,10,10,40,5,10,22,14,5,12,11,11,5,2,13,5,16,9,9,8,0,6,11,11,12,6,5,18,2,2,]
[2,7,9,16,20,13,7,3,3,15,14,11,3,6,6,4,5,3,7,12,2,13,5,11,1,17,22,2,3,1,6,9,5,7,9,3,15,17,11,1,11,1,7,10,10,5,13,10,2,22,23,6,24,2,6,1,12,63,6,3,6,2,19,4,]
[96,243,92,109,269,94,107,148,495,33,88,62,525,38,245,116,202,55,103,135,66,98,99,64,28,39,75,83,99,153,240,162,35,144,150,16,142,232,70,108,35,71,12,27,55,186,110,53,186,45,93,31,31,158,28,85,24,203,35,306,342,77,25,123,]
[27,44,22,84,154,76,61,115,59,131,96,80,88,129,88,89,41,11,184,339,17,118,42,55,160,53,51,236,82,88,224,32,228,159,4,133,51,211,44,59,21,126,99,111,149,84,513,70,110,29,35,16,81,13,89,100,87,191,24,62,109,9,45,23,]
[168,89,197,122,158,134,88,51,133,59,15,181,32,66,45,40,37,101,58,106,119,7,31,51,49,21,123,68,167,102,1,32,133,269,92,67,74,78,270,25,57,76,93,15,105,164,154,107,110,48,77,83,75,165,26,251,259,65,18,42,40,95,198,136,]
[523,198,17,131,109,244,146,68,170,165,121,97,15,155,66,75,36,15,78,142,506,27,151,128,49,41,85,198,59,51,106,154,189,36,249,98,150,79,165,129,17,13,27,33,112,81,153,513,28,186,91,33,106,130,37,22,214,42,62,86,181,59,7,151,]
[49,49,232,53,97,28,67,86,266,23,249,117,23,56,71,134,87,40,9,42,104,113,169,16,43,80,25,311,279,43,54,117,203,39,94,63,41,60,201,32,50,47,115,48,38,153,35,120,197,532,8,115,120,105,50,221,63,121,58,20,205,111,73,98,]
[121,238,67,87,68,80,210,107,50,124,84,41,28,47,9,158,121,100,103,17,48,61,150,255,27,226,129,12,38,17,20,47,121,46,16,18,96,19,116,44,28,76,74,60,3,25,82,64,45,77,128,68,89,97,78,89,43,138,114,68,65,22,55,86,]
[155,256,88,254,96,12,142,71,62,130,223,109,76,3,20,67,53,86,86,372,61,11,155,45,261,207,104,71,298,90,72,152,247,19,158,113,110,120,122,134,208,297,98,20,327,73,43,132,43,41,113,182,96,113,61,29,67,235,76,92,128,113,23,54,]
[89,67,43,31,82,149,48,25,34,115,7,34,11,111,308,89,62,36,51,60,116,168,127,136,107,81,22,22,35,77,23,24,37,91,62,64,39,95,190,61,21,17,124,134,195,187,77,25,21,23,49,117,38,19,19,50,46,29,100,85,86,53,111,150,]
[276,294,418,9,227,107,835,1451,961,487,139,135,390,243,378,542,99,481,290,330,91,453,668,67,236,90,472,62,774,294,162,100,581,484,78,481,171,157,1261,1060,296,392,747,296,848,530,159,152,1005,150,178,39,82,64,222,343,757,393,446,199,494,400,709,295,]
[134,57,210,41,13,35,120,237,233,94,92,233,26,61,55,47,32,239,146,16,113,54,16,154,161,55,105,424,15,170,181,46,121,248,271,73,259,80,313,115,28,178,219,61,132,165,83,110,112,63,58,74,109,50,19,299,80,86,168,63,94,8,111,282,]
[12,0,1,3,3,12,3,0,19,13,9,10,2,23,24,7,15,0,8,19,2,18,5,12,13,8,7,2,19,8,4,24,16,11,21,17,20,13,4,5,7,8,13,38,13,7,32,14,10,4,15,10,15,3,0,10,1,8,7,7,5,5,6,8,]
[16,4,4,9,7,6,4,6,12,1,5,2,18,6,5,8,7,21,15,13,14,1,3,5,5,3,6,15,7,4,7,5,6,3,3,11,11,12,17,21,11,28,7,4,16,6,5,6,6,14,14,21,4,9,8,12,8,8,5,11,1,5,9,0,]
[120,53,30,55,59,15,54,189,134,362,19,147,136,68,59,172,100,156,327,34,201,19,139,61,67,167,95,120,81,116,128,26,88,61,74,233,140,76,146,180,33,88,33,47,159,142,44,162,64,217,72,242,69,189,45,111,148,158,307,34,33,175,106,12,]
[146,178,182,137,19,111,239,148,123,36,46,31,61,77,73,41,64,71,33,8,45,163,166,129,89,113,21,204,18,46,237,97,108,78,228,121,382,106,188,116,63,402,73,47,66,179,83,151,42,114,47,21,83,207,88,327,199,154,25,94,45,185,46,224,]
[156,74,141,40,167,62,28,307,160,88,54,87,87,19,340,187,73,46,125,8,29,136,15,131,247,129,86,70,197,59,86,271,145,76,94,162,271,102,60,45,51,63,21,45,70,76,165,81,73,17,139,36,95,28,17,171,102,115,47,100,32,66,33,20,]
[148,260,145,168,16,59,127,70,65,66,20,25,101,108,339,51,175,68,230,174,115,43,115,33,31,31,149,120,105,96,20,68,54,53,49,52,147,66,260,42,185,302,70,174,120,44,99,121,176,45,76,90,129,352,115,202,168,57,3,33,104,9,59,66,]
[61,116,24,110,36,112,65,319,6,26,164,68,74,71,92,15,27,80,15,103,94,234,47,7,97,68,187,29,275,149,82,94,64,132,394,53,125,58,23,52,18,120,42,122,128,129,287,25,204,14,69,142,22,71,40,35,209,41,165,35,48,85,109,155,]
[62,128,172,119,65,70,125,155,84,75,150,27,86,28,93,94,37,61,201,111,4,14,274,125,118,99,34,140,100,27,98,112,57,52,337,127,26,213,34,298,37,177,54,106,80,42,251,128,76,38,155,12,17,37,89,114,62,101,175,93,33,143,77,6,]
[195,54,95,74,240,98,134,44,28,117,57,185,23,72,18,2,7,67,229,155,105,32,35,74,146,219,120,5,27,124,106,19,77,26,121,84,166,120,23,132,119,106,138,72,43,87,83,288,111,589,43,60,154,83,133,141,118,109,164,46,81,50,23,134,]
[72,41,66,8,62,47,153,28,26,29,103,38,84,1,16,50,39,73,62,225,66,17,25,88,46,28,102,40,229,97,71,33,74,15,31,24,191,112,120,9,40,79,116,36,109,141,47,144,35,28,64,16,78,18,19,85,50,106,29,103,20,69,17,46,]
[644,518,163,268,506,47,158,192,1578,572,82,280,174,522,582,188,540,205,163,394,142,174,220,364,344,191,179,54,245,219,845,333,591,816,448,257,44,1172,131,577,118,838,127,206,261,101,323,352,217,63,425,820,371,159,216,819,662,400,161,148,319,671,281,262,]
[153,177,184,148,39,22,18,89,136,113,131,84,66,89,133,82,26,55,34,22,50,62,203,53,209,207,32,112,138,176,163,162,38,248,93,129,189,41,182,25,165,62,13,65,195,176,100,50,102,22,170,64,58,99,84,86,419,36,14,62,284,80,35,8,]
[13,1,15,8,18,19,27,3,0,17,9,17,3,17,16,8,5,8,6,14,4,9,7,4,1,5,10,5,15,11,20,6,10,15,4,9,10,7,8,1,5,2,14,19,10,8,4,6,5,13,5,7,5,2,31,6,1,8,7,19,14,11,12,8,]
[5,4,1,2,1,15,8,8,6,18,12,3,13,6,8,8,3,19,9,5,7,0,15,17,11,21,13,4,1,4,3,18,11,4,27,12,3,0,10,6,0,0,5,26,7,7,6,5,8,0,5,6,5,13,8,9,7,6,1,4,18,3,27,7,]
[55,206,34,28,99,67,121,51,354,261,54,37,72,189,143,54,145,75,29,175,108,151,74,192,85,18,18,130,93,182,60,194,142,106,14,128,97,203,205,76,76,241,6,39,7,42,24,166,153,149,51,123,13,127,98,7,82,171,5,41,88,414,158,50,]
[69,18,51,190,15,366,45,116,67,103,8,140,111,79,103,64,46,327,51,151,106,68,9,111,40,95,156,128,126,224,36,102,12,33,85,147,91,8,43,245,75,79,103,43,252,88,26,96,33,47,135,133,242,58,261,111,121,104,7,354,105,77,193,243,]
[249,102,26,213,58,110,56,38,167,187,87,144,55,269,29,70,32,83,127,107,72,161,96,47,171,102,76,160,56,8,60,101,28,76,91,173,39,68,57,39,537,100,95,128,76,106,193,114,54,11,123,19,164,40,416,68,41,336,105,133,162,35,77,209,]
[67,93,136,150,126,89,102,88,42,158,38,19,12,171,62,227,119,25,82,93,134,121,69,40,145,129,167,132,35,226,144,108,20,147,160,93,90,91,15,298,134,79,77,91,20,49,50,56,125,98,108,125,76,132,212,45,241,40,41,155,351,106,164,31,]
[242,34,18,96,121,31,19,37,55,50,88,8,44,122,92,103,70,3,62,103,2,325,46,81,105,123,86,10,69,308,26,27,43,139,163,41,33,151,203,132,56,16,31,129,193,85,214,84,68,74,384,135,26,127,107,224,340,247,100,53,36,125,204,96,]
[100,96,53,96,77,225,55,31,263,329,49,24,124,85,107,36,272,19,15,96,130,81,13,127,164,68,120,81,31,40,130,11,178,9,22,85,246,35,20,51,99,188,85,128,119,49,53,17,31,175,94,48,17,37,9,97,42,30,220,9,28,207,154,81,]
[73,50,88,443,180,41,104,112,193,202,29,76,32,22,9,296,19,49,85,111,581,76,149,113,4,155,108,9,35,151,25,21,92,49,64,111,26,139,52,119,79,29,22,73,133,306,151,98,148,66,16,21,114,82,49,268,142,35,198,27,64,25,107,186,]
[85,166,171,125,352,107,76,159,26,62,30,134,15,8,33,31,117,112,11,78,90,96,94,59,99,77,99,20,57,26,15,8,24,49,47,72,133,154,27,151,87,82,16,33,34,68,74,32,28,187,61,39,96,35,7,27,76,57,39,40,35,94,148,67,]
[173,1397,307,141,396,245,394,154,399,271,116,390,437,287,460,631,209,17,77,1103,640,412,741,120,200,87,318,216,731,319,467,207,70,146,287,379,115,383,161,1172,581,238,310,299,55,343,322,144,472,348,602,312,514,249,501,172,1243,42,32,79,570,590,48,333,]
[205,111,137,44,223,296,14,60,107,127,67,96,153,94,132,80,117,179,255,107,188,116,35,442,19,51,51,85,61,23,141,32,61,167,15,16,204,105,30,250,248,145,61,209,368,57,35,64,42,14,67,258,111,287,141,45,64,60,18,108,77,162,320,252,]
[11,3,5,11,6,8,10,20,23,19,12,14,13,9,11,8,3,7,30,18,11,24,1,3,8,4,3,15,9,8,23,46,5,3,14,2,21,19,12,22,4,7,10,9,13,10,6,6,10,16,20,9,11,6,6,4,18,14,21,6,12,3,14,8,]
[12,6,21,7,2,1,24,5,10,13,11,11,15,6,9,3,19,1,15,3,14,9,1,6,10,7,15,2,3,2,5,4,1,3,13,17,3,10,7,3,6,6,1,5,8,3,8,13,15,3,9,0,9,9,20,14,6,1,2,2,4,13,15,4,]
[32,69,37,92,11,266,109,53,84,69,99,31,93,185,93,231,34,63,21,14,174,70,83,33,70,59,67,72,28,123,24,22,121,268,103,362,167,32,382,174,71,42,117,24,193,43,97,105,196,130,30,139,134,154,229,63,103,127,383,43,170,98,107,117,]
[49,10,26,33,183,135,183,109,116,49,304,173,68,137,176,136,26,65,433,49,37,169,30,238,102,153,108,111,147,88,114,116,331,65,119,151,103,24,118,258,228,35,26,142,165,71,113,10,144,172,55,131,74,77,155,33,51,186,187,110,103,149,164,9,]
[167,66,234,65,44,82,125,93,34,22,120,18,137,85,83,154,2,38,45,162,117,73,84,180,246,113,15,57,417,70,48,168,191,429,9,26,17,72,8,230,126,41,115,101,86,229,98,236,126,42,166,258,135,100,62,169,13,28,36,76,178,171,9,267,]
[115,41,46,42,41,115,64,68,81,142,64,41,82,11,20,91,261,97,15,64,103,53,45,178,75,174,262,86,240,43,220,35,19,54,252,118,108,158,122,112,95,141,27,127,135,68,98,87,123,44,108,136,27,140,81,40,160,43,70,194,229,44,15,76,]
[66,61,18,162,36,26,35,160,21,117,35,52,74,55,26,64,187,197,15,43,36,140,106,121,149,89,62,129,68,114,50,368,70,96,187,62,65,190,107,110,25,48,91,55,31,39,16,143,50,23,151,74,116,10,184,58,29,441,141,80,127,47,12,26,]
[153,93,355,58,139,201,64,45,99,17,158,97,26,52,61,37,83,69,24,182,48,88,40,35,28,47,68,81,24,87,167,427,52,36,182,61,75,96,111,141,294,127,77,26,42,199,70,265,112,151,21,164,17,84,90,131,352,55,148,177,300,17,40,96,]
[86,277,73,51,134,22,36,82,148,57,70,32,197,13,66,178,148,24,145,86,24,138,38,65,237,81,28,195,103,103,78,51,73,176,117,20,221,223,65,127,151,16,52,5,93,94,98,61,332,77,157,78,94,84,65,11,163,47,16,58,108,135,59,4,]
[21,16,88,37,64,35,105,75,210,29,69,45,38,162,15,38,122,28,30,62,61,88,127,8,66,184,89,36,45,55,213,31,42,117,6,60,87,152,96,28,102,50,18,69,34,3,74,12,173,140,57,36,83,64,11,90,21,73,60,38,254,33,56,25,]
[243,1156,54,598,359,276,352,26,391,324,762,957,358,569,727,302,40,799,1495,759,277,111,690,306,903,401,102,582,184,165,415,27,484,145,752,641,920,184,181,1278,409,544,142,302,218,698,736,655,100,833,548,286,295,275,812,396,213,140,462,551,453,775,323,126,]
[36,69,121,55,213,38,78,134,86,34,115,58,86,65,36,24,12,196,38,103,115,439,51,99,61,167,81,50,142,132,442,97,23,262,94,95,201,107,72,124,35,23,104,191,111,204,180,133,181,316,145,133,28,26,405,10,75,226,191,29,273,175,17,50,]
[13,11,6,10,4,12,3,10,5,1,1,3,14,26,10,20,2,7,10,12,7,0,17,9,12,13,7,7,8,6,2,3,5,5,12,11,31,41,34,28,36,32,7,11,5,23,4,12,35,1,6,2,23,16,34,31,3,15,2,13,3,14,3,17,]
[6,8,19,4,7,11,1,10,7,11,7,5,6,9,8,14,4,0,16,12,3,20,4,4,0,2,7,4,5,15,0,16,21,3,3,12,2,6,5,2,14,15,14,15,0,41,22,3,14,6,23,6,7,18,2,10,36,14,15,2,10,8,18,9,]
[34,104,79,26,38,137,7,87,159,193,104,12,31,118,21,96,20,90,78,210,12,541,99,76,27,39,282,493,198,24,168,147,99,74,10,171,286,16,294,19,54,86,71,235,66,42,85,30,444,112,70,112,10,235,98,86,93,177,171,177,44,206,226,91,]
[97,76,87,121,5,14,119,237,26,75,88,32,80,108,115,23,48,206,57,118,20,56,190,73,170,391,18,5,136,92,10,87,85,95,29,86,43,30,128,23,216,116,168,125,198,473,30,159,49,5,161,38,58,30,101,41,41,284,29,178,194,61,186,73,]
[210,52,155,164,99,41,111,139,91,159,63,46,92,68,18,26,297,185,155,57,47,26,46,104,44,398,37,215,192,49,32,12,52,177,13,104,333,138,14,90,36,98,90,271,157,116,104,104,78,135,88,43,6,78,26,72,151,160,110,52,175,279,10,93,]
[391,43,38,19,170,67,62,12,95,124,109,138,41,48,40,136,95,35,171,18,208,41,85,117,33,136,77,291,201,139,184,99,405,44,170,39,118,36,125,68,110,110,40,51,71,299,116,21,37,287,324,70,39,157,99,125,130,159,44,31,126,20,43,106,]
[130,56,10,60,272,140,100,76,38,79,267,184,29,166,158,84,55,208,74,308,72,89,48,273,47,71,135,153,97,159,32,8,124,36,68,43,67,16,94,99,216,101,65,42,188,114,187,102,92,10,180,86,79,70,146,22,28,142,73,22,18,31,102,28,]
[102,86,12,65,65,85,78,124,76,93,52,38,70,158,115,313,246,161,281,58,97,55,92,15,77,57,164,83,56,103,114,106,166,46,115,101,190,52,183,162,104,228,58,103,13,30,82,114,218,83,95,123,63,44,110,46,209,34,54,78,22,27,58,163,]
[185,153,142,121,119,13,35,124,181,97,74,17,114,63,67,245,89,26,26,13,115,81,101,90,121,46,97,94,77,220,43,184,91,138,155,161,37,31,92,46,54,18,65,136,109,35,95,133,43,63,54,53,119,116,119,101,155,152,265,115,18,107,11,71,]
[96,37,49,46,101,98,21,73,78,30,132,45,14,140,73,96,70,37,258,72,87,73,31,20,80,105,83,96,38,15,132,54,52,57,31,16,34,27,19,103,47,35,101,107,85,22,117,29,55,9,26,74,89,7,119,108,96,69,12,77,71,60,27,169,]
[306,287,195,794,258,834,143,183,254,1096,114,249,233,386,22,610,87,303,159,693,1154,782,137,370,561,314,257,261,312,311,502,1134,166,181,273,199,55,148,243,296,282,339,492,1083,686,188,216,1486,300,497,153,867,331,296,930,169,864,746,45,249,245,489,416,671,]
[158,416,53,162,56,48,140,156,367,163,130,239,334,108,77,34,62,76,83,121,160,14,112,209,45,21,68,113,187,106,125,116,77,173,117,240,40,74,31,82,120,144,107,91,5,142,98,139,178,163,110,174,104,91,42,63,36,46,67,9,54,19,76,87,]
[9,17,14,8,18,21,5,4,3,43,0,4,21,9,5,3,21,21,1,15,7,19,20,5,23,12,42,12,20,4,32,37,17,13,35,22,6,3,8,8,13,7,31,5,3,3,5,9,1,1,10,2,3,2,4,5,7,4,4,31,15,9,20,5,]
[1,12,3,14,4,5,1,2,18,5,8,4,3,6,1,8,3,3,2,7,19,4,8,9,28,1,8,11,11,4,7,8,11,34,9,5,34,0,5,8,16,4,7,9,6,10,15,7,12,13,3,10,20,27,11,6,8,4,2,11,6,2,3,19,]
[285,177,14,103,152,154,274,193,55,139,41,105,104,49,35,182,44,31,17,21,34,99,84,32,37,198,241,67,20,209,4,2,59,118,103,89,147,7,150,253,225,100,71,89,286,96,139,26,145,52,88,8,69,81,9,78,56,61,19,30,64,236,6,453,]
[184,308,77,114,106,20,120,241,188,61,22,193,27,132,233,78,105,227,216,317,50,171,45,92,31,87,139,130,81,75,48,158,115,68,18,136,68,295,37,186,93,99,115,8,105,12,87,296,29,83,50,111,10,145,135,49,252,123,54,212,60,198,140,94,]
[47,80,254,26,171,327,59,32,2,266,37,82,52,108,385,31,304,51,73,92,113,40,66,249,165,164,27,156,497,38,96,40,28,95,19,59,104,0,102,85,80,272,56,36,174,38,107,161,14,78,47,56,279,7,112,137,20,43,112,102,119,140,119,166,]
[113,97,37,138,111,142,72,95,104,66,119,12,134,206,108,22,19,39,31,47,157,39,46,221,139,158,166,124,124,86,400,51,199,273,98,65,69,286,251,18,39,26,18,30,88,448,201,126,106,26,11,42,196,18,86,96,198,69,499,110,55,189,15,122,]
[27,143,82,74,220,111,20,125,63,67,82,30,80,349,168,86,33,90,12,78,88,169,183,54,104,189,58,69,76,86,31,46,58,78,121,24,101,30,175,4,73,159,74,125,18,228,49,43,36,48,55,203,37,122,82,174,65,133,508,71,28,94,199,198,]
[38,264,54,59,57,236,31,72,48,32,59,67,2,144,21,67,53,122,30,148,40,108,131,79,207,117,165,142,100,9,94,47,74,64,270,124,36,138,75,24,342,92,52,124,66,167,267,118,60,81,35,286,55,167,4,102,513,134,137,50,173,185,175,29,]
[16,120,52,68,98,177,0,38,138,258,252,163,103,211,54,38,8,99,42,38,83,89,88,103,45,98,68,77,117,170,4,54,83,27,25,94,19,133,135,238,61,58,64,71,659,302,69,38,99,50,282,52,202,99,28,156,20,168,73,75,54,11,135,29,]
[147,37,139,45,161,140,54,9,20,97,21,137,41,9,51,40,7,45,94,12,33,59,26,36,156,50,143,43,75,52,164,36,38,30,22,34,1,99,167,38,47,29,114,59,70,45,44,62,106,299,18,24,210,43,182,14,58,26,70,20,21,78,120,38,]
[666,182,106,51,851,566,176,405,182,872,177,926,252,597,727,718,733,198,170,273,136,273,1281,714,112,528,41,635,241,275,144,202,497,211,254,621,222,359,980,145,666,276,474,156,458,178,463,126,141,410,561,304,20,120,370,723,521,335,537,452,76,194,219,171,]
[46,90,60,45,27,34,301,15,23,192,38,349,107,23,97,12,22,52,92,153,81,99,215,134,370,149,67,133,174,43,52,146,359,27,99,27,214,38,204,314,461,89,79,70,33,120,122,298,71,85,123,66,30,84,63,47,217,42,92,78,188,286,13,108,]
[12,0,41,18,6,9,17,3,5,17,12,5,4,17,10,23,6,5,1,6,4,28,12,3,2,6,22,17,9,4,16,20,5,10,10,5,5,1,7,12,24,5,2,23,13,19,7,18,25,4,2,18,10,35,5,43,41,17,1,34,6,8,4,13,]
[6,6,39,16,34,22,12,2,0,8,11,8,12,4,2,20,5,2,3,9,8,4,3,9,4,3,2,6,3,8,2,3,16,8,1,11,3,5,4,6,11,1,10,5,3,13,13,11,3,1,6,16,4,2,9,24,1,4,17,47,1,4,2,3,]
[65,25,40,68,62,51,238,355,12,218,81,47,129,75,140,260,94,113,184,341,42,22,80,178,108,183,22,113,89,242,51,200,21,11,58,106,22,102,73,140,33,111,282,169,251,32,82,76,156,27,135,120,126,81,171,36,116,24,142,126,207,222,70,166,]
[119,27,103,142,19,27,17,37,249,301,102,286,16,126,78,130,78,158,112,123,103,82,40,83,68,146,12,37,33,49,58,114,231,306,55,219,39,119,125,61,104,65,299,68,173,81,10,196,57,17,5,91,236,173,304,198,16,71,81,502,117,189,60,68,]
[123,69,64,195,58,64,144,87,92,14,132,44,96,21,96,76,146,59,102,30,78,4,88,80,101,57,269,445,79,231,15,23,104,56,82,69,107,178,129,105,196,28,28,12,51,44,139,38,131,34,194,20,169,76,11,222,186,214,4,26,86,30,130,74,]
[107,218,119,27,153,245,117,239,55,71,51,298,48,226,176,143,136,109,55,468,62,37,120,126,31,57,245,15,95,20,15,70,56,18,84,11,70,27,233,115,115,35,5,58,55,99,224,29,114,50,171,216,82,139,51,85,97,267,49,45,56,153,250,45,]
[21,29,53,24,101,13,73,88,62,274,117,196,50,87,68,157,19,200,253,78,21,83,97,80,95,230,73,201,25,180,85,18,8,86,66,244,55,14,290,105,69,49,43,53,30,101,25,150,23,25,168,29,139,34,28,39,77,129,18,244,16,103,90,200,]
[12,258,51,29,65,59,11,192,92,14,25,31,104,42,148,47,26,83,45,32,103,60,65,106,137,87,237,106,80,12,45,76,24,73,225,132,206,77,14,45,379,144,130,40,85,58,6,55,258,15,122,93,241,249,41,67,37,319,110,58,60,72,65,47,]
[54,44,39,128,21,26,140,52,128,447,202,126,223,16,147,256,154,62,81,105,17,153,125,223,10,84,437,15,48,29,29,25,121,2,62,66,74,86,29,113,48,47,238,120,100,11,77,125,149,128,129,68,129,5,92,82,129,82,66,167,164,106,155,94,]
[11,98,21,154,77,104,94,261,22,71,30,179,63,56,70,96,20,129,4,33,112,37,102,129,19,72,11,31,33,71,153,41,82,92,25,52,170,43,39,26,32,114,204,146,211,16,16,82,4,55,20,45,118,93,20,36,33,26,10,18,97,35,51,5,]
[295,511,143,56,443,1037,558,676,369,235,217,601,1038,447,1277,576,477,524,29,138,177,587,1315,168,754,183,288,764,80,776,98,442,528,272,72,721,1475,69,1082,193,69,83,393,299,65,591,868,85,184,219,442,217,289,676,808,433,143,652,240,767,120,678,520,739,]
[136,84,81,145,560,90,148,113,156,195,77,34,87,129,84,52,181,85,86,176,62,193,56,143,17,81,72,43,139,28,127,132,43,112,52,484,93,173,160,134,53,81,25,44,290,62,221,24,89,88,26,182,34,171,50,45,164,57,73,128,73,49,57,29,]
[7,24,8,3,13,30,3,8,22,2,6,9,9,2,5,7,5,12,1,7,3,25,15,5,15,11,12,16,20,14,13,17,26,21,19,3,14,2,4,2,17,2,1,0,23,16,46,19,2,8,7,4,15,21,2,3,8,22,0,18,4,1,20,10,]
[24,4,11,12,6,8,5,3,10,4,4,9,0,2,8,6,4,20,1,0,20,3,7,2,0,5,19,1,11,14,14,5,22,4,4,1,25,13,27,7,4,5,0,10,10,9,2,10,1,18,6,4,3,2,17,14,5,5,3,1,4,3,8,12,]
[30,92,32,221,69,15,103,99,369,285,102,51,41,102,51,63,18,23,118,135,156,29,45,136,42,231,27,137,153,208,128,81,123,183,42,106,122,106,81,125,26,105,90,190,77,39,118,136,187,173,94,204,27,31,100,68,75,153,60,95,69,162,132,62,]
[155,271,64,156,157,76,88,226,12,67,58,29,54,219,17,19,83,229,153,65,211,74,78,135,51,72,78,319,332,94,82,87,108,204,110,67,48,68,163,230,163,12,114,379,176,61,66,25,116,190,79,303,126,123,123,71,186,44,205,119,39,223,93,117,]
[117,7,79,74,2,295,237,49,30,80,138,33,61,47,123,26,148,63,447,29,50,101,119,90,84,69,310,72,35,16,89,162,25,54,50,32,69,305,34,25,52,17,277,17,144,45,88,102,203,24,45,154,58,157,74,436,123,79,40,165,165,141,443,6,]
[77,27,86,216,203,52,182,39,17,182,168,80,55,104,111,115,24,132,52,137,129,31,87,181,31,97,131,41,24,14,309,162,19,129,74,98,163,5,36,136,78,37,18,182,188,28,139,80,53,133,147,113,264,46,36,23,226,249,165,99,170,227,115,70,]
[57,85,21,186,59,131,100,41,84,94,89,130,279,116,66,149,139,33,77,26,41,109,182,22,83,235,164,139,122,34,86,122,223,92,91,17,89,243,93,116,531,76,91,18,90,22,42,109,144,208,80,110,130,178,187,198,7,129,19,11,58,65,205,62,]
[66,58,155,35,13,41,28,148,272,81,101,169,79,34,60,202,68,152,194,192,105,253,30,108,109,41,64,26,121,168,118,22,70,57,185,29,72,76,95,46,136,126,11,15,20,54,107,141,76,84,75,145,57,36,79,47,83,68,38,152,22,109,75,37,]
[78,44,97,59,71,139,160,30,94,31,121,61,45,44,23,209,59,111,27,64,151,69,97,29,11,13,9,109,65,44,22,24,99,16,63,41,177,166,75,67,63,37,117,124,55,40,33,69,134,74,14,60,196,257,70,65,90,154,205,9,32,103,115,84,]
[65,11,111,29,43,14,45,1,91,107,79,104,47,214,73,13,17,87,48,6,56,39,113,28,32,90,34,29,29,25,235,83,79,10,48,42,154,56,123,22,56,94,31,56,42,33,58,89,93,53,198,24,122,103,159,108,108,59,85,27,19,143,42,12,]
[268,897,347,201,59,549,183,248,142,372,453,92,362,97,533,98,545,647,1214,93,483,625,168,345,166,281,380,483,230,262,597,440,348,134,290,329,48,886,481,336,523,762,450,296,72,389,1220,507,455,321,179,468,301,379,487,1051,23,475,195,479,317,193,300,420,]
[73,49,75,12,63,54,57,44,37,348,65,9,136,120,11,53,67,29,8,10,83,22,7,58,139,27,25,32,215,218,23,228,63,77,351,32,184,172,143,33,10,109,82,44,73,14,146,106,77,3,111,80,37,239,24,325,224,182,43,55,28,121,95,26,]
[22,3,19,3,16,8,2,13,11,0,8,21,8,28,5,1,5,26,20,13,20,4,2,1,12,14,15,4,5,13,0,2,16,12,10,1,13,38,16,10,15,22,17,4,7,11,7,5,28,12,0,6,14,2,3,33,17,3,21,10,10,17,8,8,]
[4,15,9,16,9,19,12,2,12,1,4,2,23,22,2,3,3,15,3,13,5,15,8,3,18,2,10,4,20,2,23,9,5,11,1,2,1,4,9,8,5,1,12,9,4,3,49,9,14,0,8,8,21,17,6,9,2,16,4,21,6,29,7,3,]
[50,96,36,63,98,259,74,80,90,213,292,123,117,141,65,41,93,106,105,53,196,17,108,108,167,81,13,23,155,144,305,60,94,41,79,141,170,28,23,65,58,110,92,144,35,145,202,148,189,41,112,73,14,81,109,260,325,21,45,36,12,114,236,60,]
[193,135,105,26,239,119,79,129,84,47,70,152,12,92,145,39,309,68,199,250,231,66,404,166,4,73,91,22,41,107,203,49,35,220,92,65,119,81,26,49,59,272,40,60,19,17,6,28,151,182,134,4,58,93,4,56,33,44,334,59,238,123,90,143,]
[30,142,69,54,321,39,265,93,53,348,197,323,42,165,62,75,95,20,40,111,151,128,57,37,394,133,76,29,115,61,281,58,151,52,76,406,84,78,46,134,149,154,131,86,184,181,161,299,59,9,188,53,36,82,118,157,17,108,10,180,147,102,13,267,]
[104,88,85,25,95,64,68,30,125,87,142,372,41,30,35,183,30,81,71,165,150,93,9,121,149,110,37,81,50,168,182,161,18,58,49,118,10,66,144,92,66,42,18,75,21,165,163,162,90,25,53,81,13,172,20,89,126,73,93,29,203,43,108,304,]
[45,71,173,30,37,104,104,85,31,165,53,26,49,86,246,139,46,63,65,116,76,13,140,252,21,19,106,248,244,186,142,91,3,137,60,218,33,73,198,64,32,9,188,125,97,65,137,65,197,34,64,110,167,185,101,48,147,85,19,21,81,98,34,20,]
[57,32,100,187,321,141,105,254,54,62,321,19,44,45,39,246,93,86,131,87,199,128,143,39,217,129,39,90,165,106,57,91,232,153,210,68,257,264,66,73,33,159,90,15,140,54,333,73,32,146,74,61,280,31,209,23,110,5,34,12,163,4,126,137,]
[118,248,15,114,31,162,78,82,90,42,63,120,125,148,292,29,54,66,50,39,35,113,64,90,19,86,177,89,15,71,103,108,17,49,24,46,71,100,93,94,95,158,97,60,136,18,112,56,43,45,27,67,85,88,169,85,145,94,67,41,23,98,124,158,]
[31,56,107,148,127,92,55,91,151,57,5,9,87,77,16,2,48,51,160,123,33,40,116,62,107,11,84,150,27,78,9,184,81,95,159,110,64,209,69,48,97,90,33,118,146,40,101,29,88,104,35,184,73,99,97,58,44,68,95,57,41,41,21,32,]
[992,75,223,374,212,258,559,46,332,190,267,656,394,1755,162,213,141,364,218,549,372,804,172,715,632,956,978,384,135,388,607,97,511,1228,1374,831,647,272,37,100,986,413,568,479,743,401,669,43,370,387,387,891,768,362,412,275,577,1197,656,160,562,371,470,155,]
[42,69,189,165,286,56,52,64,246,207,142,87,201,59,21,2,106,207,198,53,78,295,123,99,98,166,240,33,86,203,67,77,258,225,82,260,99,36,149,78,187,75,384,81,55,9,59,49,52,189,250,100,207,192,11,72,149,12,33,53,227,95,238,93,]
[6,24,21,14,8,4,7,10,3,9,5,17,7,2,10,3,4,7,4,15,8,18,17,0,3,10,7,5,25,44,15,11,23,2,14,5,4,7,4,24,7,6,16,7,17,15,33,5,7,7,6,2,6,11,6,4,18,10,1,12,5,18,34,17,]
[5,4,2,4,7,1,13,5,14,7,11,17,20,7,1,10,4,10,1,3,3,2,8,5,17,5,4,5,2,13,6,4,12,7,4,12,4,2,6,9,3,9,5,5,3,1,6,0,10,5,28,12,8,25,21,3,1,3,1,4,20,9,19,18,]
[53,217,118,49,72,143,120,59,336,172,169,19,36,236,132,24,149,23,65,63,69,132,113,182,50,17,104,263,251,55,124,241,62,33,71,37,80,235,142,22,111,24,65,159,59,144,274,98,131,34,212,87,14,130,33,25,19,79,288,41,191,147,68,54,]
[120,97,80,53,154,49,139,188,170,134,147,70,78,36,247,113,25,155,220,118,82,22,86,156,65,221,9,203,85,3,121,185,135,475,54,32,7,59,84,13,55,129,265,161,181,63,195,120,83,9,50,71,93,50,172,288,13,44,169,66,143,116,157,73,]
[40,76,252,41,33,201,56,7,129,113,36,57,9,232,68,100,34,101,159,66,121,47,80,235,76,18,36,104,84,381,92,80,178,158,36,77,85,108,66,56,53,57,33,41,185,38,140,52,159,178,99,59,82,269,46,275,52,97,111,25,41,99,26,19,]
[58,74,144,98,164,154,24,156,4,27,291,114,14,36,14,62,124,59,24,77,96,181,13,135,24,193,136,153,24,124,80,91,62,19,568,123,48,51,452,47,86,157,30,141,124,28,98,94,147,115,105,199,16,348,102,258,228,191,84,47,44,77,100,90,]
[90,325,109,132,41,45,95,178,25,21,58,297,117,220,138,106,79,36,324,61,96,32,80,15,96,71,72,125,22,19,98,54,319,61,95,73,36,43,25,90,186,32,109,21,150,51,55,43,30,12,116,20,201,88,67,65,132,97,122,70,463,60,65,217,]
[21,172,69,31,210,344,91,122,149,154,303,256,28,37,49,22,99,150,57,45,418,136,206,47,4,49,74,47,107,36,132,123,116,23,58,95,34,41,19,319,113,38,74,168,78,10,21,129,182,17,13,182,80,14,78,355,191,44,59,101,69,90,46,23,]
[68,16,55,140,156,205,97,41,79,61,22,24,107,40,286,85,28,349,98,108,105,287,136,43,120,13,68,91,33,65,68,68,269,1,204,83,55,89,50,87,253,89,205,40,106,322,81,83,65,108,86,42,31,138,49,110,97,128,44,22,52,27,317,91,]
[109,113,91,33,66,27,25,41,95,66,88,109,7,14,94,5,12,92,29,25,15,5,117,37,10,82,6,1,32,186,16,38,72,77,64,101,22,20,38,71,104,61,13,208,17,98,25,8,17,53,26,66,20,86,125,54,69,124,87,39,48,149,59,31,]
[108,58,628,485,200,719,244,628,258,232,123,175,731,144,442,317,720,35,323,940,536,681,518,186,311,341,276,714,663,162,205,321,375,517,172,344,147,420,461,237,969,810,654,538,908,224,142,571,49,624,104,694,143,99,169,468,344,50,368,47,140,169,111,118,]
[59,357,178,41,12,49,24,247,226,31,87,134,19,209,263,37,68,11,129,52,211,181,114,66,28,171,47,82,296,195,46,176,169,47,165,363,95,131,36,84,227,77,279,101,236,29,121,86,69,65,74,349,47,127,108,149,129,15,152,45,83,88,158,133,]
[7,4,2,0,17,34,4,5,17,5,10,3,4,6,10,10,11,12,3,14,14,2,7,3,14,21,9,1,12,14,56,8,13,14,28,30,8,17,5,13,16,17,7,15,5,8,4,26,6,12,5,13,2,2,7,17,28,7,3,2,11,1,15,8,]
[9,3,14,5,6,1,2,2,14,2,8,6,1,7,7,15,0,7,11,7,14,7,18,16,3,13,3,5,6,16,4,5,14,2,1,10,10,24,8,9,9,7,7,11,14,19,4,8,4,8,4,2,11,11,9,8,5,2,10,3,13,20,0,3,]
[161,58,92,72,91,336,111,15,187,250,162,163,34,71,13,44,110,17,54,142,242,29,9,11,273,63,9,22,90,267,58,48,64,15,14,134,111,213,63,43,59,147,330,213,151,136,120,105,42,90,259,100,45,10,110,82,68,86,41,73,101,158,74,5,]
[260,57,163,29,59,143,112,70,39,17,60,17,138,159,228,102,187,14,18,156,21,28,38,101,27,75,97,578,80,234,84,322,32,97,75,66,92,137,41,22,70,250,75,118,120,84,184,143,91,59,86,144,146,34,142,148,6,63,90,139,115,146,19,44,]
[69,84,312,161,53,54,38,56,37,126,145,130,106,154,287,81,266,180,51,124,109,302,244,254,6,34,30,158,88,34,29,364,207,154,163,83,9,64,52,80,205,148,24,60,300,256,94,83,84,46,24,42,47,97,36,88,32,40,148,104,230,33,126,53,]
[86,34,125,172,9,98,84,354,73,49,159,172,72,61,197,227,59,33,37,10,14,33,63,36,65,71,235,51,65,126,130,86,55,187,245,85,26,178,304,113,107,176,158,57,151,80,211,76,240,98,109,36,87,43,21,84,25,194,154,107,99,13,259,157,]
[36,101,130,183,144,48,112,113,201,43,89,39,122,184,73,109,23,26,150,76,57,277,21,161,117,328,138,126,72,139,39,314,65,202,17,111,186,55,14,100,120,92,40,119,77,14,67,68,254,68,161,199,258,77,38,68,79,99,100,158,32,181,110,54,]
[55,380,106,65,74,57,73,131,8,35,120,96,56,203,165,20,75,78,123,15,116,39,294,28,61,303,171,84,30,59,103,268,81,50,176,235,67,38,98,30,88,132,34,35,127,39,205,134,111,93,41,416,11,62,24,127,74,172,18,48,163,173,67,49,]
[195,99,190,161,72,46,52,43,37,255,27,30,276,161,265,154,122,168,122,101,168,32,27,37,136,233,52,134,32,247,109,76,161,71,18,40,87,49,94,164,62,49,213,142,79,111,51,44,18,46,47,50,118,53,75,196,57,58,5,30,73,140,193,76,]
[138,19,69,98,54,97,117,63,74,50,39,96,107,207,61,112,117,49,322,28,72,30,31,4,16,204,70,113,32,12,77,160,61,30,69,74,99,30,163,27,43,9,102,71,64,16,46,0,51,33,64,73,41,80,29,6,120,149,80,11,85,66,42,61,]
[180,266,266,309,329,208,606,1414,882,74,448,36,108,165,46,707,675,751,316,136,275,1157,243,82,217,26,18,342,25,245,855,69,47,415,790,27,643,112,181,496,166,172,290,254,233,191,740,588,215,513,346,289,395,602,371,773,186,65,240,596,286,872,39,400,]
[105,263,123,64,56,96,119,92,155,61,106,165,94,203,10,98,14,120,84,27,60,26,117,324,89,35,1,63,89,187,324,197,142,21,120,93,105,11,271,12,143,109,186,56,194,36,162,347,77,46,273,20,225,25,29,166,240,196,146,181,270,42,224,52,]
[6,5,4,6,15,20,6,8,8,30,10,5,3,4,6,43,6,4,8,14,5,7,16,17,18,26,10,12,3,27,20,23,3,15,7,8,26,25,24,27,23,27,17,16,15,3,25,12,7,8,7,1,5,21,12,3,13,11,10,17,10,16,4,11,]
[4,22,23,0,12,4,4,9,6,2,15,6,3,24,22,12,5,7,1,4,5,27,10,20,15,19,12,8,6,12,2,10,4,0,0,2,17,8,18,1,1,16,7,18,9,7,9,5,10,13,11,10,12,9,7,13,1,9,1,3,0,7,6,8,]
[114,240,94,12,70,75,173,43,88,173,45,106,64,72,28,38,360,107,227,100,73,35,24,80,120,175,22,30,75,121,83,167,187,285,30,55,343,78,65,79,232,23,329,40,91,83,302,79,140,120,115,36,444,99,49,69,148,111,31,31,108,48,107,322,]
[106,38,60,45,107,239,54,243,142,49,235,604,126,72,93,49,36,92,139,191,136,156,32,79,137,125,75,85,202,37,60,303,260,137,199,17,57,141,26,168,20,111,89,132,405,370,57,204,296,76,247,171,36,101,26,39,67,36,13,28,14,38,148,91,]
[50,35,213,66,39,170,128,43,279,42,222,69,297,36,69,40,29,236,61,63,113,75,228,129,58,117,153,307,146,166,78,59,62,244,393,45,254,65,63,50,54,131,18,24,10,227,50,28,206,91,27,53,64,35,70,215,44,60,132,106,207,59,26,3,]
[104,152,183,20,55,99,97,160,109,107,89,37,58,39,89,134,42,5,179,137,120,138,38,178,45,133,36,53,57,123,229,118,203,47,275,41,189,51,193,20,196,194,41,98,83,101,48,55,59,46,157,85,179,337,116,63,100,209,51,298,60,170,140,198,]
[93,125,201,142,225,114,46,27,47,256,115,90,81,275,57,110,167,39,270,93,55,74,221,128,31,64,6,79,74,182,111,173,123,91,185,158,49,35,50,69,25,113,48,174,56,70,21,136,250,85,108,43,47,39,173,178,7,149,55,64,73,76,136,45,]
[65,64,270,79,68,135,241,130,37,124,99,100,107,142,94,27,19,141,49,83,103,272,54,75,81,36,50,58,58,144,89,62,10,82,65,11,68,86,16,83,212,40,44,56,69,39,95,249,4,52,5,170,67,74,37,313,86,106,30,11,193,256,70,59,]
[59,60,39,10,99,17,15,129,36,89,34,18,44,70,140,176,50,200,59,159,172,44,57,84,29,21,93,237,70,82,94,55,13,26,2,39,66,167,105,110,45,41,46,94,81,11,182,38,135,132,262,15,33,95,251,42,136,23,103,102,94,191,240,39,]
[15,30,69,95,105,21,42,5,129,24,27,38,92,31,140,23,38,93,23,45,36,68,113,37,51,42,64,75,9,64,111,32,10,21,93,38,85,134,32,49,143,128,94,25,42,32,138,60,30,125,54,120,54,85,68,36,20,97,53,49,79,229,70,26,]
[987,694,172,139,239,263,258,602,111,573,78,1476,434,654,352,288,69,124,150,120,795,322,635,110,99,1463,294,254,614,545,38,409,186,543,207,561,756,632,156,638,403,667,247,259,358,151,331,1052,1008,529,311,282,105,180,65,468,505,369,320,192,477,398,537,364,]
[16,26,141,32,100,138,33,31,351,101,25,60,34,149,46,116,456,20,102,72,103,610,213,103,67,39,31,42,172,165,48,152,320,26,187,38,219,21,121,77,27,64,100,31,192,115,50,145,30,41,80,66,183,210,247,22,59,38,90,78,193,33,64,189,]
[4,2,24,32,17,15,6,9,5,16,14,14,31,7,8,7,4,8,7,6,21,7,24,7,32,3,11,13,31,13,3,5,13,23,14,6,3,16,19,4,0,27,42,12,3,32,9,18,12,6,15,17,5,12,5,5,18,10,6,32,3,5,8,12,]
[8,4,12,7,8,6,4,11,9,3,7,18,3,9,17,6,8,2,9,10,3,3,3,5,5,1,13,18,5,2,9,0,3,15,7,8,4,7,12,6,5,5,4,6,5,9,9,3,0,17,17,6,4,13,19,13,0,17,9,11,1,6,6,8,]
[55,188,56,146,67,60,195,38,58,99,263,99,31,114,108,23,45,144,59,8,82,71,174,166,110,71,183,497,137,45,55,117,57,67,285,25,293,194,128,61,8,193,176,35,79,50,51,101,20,78,42,82,234,58,50,88,153,209,131,422,105,114,54,54,]
[13,108,13,223,327,142,72,59,130,78,236,120,60,118,80,79,17,40,394,118,165,51,33,65,275,117,9,366,32,17,36,143,12,133,29,50,203,56,32,21,81,54,45,49,222,297,43,13,131,109,134,105,88,32,34,97,138,94,108,67,115,162,41,73,]
[119,53,55,120,122,60,207,247,24,139,53,171,98,34,76,157,50,201,89,173,32,33,78,61,22,77,88,248,213,114,67,135,76,172,148,28,235,168,254,88,44,53,32,67,160,52,178,12,62,136,114,9,330,111,64,75,136,100,19,129,54,76,267,147,]
[116,49,57,82,60,49,62,43,68,50,12,94,36,182,129,115,65,59,78,81,100,59,11,99,196,64,96,263,156,137,72,134,36,102,164,39,70,85,61,114,136,186,128,1,93,17,43,146,101,31,19,99,64,23,349,46,75,30,216,35,223,158,68,114,]
[33,157,91,14,86,161,85,158,208,132,16,26,95,30,121,103,109,30,130,51,30,148,29,19,14,9,78,39,55,19,60,40,33,55,28,56,47,92,175,66,147,65,132,93,67,60,109,122,135,83,96,129,145,143,144,89,140,162,24,87,55,49,67,44,]
[131,87,168,77,94,24,14,86,58,109,199,166,71,67,16,52,277,65,154,106,157,17,51,115,137,242,87,39,182,82,55,93,108,37,104,338,108,40,33,130,20,24,169,64,46,40,84,10,12,189,172,114,37,47,19,122,92,103,149,10,60,44,175,32,]
[231,159,95,88,260,152,160,136,131,72,44,86,73,53,132,73,54,65,53,85,84,56,52,95,57,27,136,85,56,145,62,133,84,128,103,27,108,89,53,47,292,18,183,6,121,95,23,161,61,8,204,79,173,295,179,123,37,41,97,46,10,99,24,153,]
[32,130,107,40,40,10,36,115,104,35,37,26,72,17,52,78,79,286,46,24,8,143,40,89,29,155,24,12,21,44,12,22,10,42,76,73,63,75,22,59,9,197,22,8,111,29,16,89,141,122,24,15,142,34,3,7,290,93,95,112,19,48,17,53,]
[768,907,179,429,224,461,167,358,351,106,477,128,344,151,77,141,385,766,1219,315,504,212,90,671,291,472,323,381,338,740,734,855,358,687,136,467,200,719,500,691,366,778,71,543,774,209,443,490,441,291,135,467,161,54,115,354,678,47,861,132,72,617,445,123,]
[180,192,92,51,42,173,64,75,26,44,59,331,19,77,52,251,123,220,34,11,186,419,145,142,201,15,25,104,150,134,40,74,77,98,171,117,36,86,78,58,159,136,172,110,119,276,79,18,188,47,34,585,256,46,124,107,79,38,64,129,82,118,188,45,]
[10,13,11,16,23,12,10,15,2,5,9,2,22,4,8,3,3,8,2,4,16,16,22,7,30,16,13,11,17,7,10,8,6,7,33,3,16,8,33,5,30,16,3,11,41,6,0,9,6,13,15,15,8,13,3,10,13,36,15,4,27,4,0,12,]
[9,1,18,2,0,19,2,12,7,0,3,16,3,5,0,5,8,6,9,16,7,34,9,12,1,7,5,9,15,16,10,1,4,3,8,5,4,9,7,5,5,9,2,3,8,18,11,1,2,2,7,6,13,6,5,8,14,6,7,8,25,7,8,5,]
[52,157,30,10,89,145,66,149,121,74,64,109,165,67,67,55,206,85,112,42,83,191,236,60,100,174,59,28,161,208,114,198,103,5,35,108,130,11,105,88,66,137,37,11,4,303,130,73,128,298,37,145,149,104,41,70,387,168,53,85,81,160,38,47,]
[118,56,67,15,130,26,21,275,55,98,77,218,111,82,114,151,159,85,71,37,283,99,9,173,79,77,99,157,101,89,199,214,121,308,76,50,94,196,337,42,20,174,192,68,8,154,24,67,101,106,44,222,130,10,95,33,25,214,29,81,66,118,433,83,]
[23,213,352,265,167,66,102,173,76,161,29,8,85,99,60,234,83,258,28,128,61,165,44,428,73,133,26,45,68,49,18,56,101,105,108,34,114,119,137,82,198,55,329,46,89,55,121,36,119,35,77,114,102,248,145,19,148,265,48,60,14,97,47,14,]
[232,18,107,59,195,21,88,72,110,76,172,259,7,17,31,146,134,91,117,44,82,323,186,55,49,176,6,53,144,24,34,49,26,120,105,215,178,34,40,32,157,131,204,48,34,7,147,362,40,88,111,319,221,32,76,49,33,92,34,178,20,40,14,30,]
[33,116,65,54,63,70,50,15,71,40,57,104,48,50,36,24,86,107,10,72,108,254,48,71,5,122,113,197,70,34,52,234,21,108,95,163,131,166,70,163,36,197,21,64,52,65,80,469,93,9,13,125,33,39,46,117,157,50,62,51,85,8,29,5,]
[195,134,50,83,80,212,114,49,69,132,46,16,112,87,175,53,8,148,10,14,24,38,91,156,86,133,61,50,108,144,12,209,77,258,58,254,32,18,197,55,130,182,287,158,94,31,102,43,31,173,190,62,207,279,69,74,158,133,41,117,228,37,154,98,]
[103,90,119,87,36,68,91,160,21,46,114,71,46,60,45,58,127,69,102,88,107,16,213,221,34,116,157,112,142,101,40,93,172,74,292,67,260,21,63,15,114,12,17,52,62,81,61,84,37,167,49,144,42,50,77,71,85,5,55,25,107,16,106,47,]
[92,56,111,30,35,99,189,25,53,10,29,32,105,15,51,192,52,39,10,54,187,29,20,34,48,25,58,75,112,116,22,49,37,87,113,98,38,70,156,95,90,15,86,85,25,177,84,23,4,83,31,56,130,88,39,8,31,95,4,202,24,76,64,60,]
[632,65,324,368,96,429,539,168,581,128,761,343,399,470,114,366,363,116,556,602,328,215,796,201,140,497,471,163,686,339,209,57,537,254,130,36,694,74,636,109,253,230,434,169,846,365,267,489,180,136,450,649,234,218,202,251,479,359,531,230,134,34,1003,294,]
[162,240,192,83,77,180,50,417,35,51,45,18,144,187,27,93,179,135,149,50,73,95,37,46,176,165,73,54,123,24,17,142,198,84,111,102,17,67,83,82,23,328,116,44,30,48,283,142,31,217,72,115,152,31,139,268,68,42,489,83,150,37,72,112,]
[13,4,7,18,3,15,2,15,8,5,7,7,5,6,26,3,13,24,2,5,9,18,21,32,5,8,16,9,1,17,4,1,7,8,12,2,16,5,4,5,11,16,13,7,8,7,3,26,4,7,16,22,1,10,3,10,19,12,3,6,10,8,1,31,]
[1,9,1,20,13,11,13,3,1,16,7,0,8,12,12,8,11,5,2,3,6,4,17,7,15,2,4,13,2,8,3,3,2,8,2,6,2,23,0,2,9,4,5,4,5,15,5,4,12,17,5,15,5,1,21,10,5,3,2,18,25,3,4,3,]
[24,124,373,264,92,436,41,45,158,41,39,8,126,111,257,72,241,88,128,29,306,21,106,70,305,174,108,59,66,175,60,79,24,73,144,63,63,333,48,263,67,76,56,248,58,40,234,118,12,79,155,108,47,107,22,202,145,81,115,111,133,95,191,172,]
[75,31,231,31,162,139,13,96,132,205,12,61,107,78,55,136,9,99,167,338,104,85,123,22,84,58,282,127,42,144,196,166,86,9,47,58,62,88,62,94,107,302,432,8,166,184,138,145,79,236,66,109,82,66,132,270,31,47,62,99,205,89,288,4,]
[123,108,55,114,7,10,229,25,75,150,96,55,96,136,137,144,35,191,98,133,94,52,131,142,83,58,7,28,150,74,53,32,249,45,113,175,9,79,52,235,117,141,25,215,123,258,16,248,198,24,64,132,69,37,68,56,19,28,459,225,99,118,373,25,]
[155,118,85,100,149,83,37,82,49,105,92,60,9,25,74,6,296,29,100,94,76,167,13,263,64,32,29,40,148,70,35,41,120,184,41,108,16,153,17,55,36,193,159,62,70,49,116,73,408,33,80,79,146,250,189,69,137,145,42,83,141,111,451,257,]
[105,184,25,75,115,191,153,82,27,37,62,86,167,47,70,192,143,141,171,105,34,238,109,108,147,91,18,93,9,302,114,62,126,80,131,267,136,196,26,156,204,282,91,47,21,210,17,258,44,45,51,96,130,101,74,189,95,143,138,181,102,84,39,42,]
[110,82,45,283,58,36,78,438,5,141,95,194,80,118,130,29,50,48,113,32,16,261,203,49,28,63,164,123,360,85,3,209,489,236,279,82,89,174,210,15,19,202,288,38,41,52,29,104,40,11,96,97,145,73,28,40,78,7,31,4,216,105,71,61,]
[178,158,70,92,167,94,34,73,25,131,48,45,21,78,196,43,7,56,89,106,31,19,10,212,335,33,91,61,142,58,147,88,42,108,61,20,61,36,36,64,17,22,77,45,77,153,196,55,57,332,26,72,106,51,129,72,345,107,69,26,75,102,106,83,]
[29,57,85,9,58,31,78,147,18,67,50,34,78,153,55,64,18,107,150,120,97,110,59,10,7,49,60,112,100,188,107,86,95,64,28,3,160,10,10,69,146,55,113,41,29,65,55,53,19,40,49,48,34,6,56,171,74,110,50,13,176,133,84,27,]
[421,122,401,361,699,365,557,48,291,415,379,75,173,225,136,118,175,393,771,261,362,626,575,459,640,51,208,357,302,239,228,508,1192,493,446,155,462,775,124,136,472,668,123,31,79,348,143,277,469,399,139,171,460,310,886,335,182,571,44,1193,318,372,158,1290,]
[157,84,146,32,111,79,86,141,158,81,128,151,136,206,460,224,108,178,256,47,52,150,32,157,49,219,465,125,103,256,202,156,51,5,358,54,192,74,133,304,76,51,17,15,117,27,29,22,93,137,15,56,29,97,32,161,46,19,13,196,75,92,126,48,]
[9,16,0,9,20,4,2,11,10,12,8,2,3,13,13,3,1,1,30,11,16,9,0,6,15,36,11,11,5,27,28,4,24,20,3,10,13,6,11,2,7,5,9,23,11,51,9,1,24,12,19,7,7,18,14,3,25,24,36,1,7,8,6,10,]
[11,6,10,2,16,3,1,5,10,1,19,4,12,0,20,10,4,11,1,4,3,5,3,6,3,20,9,8,0,7,11,3,3,9,4,6,17,7,8,5,4,1,7,12,19,10,16,16,4,4,14,6,5,4,13,21,0,29,5,7,6,1,5,19,]
[82,134,96,255,223,195,51,34,101,31,64,216,105,106,240,5,30,135,213,45,64,113,233,41,118,157,270,147,117,26,157,100,196,25,63,132,88,99,57,15,53,160,19,43,159,116,170,28,130,77,177,127,3,136,52,36,180,46,71,170,209,207,334,129,]
[145,79,66,66,159,254,68,172,199,10,115,92,51,18,18,60,109,199,26,179,48,35,48,144,44,173,82,117,239,75,76,261,106,255,216,227,13,70,56,190,45,27,7,51,147,27,139,280,187,125,90,102,28,188,149,82,32,152,77,242,299,70,232,43,]
[32,32,37,195,64,102,47,90,65,66,283,22,154,81,91,93,139,26,133,53,100,21,228,143,183,59,101,188,44,168,284,47,61,73,57,103,326,115,51,26,90,281,75,513,10,98,72,109,88,146,45,18,173,88,151,95,65,43,43,93,51,106,81,225,]
[103,75,75,108,44,500,81,171,59,159,135,49,17,8,137,36,180,44,180,29,21,113,118,10,33,94,136,194,35,40,130,35,107,265,22,83,23,79,113,53,24,43,135,163,103,258,76,152,55,30,105,142,62,204,159,125,31,112,30,45,21,24,23,79,]
[87,20,347,186,74,6,52,93,52,92,124,196,132,95,103,32,64,39,212,51,112,50,89,26,102,155,116,72,31,59,9,175,50,105,160,35,60,120,89,120,108,142,40,313,11,41,100,75,68,131,95,29,234,81,35,109,181,17,115,14,88,27,38,34,]
[113,63,109,30,39,12,62,26,80,75,73,90,79,110,30,133,110,135,360,158,88,19,70,148,65,125,60,84,165,103,119,45,129,65,30,38,108,152,93,89,122,288,62,31,91,60,21,61,151,136,79,46,235,179,173,73,130,85,187,173,274,115,157,47,]
[160,71,35,59,9,101,43,112,229,85,32,180,123,102,27,192,83,244,35,204,38,38,54,36,22,237,39,92,49,19,156,88,255,43,26,199,41,96,224,14,193,291,124,36,45,57,123,132,97,150,97,144,95,60,58,142,55,91,64,97,22,318,103,150,]
[63,28,133,35,54,23,9,62,86,118,204,63,115,74,12,6,43,71,138,21,28,56,54,27,31,35,16,134,44,125,23,1,8,82,21,3,89,39,173,57,33,68,30,102,19,72,37,44,166,23,39,143,81,76,136,140,14,178,82,115,125,25,54,12,]
[163,667,656,789,232,518,40,139,181,192,166,371,377,403,894,7,397,63,381,429,85,369,514,655,445,896,227,217,485,682,235,387,285,165,207,242,101,27,989,74,1104,486,492,1156,95,407,416,46,581,835,128,1194,451,1694,502,312,290,110,95,1027,379,929,484,189,]
[298,8,174,76,28,68,33,308,159,13,40,100,27,17,20,41,79,87,101,25,128,79,17,294,151,147,6,46,19,121,122,141,175,77,32,82,237,217,174,16,78,270,362,54,37,100,248,126,2,192,42,44,259,275,53,104,58,276,67,99,78,213,222,27,]
[13,27,7,7,1,9,19,7,10,17,5,4,12,4,14,11,13,0,8,2,15,16,9,0,6,8,29,19,9,27,9,7,22,9,11,4,12,20,19,36,3,14,28,7,29,34,6,5,10,7,9,9,4,16,1,5,6,1,10,21,14,31,14,6,]
[3,1,9,1,9,7,6,6,5,8,3,36,6,8,4,11,3,6,3,2,15,8,10,8,15,8,5,6,4,35,12,14,9,3,9,10,16,4,18,2,21,4,10,6,9,6,2,4,1,4,4,6,11,3,4,1,2,4,5,0,6,9,2,10,]
[242,130,114,41,82,144,19,31,35,38,28,134,155,38,177,18,28,239,148,10,188,86,146,82,15,24,12,170,81,43,94,59,53,28,33,82,175,29,30,70,73,15,62,76,131,41,66,73,286,69,42,256,71,243,52,116,393,62,84,167,34,69,146,45,]
[220,127,77,40,32,144,233,184,80,80,78,51,77,145,33,343,136,106,158,146,83,147,179,79,72,73,110,251,86,73,113,88,88,110,94,211,2,8,126,34,62,19,18,42,146,30,109,59,112,54,87,92,76,86,67,163,41,36,87,188,318,168,120,281,]
[50,137,50,99,75,36,108,448,3,40,85,105,19,63,58,47,79,105,63,45,100,134,133,185,124,35,86,14,413,160,153,264,53,72,219,31,11,43,167,90,77,37,24,65,60,16,162,39,95,9,177,72,291,168,47,198,190,195,33,98,46,15,65,44,]
[171,147,41,52,67,26,59,146,121,20,47,29,40,44,75,528,163,29,36,44,277,63,150,14,112,3,68,69,25,80,38,79,100,30,86,96,29,143,19,69,185,28,194,70,63,59,45,82,202,85,135,306,119,22,108,132,99,54,147,16,130,131,82,102,]
[32,68,113,76,17,35,298,116,85,101,71,24,86,21,85,119,37,100,75,156,211,13,188,131,84,127,10,163,160,82,110,34,59,41,78,33,73,32,2,106,135,149,70,92,32,109,286,34,100,72,157,38,28,155,250,18,70,6,167,19,132,49,1,127,]
[46,67,149,87,150,145,69,45,9,89,8,189,114,24,43,15,148,169,85,158,12,118,141,37,31,19,148,111,92,248,99,83,82,13,34,231,83,16,130,18,113,315,52,72,19,58,295,115,44,79,63,90,26,130,40,228,63,169,69,267,74,118,171,67,]
[66,21,122,54,94,85,53,127,48,66,108,242,50,77,29,81,73,92,162,114,48,42,178,223,129,83,34,211,190,31,94,173,68,6,65,118,109,47,136,146,8,89,160,34,122,28,101,94,9,136,159,164,64,80,73,60,50,68,92,182,90,153,148,65,]
[0,0,3,0,0,0,0,1,0,1,0,1,1,0,1,0,0,1,2,0,1,1,1,0,0,0,2,1,0,0,0,0,2,0,0,1,1,0,0,0,0,0,0,2,0,0,0,2,1,0,1,0,1,0,0,1,2,0,0,2,1,0,0,2,]
]
