This is computation ability:
[
[0,0,0,0,0,0,0,0,0,0,0,0,0,0,0,0,0,0,0,0,0,0,0,0,0,0,0,0,0,0,0,0,0,0,0,0,0,0,0,0,0,0,0,0,0,0,0,0,0,0,0,0,0,0,0,0,0,0,0,0,0,0,0,0,]
[0,0,0,0,0,0,0,0,0,0,0,0,0,0,0,0,0,0,0,0,0,0,0,0,0,0,0,0,0,0,0,0,0,0,0,0,0,0,0,0,0,0,0,0,0,0,0,0,0,0,0,0,0,0,0,0,0,0,0,0,0,0,0,0,]
[69,46,68,58,87,62,51,62,56,42,84,77,48,62,65,72,76,66,54,83,47,78,88,56,73,65,74,70,68,110,86,52,140,63,67,103,91,95,99,60,89,75,37,75,71,68,45,109,73,57,82,59,99,59,53,56,80,71,71,82,70,63,80,62,]
[237,378,465,357,369,593,440,480,269,379,236,469,372,524,326,498,363,594,199,471,456,446,197,420,359,313,372,451,176,357,355,589,388,419,321,355,370,326,329,409,524,331,767,289,341,522,355,385,354,348,421,401,384,447,335,325,371,462,271,374,378,369,482,405,]
[93,85,152,134,126,99,118,121,110,121,99,128,143,70,85,66,115,105,106,122,126,123,99,88,135,106,136,111,123,65,120,145,88,112,93,126,168,88,96,88,86,88,101,110,122,98,87,106,97,148,104,135,151,101,119,77,73,102,90,139,98,132,100,86,]
[9,12,6,8,9,16,14,18,14,7,13,12,11,13,4,8,14,9,14,8,21,12,12,14,7,17,15,10,9,13,9,7,11,9,10,13,9,9,9,21,9,12,14,11,7,16,12,12,16,19,13,8,12,11,16,12,12,14,14,13,11,8,10,10,]
[8,9,6,10,4,9,7,8,11,8,8,8,10,8,8,8,6,11,8,8,9,7,8,9,6,11,3,10,6,5,6,7,8,8,9,13,11,7,4,7,9,12,12,12,5,11,7,9,5,7,11,7,8,10,8,8,9,9,8,9,11,6,13,9,]
[163,102,70,136,93,80,156,92,96,144,114,75,151,117,120,75,113,185,156,79,115,132,80,120,99,114,66,134,111,112,114,118,150,102,98,111,154,118,66,82,123,164,101,90,104,73,109,121,142,85,111,124,86,92,88,115,116,121,70,84,99,100,70,147,]
[119,123,70,80,112,129,100,167,83,94,75,73,108,77,60,105,150,72,85,129,61,131,122,148,101,137,94,79,143,96,89,115,90,119,110,145,98,68,175,91,118,173,97,102,134,112,52,119,160,102,148,121,117,95,123,143,71,124,66,168,133,149,91,88,]
[100,129,132,106,89,116,67,110,104,146,113,130,112,126,180,99,115,135,72,186,122,116,77,129,90,96,108,82,88,131,102,66,109,90,88,94,145,136,112,88,89,101,92,123,118,94,122,88,86,126,90,137,107,85,109,140,93,88,138,82,104,121,74,116,]
[101,141,68,75,97,74,90,102,123,92,92,133,85,67,102,81,82,117,101,128,86,79,63,94,75,119,62,129,112,71,104,166,75,64,102,89,116,72,119,118,91,56,121,99,86,93,97,134,122,108,128,139,87,104,72,147,74,86,60,95,87,159,146,92,]
[113,121,100,96,132,90,182,151,69,89,80,113,144,93,118,147,125,87,87,140,108,91,75,70,98,75,96,77,137,66,101,137,103,107,133,112,94,106,89,149,91,89,91,93,94,95,108,150,77,106,92,103,95,58,104,100,195,50,70,105,121,95,63,97,]
[123,142,150,107,113,64,73,61,76,59,176,81,91,104,156,125,71,108,91,84,112,86,115,126,144,65,67,149,63,62,109,129,92,84,113,110,116,74,113,81,174,129,100,97,99,134,101,80,86,67,93,120,112,94,49,127,66,108,114,73,88,67,117,90,]
[85,87,144,100,57,96,108,97,92,84,112,143,86,90,112,104,59,61,80,70,92,96,144,61,88,67,83,83,114,103,62,64,106,103,160,84,99,116,75,140,91,117,127,84,103,88,106,158,89,85,109,76,53,137,97,152,90,103,66,108,101,80,79,39,]
[46,78,80,65,126,68,65,93,96,59,48,91,47,90,53,87,78,66,79,67,57,54,96,70,100,68,62,66,92,75,57,86,51,62,41,77,52,88,56,94,56,75,68,77,74,74,83,90,85,70,85,81,62,83,58,63,81,69,78,84,83,51,62,90,]
[379,554,302,385,330,270,655,303,580,539,421,409,409,631,368,205,394,533,419,396,464,503,447,505,416,497,444,374,397,427,363,366,364,350,588,325,305,347,581,819,397,318,471,361,539,579,384,260,286,385,434,456,488,712,257,513,321,218,256,443,389,693,467,329,]
[85,113,153,160,141,92,153,113,103,108,133,115,119,74,61,110,78,97,82,108,75,120,102,65,102,109,96,142,134,151,175,102,91,140,111,149,141,75,122,138,141,126,98,94,121,93,75,119,135,100,138,129,155,107,86,89,128,134,88,177,126,61,87,83,]
[8,16,19,16,11,13,10,12,11,9,17,16,12,8,11,10,12,14,13,8,11,13,15,9,9,9,17,9,9,10,7,10,10,9,13,14,6,15,10,12,14,11,12,16,9,15,8,8,9,12,13,13,14,7,16,12,7,9,9,14,11,4,8,11,]
[9,11,9,7,7,9,7,9,13,11,5,8,8,9,5,8,9,9,10,8,5,11,6,6,8,12,9,7,7,9,9,7,13,10,8,3,10,5,8,11,8,8,8,13,9,5,8,11,11,7,8,11,14,9,5,11,10,10,7,11,10,7,4,10,]
[73,130,94,85,91,104,105,170,117,101,106,101,89,134,200,131,132,111,137,91,80,84,138,82,148,115,71,76,129,73,85,41,80,124,122,147,104,112,129,134,123,88,80,114,87,79,60,113,90,121,84,97,98,101,81,124,135,124,108,73,106,148,92,136,]
[80,83,85,86,99,132,118,108,176,75,89,78,134,102,136,171,86,108,124,125,122,66,103,131,105,107,106,76,126,119,85,67,101,117,98,93,134,122,135,142,82,126,89,111,139,138,84,97,78,93,103,151,79,44,82,148,128,125,93,84,113,95,73,102,]
[83,60,67,76,113,86,94,173,110,133,169,64,131,134,106,76,75,130,157,63,116,103,87,93,156,76,110,147,114,139,108,71,95,113,98,85,87,124,111,167,94,92,111,105,121,144,79,101,95,94,119,91,68,135,90,119,105,100,64,109,126,112,115,87,]
[121,84,108,157,111,102,108,121,96,119,119,72,86,79,117,76,135,89,158,65,111,95,112,120,100,113,99,107,97,138,90,97,94,116,78,85,120,110,90,104,129,107,90,112,104,143,72,87,138,124,108,117,111,101,135,92,139,114,101,90,96,126,114,109,]
[86,98,81,121,104,163,96,88,102,143,89,89,89,57,121,97,82,87,78,111,72,142,128,79,124,138,85,114,121,96,70,75,66,203,88,97,113,75,64,86,106,109,116,83,92,109,65,140,120,143,143,151,71,76,128,73,106,88,77,145,123,90,91,78,]
[64,142,112,91,75,87,81,138,72,103,83,129,139,110,110,119,118,157,136,107,104,53,113,105,100,63,90,95,72,83,163,88,110,126,84,98,111,59,69,142,91,109,117,102,83,125,181,75,88,121,78,99,58,113,129,81,127,58,68,175,169,94,87,141,]
[54,79,102,117,74,80,103,129,111,81,40,102,83,105,112,130,84,87,110,69,95,78,71,78,82,106,116,100,91,111,103,102,79,115,114,81,81,65,115,66,72,117,119,99,146,89,140,121,94,91,114,100,72,86,115,50,69,113,85,60,101,62,95,134,]
[64,75,84,84,72,64,78,91,54,86,68,50,96,59,75,63,94,35,75,75,32,68,67,80,49,54,88,61,66,52,81,52,55,64,65,84,58,62,83,67,49,82,113,79,57,70,82,53,77,63,63,56,110,91,113,51,55,36,50,86,85,40,60,78,]
[436,491,279,351,273,325,587,698,499,367,564,561,330,246,349,404,436,224,310,442,478,431,350,474,261,361,644,472,398,357,493,467,465,354,427,301,483,468,467,287,425,485,555,385,500,365,464,573,331,475,437,612,219,327,307,252,414,530,355,313,590,351,498,500,]
[80,120,161,178,157,141,96,123,159,123,146,121,98,120,145,125,123,98,107,75,86,95,154,107,142,84,87,115,119,143,159,162,218,109,116,155,138,46,135,85,122,100,114,120,136,107,128,110,82,80,100,51,107,168,182,96,97,99,113,103,152,110,89,121,]
[13,16,10,15,12,10,11,10,10,12,16,6,10,12,10,22,8,18,12,13,7,8,11,8,12,9,8,9,14,14,12,10,14,9,12,12,12,8,12,12,10,13,8,14,12,11,14,12,11,18,10,8,12,10,8,10,6,14,10,6,12,14,19,9,]
[9,10,7,12,7,6,14,9,10,8,10,8,5,5,10,7,9,10,11,10,12,12,8,7,8,7,10,8,8,9,8,10,8,9,6,7,8,7,7,7,8,12,9,10,9,7,8,9,8,5,8,9,8,9,6,6,9,7,8,10,7,7,9,8,]
[106,139,123,133,112,113,121,73,165,109,118,99,95,110,108,60,74,77,148,101,172,143,67,108,103,137,93,96,80,143,96,137,134,116,101,117,97,83,85,79,84,150,89,76,92,113,118,90,169,139,95,85,101,99,68,91,103,64,97,141,96,61,128,112,]
[73,100,123,122,83,137,74,99,108,69,75,77,101,71,73,124,114,113,110,97,86,121,88,82,126,130,104,132,110,123,141,194,78,54,90,89,77,81,68,100,123,165,94,92,118,194,59,156,109,96,109,107,168,77,101,97,177,96,115,82,151,73,112,73,]
[62,152,123,114,97,97,144,90,131,128,136,153,138,110,107,104,130,149,150,130,95,107,101,119,112,138,125,90,152,136,104,88,79,103,63,108,97,76,104,83,153,91,102,80,93,98,158,97,73,94,72,84,108,119,91,89,134,68,115,129,83,96,111,77,]
[94,101,121,105,100,71,176,123,148,71,119,107,115,75,100,80,103,109,99,181,159,132,111,102,117,102,81,202,62,148,156,126,60,99,94,89,59,116,118,108,93,66,107,49,60,121,159,117,157,153,99,77,99,143,54,96,68,91,138,89,85,118,143,125,]
[90,108,138,59,82,75,102,79,131,80,66,88,68,114,86,71,48,70,74,127,123,92,117,102,120,109,106,106,62,108,90,83,128,62,104,84,104,132,64,71,99,93,92,92,95,190,93,90,87,73,73,65,70,129,136,136,127,45,160,109,130,153,53,74,]
[128,85,106,95,120,111,90,155,81,114,97,96,42,87,93,145,58,89,147,82,110,133,98,44,89,127,89,90,144,81,133,173,62,97,145,113,121,68,112,101,75,98,61,66,120,136,126,75,88,84,101,122,85,86,72,135,105,100,70,110,122,105,102,82,]
[130,74,92,87,123,95,88,91,150,100,70,104,104,70,115,129,64,74,76,101,77,86,93,101,132,98,76,91,117,100,57,143,99,108,103,114,78,90,171,153,149,88,100,103,162,95,133,129,134,111,150,75,77,119,127,61,74,78,105,106,103,66,68,95,]
[70,113,50,43,89,51,101,137,90,67,42,51,59,61,58,100,59,51,83,29,86,113,38,81,35,88,74,76,52,52,72,81,61,84,63,62,53,93,81,70,83,54,42,85,52,48,61,68,72,97,56,31,67,55,61,32,70,50,73,50,92,64,62,47,]
[609,233,404,266,387,535,223,391,531,399,268,454,476,460,604,360,302,434,309,389,330,517,379,507,499,475,484,393,363,378,471,373,421,300,544,347,346,351,488,330,395,486,514,397,502,546,328,335,431,400,323,585,329,321,644,359,271,566,485,324,435,345,417,336,]
[127,56,89,104,101,143,103,101,116,149,136,109,132,90,154,103,151,103,154,105,140,116,88,99,115,132,123,109,81,49,173,150,49,69,71,105,89,100,145,87,78,104,96,108,130,116,69,119,107,143,147,130,105,126,85,138,113,131,56,109,95,86,69,94,]
[13,11,11,12,10,11,9,15,10,12,8,12,13,16,7,21,13,10,17,13,15,12,9,12,13,14,8,13,10,9,10,16,19,18,9,13,12,13,9,18,10,12,14,7,10,16,13,8,13,11,12,16,9,15,14,11,9,10,11,15,11,10,12,15,]
[11,9,10,8,7,5,6,4,10,9,7,13,8,7,8,12,7,11,7,11,7,7,9,5,6,7,9,14,8,8,7,7,9,11,8,9,16,6,6,9,12,7,8,6,6,9,8,9,14,6,8,7,9,9,6,9,9,7,6,6,10,13,9,7,]
[89,126,143,61,99,146,93,135,120,103,82,85,95,98,81,150,132,96,129,100,122,69,124,124,127,145,98,175,122,107,107,83,129,79,148,115,80,133,107,141,74,151,112,110,98,72,116,101,180,89,101,106,136,158,108,193,109,109,133,100,77,106,94,96,]
[55,108,95,68,89,87,72,141,98,150,103,109,75,111,67,131,131,99,116,61,171,59,120,92,107,60,88,101,88,94,116,103,64,87,131,137,110,151,102,113,130,77,119,107,123,108,97,79,107,88,101,122,94,165,137,109,161,91,88,154,119,120,52,84,]
[155,59,64,151,102,187,96,108,104,110,88,107,112,94,132,101,95,127,144,80,84,102,82,93,62,164,117,112,109,97,124,104,114,88,84,125,87,78,110,99,95,96,163,132,73,111,131,125,108,127,90,95,162,124,96,79,110,94,130,153,114,62,137,77,]
[174,92,122,81,79,100,124,154,73,85,89,99,73,120,95,77,78,109,160,75,157,66,119,75,78,116,97,87,84,102,128,73,181,65,101,136,151,168,85,83,86,119,119,110,78,76,123,95,81,111,128,121,136,75,114,77,77,89,108,104,108,107,66,78,]
[86,134,100,114,114,77,114,89,74,63,99,91,108,106,114,82,79,80,56,126,137,139,117,65,115,34,104,124,101,98,152,137,89,128,71,106,136,86,63,67,104,68,110,48,199,88,92,60,95,131,90,75,93,98,94,109,92,131,93,70,128,113,79,112,]
[117,98,83,96,119,69,98,76,116,111,145,99,85,104,141,92,88,107,80,62,93,93,103,94,74,73,145,94,97,107,61,114,111,79,104,121,63,143,92,78,115,91,126,97,134,170,91,124,94,88,109,80,62,125,153,142,117,81,112,138,98,154,84,97,]
[137,87,75,56,103,77,92,82,87,102,129,84,122,91,111,88,102,92,97,86,95,160,138,102,96,143,85,68,108,121,67,64,78,55,98,90,106,104,131,96,82,57,100,96,69,96,98,72,107,114,57,113,68,121,92,68,112,75,123,73,63,44,97,133,]
[55,104,46,87,65,59,80,79,82,71,50,62,46,80,77,66,68,87,87,64,75,91,85,52,102,104,81,81,65,69,72,59,69,89,68,83,66,62,110,89,60,68,76,101,76,81,88,57,46,67,79,45,77,83,77,92,86,86,103,68,52,77,60,79,]
[505,272,326,390,468,305,308,339,523,349,505,385,253,405,658,405,270,376,409,439,506,401,295,401,331,393,344,386,374,345,534,301,493,572,526,633,427,559,282,467,403,259,392,569,515,304,391,340,329,405,190,383,356,500,598,368,330,272,368,428,332,376,388,372,]
[109,150,107,117,101,104,185,92,88,133,112,113,141,113,129,71,117,136,81,134,134,114,144,149,140,74,155,72,102,121,67,106,119,145,177,151,78,93,82,143,67,98,84,110,145,117,84,132,110,204,99,97,146,152,110,104,150,104,153,177,140,90,133,116,]
[9,12,6,13,13,10,12,9,14,9,15,9,11,12,8,15,10,11,8,14,12,15,8,12,11,11,9,8,15,15,9,9,13,14,12,10,16,14,19,21,12,9,14,12,15,17,14,7,11,14,6,15,9,10,10,11,10,10,11,11,9,12,12,12,]
[8,8,10,10,10,9,11,9,12,8,8,8,5,12,9,7,8,3,9,11,7,10,8,7,14,13,9,9,12,6,5,6,8,7,7,9,10,10,10,5,9,8,5,11,9,5,8,10,7,11,6,8,8,7,6,8,11,7,14,9,13,4,10,8,]
[104,101,71,99,92,41,92,149,104,110,138,136,106,144,67,161,101,77,86,92,101,132,95,67,137,132,106,185,82,126,102,116,140,97,83,83,129,58,60,172,94,136,120,119,160,150,118,86,145,119,127,119,126,162,123,127,133,140,98,86,73,156,105,125,]
[146,179,64,237,99,106,116,144,94,90,94,146,127,143,129,146,133,126,112,147,121,115,70,139,107,63,92,131,163,134,55,91,112,84,163,100,79,138,123,57,90,137,104,112,95,122,100,122,93,90,142,106,90,91,105,105,61,116,100,111,98,138,74,181,]
[85,96,90,93,100,139,69,129,76,156,89,75,158,97,96,81,122,79,102,110,78,121,141,75,100,72,116,95,133,99,89,119,121,92,96,75,90,91,128,138,97,150,80,101,102,82,96,106,139,113,110,83,69,105,158,80,89,109,91,124,82,94,190,92,]
[81,159,137,143,127,81,135,89,123,132,91,151,73,107,67,161,88,116,126,88,100,204,90,113,160,58,140,115,71,101,92,111,108,103,99,119,95,108,92,101,87,85,138,126,93,109,65,93,81,88,122,81,112,104,63,101,85,125,117,114,88,101,120,86,]
[122,90,110,129,71,128,80,138,117,109,72,151,93,126,117,125,119,93,69,82,131,89,121,85,85,105,97,153,74,56,79,106,63,91,92,84,61,85,101,91,83,119,85,128,109,98,89,153,120,85,71,106,134,87,95,108,104,106,112,81,91,90,140,127,]
[77,96,71,147,144,75,96,99,91,97,97,69,102,87,73,67,38,93,85,129,165,83,171,97,121,107,104,95,112,107,73,95,60,75,110,97,92,112,83,115,96,90,111,163,186,62,116,104,111,99,110,151,110,98,111,116,122,51,106,87,134,126,59,119,]
[144,64,85,81,96,120,75,114,87,95,106,76,111,56,158,112,100,76,107,93,90,85,122,138,124,92,85,89,74,124,115,99,104,71,62,90,105,111,87,87,107,63,56,87,104,85,115,77,119,110,79,98,102,75,67,56,146,68,105,134,72,157,82,89,]
[61,63,78,59,85,61,55,89,100,73,69,46,100,59,59,78,82,92,50,80,40,63,73,49,65,47,67,116,87,70,75,46,83,70,72,73,88,50,66,79,65,69,66,42,41,63,58,62,60,61,45,55,120,91,66,56,51,48,74,56,61,72,66,103,]
[293,598,433,482,332,386,521,416,459,415,348,440,341,543,563,470,346,356,447,303,335,403,354,414,274,491,322,422,381,394,438,357,372,424,367,418,414,448,306,365,523,224,326,235,404,275,495,438,426,185,245,527,439,245,352,378,436,431,265,496,502,367,474,397,]
[91,82,95,144,77,71,64,142,117,113,116,156,75,84,98,66,117,124,113,112,147,151,82,104,74,113,79,140,156,105,88,102,80,130,162,122,115,70,86,171,100,111,99,82,108,99,93,106,107,165,123,142,106,84,113,116,81,136,130,132,107,132,153,114,]
[8,9,10,15,8,14,9,10,16,10,13,13,13,12,10,14,12,11,6,8,14,10,10,6,9,6,11,6,13,11,10,9,8,11,12,9,13,12,17,14,13,11,10,19,13,10,11,14,10,12,17,15,8,13,10,11,7,8,8,7,9,17,12,14,]
[11,9,11,9,12,7,8,7,6,11,11,9,9,9,10,14,8,6,9,11,5,9,10,14,5,6,7,9,3,10,6,8,10,11,6,11,9,8,10,7,8,12,10,9,8,7,7,9,8,9,9,8,10,7,7,11,12,6,6,12,9,8,10,11,]
[83,115,79,134,105,84,92,140,161,68,126,106,138,89,101,144,144,97,131,96,134,123,139,186,42,119,99,92,105,109,123,86,131,137,121,141,111,139,104,55,90,91,103,111,108,108,113,136,90,61,77,146,136,96,121,75,106,133,129,72,152,137,118,72,]
[91,114,91,115,147,93,135,166,110,93,108,104,69,103,92,84,118,116,104,103,83,121,95,94,126,71,72,140,96,109,88,96,144,120,81,102,106,107,72,100,94,120,129,127,134,119,108,62,140,107,132,68,70,102,122,120,133,157,128,150,112,135,79,174,]
[71,51,194,100,223,114,121,124,183,120,91,121,140,97,58,73,85,133,128,91,68,96,97,121,133,110,112,122,118,139,132,85,113,142,83,114,90,93,82,141,123,106,107,149,111,66,142,87,111,114,83,100,102,94,80,96,78,107,92,116,111,111,69,95,]
[118,88,130,97,70,104,105,94,90,64,50,90,86,96,91,112,55,117,71,126,111,148,119,97,145,139,127,74,122,78,94,116,106,125,90,105,97,118,96,83,94,78,113,101,101,96,157,83,98,102,122,116,127,120,125,100,119,82,109,102,99,117,103,120,]
[92,116,134,117,77,85,82,107,85,101,156,92,51,159,63,96,77,85,137,111,149,81,89,94,101,130,101,81,86,104,144,80,100,129,107,113,116,128,107,78,96,102,93,92,78,87,98,85,87,115,106,83,127,123,126,126,122,128,128,74,63,108,98,90,]
[107,92,120,92,100,147,82,94,95,96,120,156,122,120,107,86,48,74,93,102,121,106,89,148,99,96,72,53,110,110,81,113,47,119,108,92,101,128,74,49,108,87,133,83,115,89,109,122,88,68,113,101,120,55,65,127,94,156,120,104,99,130,89,80,]
[63,97,89,94,89,89,63,105,128,137,94,85,125,83,71,86,166,64,80,112,134,109,65,126,99,73,98,143,75,121,81,90,148,75,117,102,162,122,117,101,74,72,61,80,99,104,146,62,66,102,108,77,112,83,53,107,90,65,106,110,149,90,121,55,]
[60,92,43,66,114,50,59,71,74,103,53,78,113,57,79,66,70,73,56,81,48,72,70,53,63,94,107,71,46,91,78,71,99,59,66,89,115,51,75,47,51,61,87,70,61,97,80,36,99,67,45,111,88,70,63,70,103,70,85,56,84,56,73,71,]
[493,673,381,435,365,332,321,458,388,571,433,358,373,280,372,575,288,414,288,131,389,385,385,353,315,460,311,367,628,221,196,329,213,557,244,590,328,408,602,434,307,372,359,478,348,270,426,263,365,384,366,344,450,440,379,371,576,360,684,387,393,470,271,295,]
[110,164,108,87,108,104,107,123,132,126,118,96,101,121,126,170,161,90,123,104,159,85,90,71,115,97,147,159,108,108,95,74,168,114,142,127,102,133,117,117,109,98,56,105,73,105,143,161,136,104,80,119,111,133,61,111,179,91,124,104,116,105,171,103,]
[11,8,13,9,11,10,15,11,7,9,11,10,14,14,11,10,11,11,14,11,14,11,11,17,9,7,10,11,13,7,9,8,14,10,12,9,13,14,12,10,12,16,9,10,10,15,18,9,12,12,15,12,13,11,12,9,13,15,7,12,12,11,12,19,]
[6,8,11,9,8,6,7,6,12,8,14,12,8,6,7,8,5,9,5,8,9,12,6,8,7,7,7,8,7,10,7,8,11,9,7,6,8,10,6,8,9,6,7,8,11,9,5,4,11,7,8,7,5,6,10,11,7,9,5,6,8,8,6,5,]
[165,57,92,100,87,145,138,141,73,75,118,147,96,68,84,96,128,149,110,94,149,120,141,91,128,64,107,123,101,127,123,115,125,128,142,99,129,112,131,117,71,92,138,163,113,100,86,120,63,181,156,137,146,79,83,186,162,96,127,75,123,63,93,130,]
[103,86,108,100,89,115,94,104,70,121,65,81,92,120,87,97,94,146,188,102,162,149,131,93,158,125,103,166,136,78,140,124,89,75,80,79,136,148,90,118,117,84,124,84,118,145,155,151,80,95,117,102,161,110,112,124,138,132,145,134,101,102,53,80,]
[94,85,111,143,51,87,115,131,74,103,125,101,80,108,139,136,85,105,65,76,71,110,96,75,145,103,108,64,138,137,114,99,87,101,104,69,78,102,90,116,81,91,126,94,134,119,121,99,132,74,85,117,89,132,108,60,166,99,102,112,84,101,97,94,]
[110,151,110,124,206,107,79,115,97,94,125,105,142,137,117,120,79,94,101,114,131,67,97,108,119,93,137,169,160,106,93,92,108,108,116,94,113,127,68,82,99,83,110,110,89,68,86,115,71,132,93,84,119,125,87,88,77,76,96,114,72,163,70,161,]
[57,98,68,94,119,127,85,51,106,108,132,117,72,119,81,127,58,100,83,84,78,69,138,106,127,83,105,134,68,106,97,111,102,115,68,90,73,136,87,88,126,106,88,75,78,114,87,92,93,75,89,90,79,159,133,98,107,122,132,82,113,82,108,134,]
[63,88,98,85,85,75,88,105,74,92,112,100,86,117,123,148,155,119,109,106,99,102,129,118,106,99,105,76,119,89,99,108,116,69,99,70,105,170,91,82,116,81,88,84,91,100,77,102,70,78,83,195,111,81,124,111,121,58,91,37,73,107,72,121,]
[80,99,70,76,130,78,112,131,64,121,78,85,74,53,66,100,100,61,53,94,72,108,80,89,73,86,106,90,89,90,115,130,83,92,118,90,59,71,89,85,80,140,97,109,106,106,110,77,95,97,81,114,46,104,110,97,96,128,110,111,92,76,86,106,]
[82,62,51,98,86,87,65,114,96,36,91,62,70,110,63,62,98,98,64,65,80,71,71,55,57,53,44,44,55,112,74,79,50,77,88,93,83,70,68,71,82,88,63,89,98,96,62,50,55,51,65,82,41,72,66,78,56,106,56,87,61,116,74,84,]
[257,250,390,376,525,482,512,461,464,413,473,387,288,508,330,524,387,410,600,547,356,332,429,420,288,385,371,678,361,366,384,398,240,421,290,463,416,417,502,365,458,433,396,422,327,365,399,202,414,318,391,317,559,341,519,289,525,410,482,441,434,497,302,441,]
[156,123,137,142,153,115,111,96,93,81,124,106,84,104,140,110,158,115,140,76,103,127,70,113,138,196,71,99,120,91,97,99,129,116,91,122,101,70,114,105,97,154,180,138,129,116,104,87,99,98,126,111,118,137,112,72,153,82,152,71,136,142,118,119,]
[11,14,11,12,10,10,15,11,11,8,12,9,12,17,16,12,8,11,16,18,12,12,9,15,14,6,11,10,13,8,8,8,10,10,4,10,12,19,8,7,16,14,8,7,10,16,13,8,16,10,12,9,11,8,14,5,13,13,15,10,18,11,10,13,]
[11,10,5,8,9,7,12,14,14,7,10,10,12,6,10,8,7,10,7,7,4,10,13,4,10,11,5,11,10,7,12,6,11,12,10,10,9,6,11,9,9,7,5,11,7,11,8,7,7,6,6,8,9,7,11,9,13,8,11,8,14,8,8,10,]
[125,131,147,104,103,122,113,86,135,105,120,96,96,92,129,104,78,124,80,89,111,93,112,99,79,99,47,66,109,133,161,120,70,120,98,84,131,178,106,100,129,88,114,114,154,100,138,68,122,156,118,97,96,69,64,100,119,78,101,76,73,89,131,112,]
[139,102,101,97,110,154,131,162,104,77,73,100,78,81,148,85,161,111,96,107,114,71,104,96,117,97,110,118,65,99,143,126,129,131,100,102,79,114,102,96,108,128,109,114,175,98,95,100,94,135,129,81,100,129,75,100,81,114,90,104,125,162,96,70,]
[105,109,77,118,95,86,137,92,92,83,81,121,74,141,79,68,84,84,92,140,82,103,122,78,148,69,92,146,161,147,76,125,80,122,86,156,86,88,112,101,94,87,142,98,150,129,99,113,101,133,98,90,87,92,113,125,118,144,91,86,144,70,108,116,]
[80,100,81,91,135,76,90,105,97,116,87,87,71,99,118,115,111,79,115,90,83,199,138,161,83,93,100,109,83,154,139,100,66,100,79,78,119,108,46,107,141,127,64,67,113,100,118,87,124,50,129,130,141,87,97,144,113,81,131,91,66,118,114,101,]
[113,72,69,87,83,133,80,132,116,101,78,83,78,113,125,64,89,92,104,89,71,74,105,166,91,73,118,69,104,134,107,93,110,107,104,91,79,120,87,60,124,92,154,130,96,101,107,89,87,107,117,96,58,116,108,73,111,66,84,116,73,72,63,100,]
[85,86,56,103,105,79,87,71,102,124,114,80,70,78,111,91,94,79,87,140,71,110,96,73,106,53,60,96,102,102,121,101,104,108,208,85,98,88,103,107,91,69,72,112,108,109,98,88,107,177,104,57,125,169,71,136,108,138,77,70,120,110,108,103,]
[83,149,84,71,134,121,85,70,80,89,74,90,86,113,72,60,116,67,85,87,70,76,90,106,70,75,138,73,119,68,100,66,93,90,112,65,109,65,99,107,95,112,99,63,146,92,71,90,119,76,148,122,97,57,103,141,103,88,108,92,68,88,59,57,]
[62,75,112,86,66,87,54,57,87,77,75,55,50,92,83,62,87,48,40,46,68,48,47,41,70,112,76,90,66,64,85,85,39,106,110,62,77,61,87,63,73,64,56,44,77,78,73,48,67,92,74,71,63,67,58,63,38,65,75,33,71,65,101,66,]
[363,534,536,336,398,587,506,362,582,400,523,371,559,234,272,364,355,322,328,439,527,356,460,562,491,384,546,444,218,375,595,474,427,464,382,263,308,533,416,301,418,288,420,358,431,392,207,479,483,578,414,469,277,389,297,349,347,338,383,443,233,397,340,568,]
[68,87,111,82,99,119,104,159,109,115,141,109,113,130,144,159,141,97,176,88,138,130,95,186,100,169,149,108,89,67,153,125,66,99,118,88,149,145,113,97,154,96,172,130,77,92,91,118,146,142,90,88,134,205,96,196,116,236,74,123,99,160,138,100,]
[12,15,11,12,11,14,10,11,11,15,16,14,7,10,13,15,9,13,8,15,14,8,10,12,14,11,14,12,10,13,13,8,10,11,10,9,6,10,10,11,11,8,9,8,8,11,11,11,7,11,9,12,12,12,11,16,15,11,14,15,12,11,13,17,]
[9,7,7,16,9,8,9,7,10,6,10,7,9,11,13,11,10,14,12,6,9,10,12,14,10,10,6,5,10,10,6,10,7,5,6,8,7,8,12,5,7,8,7,11,11,9,12,12,11,7,6,7,10,5,9,9,6,8,8,8,8,5,10,7,]
[82,83,118,126,142,119,73,134,116,123,103,123,137,86,108,105,138,142,164,125,175,117,113,142,160,86,140,141,96,114,93,94,84,170,79,79,120,184,55,80,160,84,107,118,196,84,100,92,106,102,135,92,91,154,79,151,98,102,172,126,154,82,115,106,]
[110,122,86,89,138,111,100,113,87,130,137,111,102,138,124,83,79,115,97,124,97,125,147,73,110,117,102,56,151,182,78,88,95,152,114,115,96,89,107,122,111,152,74,152,86,81,87,98,104,87,131,126,89,128,95,137,109,150,95,135,129,148,120,142,]
[102,120,130,91,99,142,116,107,82,70,93,90,119,137,113,93,106,71,101,89,113,103,112,118,93,71,76,98,101,94,141,127,61,191,121,140,106,76,91,104,142,69,135,84,107,149,133,76,130,101,81,142,168,81,92,116,67,90,120,115,171,108,87,126,]
[90,79,108,99,107,130,154,124,86,142,81,81,57,71,86,120,135,95,127,122,94,117,84,111,84,92,57,134,81,103,73,105,168,70,92,85,87,88,74,108,147,120,120,105,86,167,82,104,111,128,79,141,95,131,119,114,178,140,127,72,71,54,81,90,]
[129,137,172,117,51,69,101,87,172,105,103,83,104,70,118,97,96,85,71,122,89,149,105,86,66,100,73,153,80,110,90,116,70,82,105,85,82,64,59,119,76,111,117,86,103,139,91,131,65,70,91,84,121,136,99,100,184,114,138,132,126,80,120,102,]
[79,83,117,120,84,86,83,86,106,76,96,113,129,102,100,108,71,75,111,103,66,115,45,128,94,87,90,127,91,66,143,125,73,79,118,107,60,64,125,68,107,69,67,110,84,92,168,122,103,87,75,69,108,123,120,114,146,63,85,109,92,108,101,166,]
[75,115,101,121,151,89,118,150,77,84,101,59,84,98,91,85,103,129,81,93,137,113,131,87,112,64,94,79,114,91,68,121,86,67,108,69,101,73,114,114,136,79,68,71,106,106,63,92,126,84,110,135,90,73,98,58,84,120,94,86,103,76,78,124,]
[93,133,76,63,66,48,43,93,49,70,47,56,58,61,57,66,81,55,93,111,94,45,109,58,70,51,88,82,73,68,41,66,74,44,80,73,77,54,65,49,57,67,64,64,42,52,58,56,78,76,73,75,64,65,57,67,76,74,53,72,68,81,43,71,]
[504,482,483,457,581,392,662,230,434,313,411,505,297,247,442,399,717,455,391,493,372,281,290,312,505,441,478,436,509,304,506,369,494,387,367,254,386,407,325,548,373,509,402,561,386,428,290,286,436,423,385,349,449,458,316,625,543,483,513,537,462,419,519,458,]
[108,93,86,126,100,134,124,96,147,94,95,90,161,96,105,96,96,72,88,97,106,92,133,105,121,97,135,120,82,98,97,133,141,90,136,96,101,75,122,71,160,151,75,87,151,116,80,145,98,126,80,167,114,88,154,140,156,96,92,133,76,102,148,130,]
[9,12,9,13,15,14,15,16,12,8,13,15,17,6,8,12,14,11,12,19,17,11,9,5,12,12,11,10,11,9,14,16,10,11,12,13,6,5,9,9,8,9,8,7,10,14,9,10,8,10,10,10,11,14,9,14,9,8,13,11,13,14,16,12,]
[8,5,8,7,11,6,11,10,11,8,9,7,7,8,9,7,6,9,9,6,8,9,5,5,10,8,6,8,8,6,6,9,7,5,7,8,10,8,9,11,6,9,8,8,8,5,9,10,4,11,9,14,6,6,10,10,10,5,8,5,8,6,6,8,]
[125,78,147,123,131,112,68,92,87,119,87,86,107,114,110,105,194,139,117,104,97,78,76,86,124,119,107,79,120,73,51,127,152,106,139,84,93,48,132,108,80,72,70,94,71,55,117,143,145,133,156,129,146,139,73,114,153,111,87,83,103,99,53,62,]
[138,155,82,102,126,104,86,118,98,92,103,117,97,119,140,120,77,173,131,141,121,87,102,122,186,115,163,111,104,115,156,147,87,83,81,84,123,134,116,65,100,154,103,108,100,153,142,130,102,104,128,183,153,90,114,111,98,130,119,135,113,41,130,79,]
[106,65,93,115,123,102,91,147,83,117,90,124,84,144,97,164,138,95,68,123,124,155,120,65,77,61,71,153,83,112,63,73,103,125,123,130,53,121,152,81,82,72,164,96,91,80,86,114,104,64,109,114,109,142,89,88,152,125,87,86,84,110,100,93,]
[78,101,102,105,77,129,122,128,95,67,151,88,127,82,76,87,82,114,83,78,117,50,120,170,54,135,51,106,103,62,131,87,95,83,123,87,135,111,117,133,78,105,86,95,162,87,71,93,74,102,117,122,95,85,85,73,102,116,112,91,80,74,102,135,]
[109,116,123,51,86,90,100,88,142,124,131,125,115,102,100,113,100,69,64,124,94,70,132,151,91,134,151,86,89,121,53,117,105,110,181,100,74,94,62,112,112,77,90,98,82,91,110,88,130,111,83,62,81,97,133,69,99,102,84,73,104,71,142,88,]
[112,102,120,120,96,104,98,77,110,105,126,84,100,63,99,92,82,80,79,132,122,91,74,68,69,130,99,93,83,89,85,81,78,110,77,76,76,123,139,65,131,88,90,90,93,102,83,58,97,73,109,117,99,106,65,61,113,109,76,94,98,77,149,129,]
[166,74,108,88,77,114,86,122,80,97,86,101,70,98,108,89,93,78,82,119,98,83,98,71,126,115,112,111,102,105,102,62,129,102,93,52,97,121,63,113,80,106,66,75,89,73,95,129,76,109,72,104,95,127,93,81,97,118,69,159,90,105,101,103,]
[65,89,57,70,53,44,65,85,50,74,52,58,56,68,89,88,97,85,64,57,61,63,72,58,59,74,80,91,72,90,88,62,59,70,54,63,61,48,93,63,53,56,60,68,46,106,60,65,73,116,49,80,67,94,51,53,61,64,99,95,55,67,67,77,]
[458,417,679,295,406,490,444,309,381,354,335,403,300,493,488,358,657,403,508,480,431,559,347,491,397,323,405,351,492,196,334,271,367,409,454,478,396,370,312,548,346,319,398,388,540,422,579,565,444,338,499,564,536,570,396,404,420,448,287,598,359,297,545,308,]
[100,170,115,108,81,125,128,178,86,79,60,203,103,134,90,86,99,150,150,137,171,81,163,92,89,146,95,113,149,98,157,106,146,114,147,122,150,104,125,108,154,110,91,106,156,84,122,101,107,83,99,85,109,100,177,127,91,117,121,71,121,134,139,99,]
[10,10,11,10,10,10,9,14,15,13,9,11,10,13,8,28,14,13,20,15,11,11,11,8,14,18,13,14,8,15,11,11,10,11,11,12,10,12,11,14,8,8,12,15,11,21,8,11,14,8,10,14,14,11,11,12,11,12,9,12,10,11,11,12,]
[6,9,6,5,11,6,11,10,10,8,7,11,9,8,14,10,8,8,12,9,9,5,10,7,12,5,8,10,6,9,6,6,5,12,8,14,7,7,7,8,9,4,7,7,13,8,8,6,11,9,11,13,5,10,5,7,12,12,8,8,8,9,7,7,]
[132,91,116,86,92,119,94,102,94,102,132,99,87,125,95,94,111,58,141,89,41,96,85,57,123,120,111,67,101,79,72,94,112,81,129,120,81,118,161,68,80,130,91,126,120,116,130,67,124,81,88,102,111,196,88,61,121,136,109,133,145,114,130,99,]
[110,154,145,116,88,89,118,121,130,117,153,97,130,83,122,134,123,143,97,84,133,89,129,130,74,109,98,117,119,104,106,108,120,73,96,113,142,100,165,75,112,133,107,105,134,88,90,119,92,135,104,61,86,99,89,155,109,92,97,120,118,100,115,78,]
[102,63,146,118,101,156,112,97,125,89,99,88,126,110,109,93,110,122,115,124,99,128,85,82,136,82,118,74,103,102,250,100,83,96,87,123,95,176,122,132,117,115,152,157,107,69,119,102,62,105,85,72,66,94,98,90,101,150,127,110,116,109,100,129,]
[152,131,90,94,113,124,56,129,123,117,99,139,90,110,85,76,89,208,73,144,87,96,110,115,133,90,143,128,140,106,77,95,77,94,96,84,94,127,67,109,97,122,93,105,103,131,146,160,111,113,144,110,63,131,119,89,110,118,99,100,90,124,133,124,]
[140,64,77,129,126,101,109,116,136,114,121,147,91,130,125,135,126,79,83,118,76,128,96,104,149,71,73,76,89,73,77,72,79,104,62,93,128,117,111,84,130,117,107,90,62,90,73,136,75,119,95,145,87,145,80,150,115,92,139,94,117,66,145,64,]
[85,100,71,115,67,60,70,124,70,99,85,133,95,87,94,110,126,99,103,88,100,106,78,71,136,118,67,110,67,101,103,79,109,81,90,68,111,79,81,152,115,128,80,88,103,111,76,99,118,75,75,122,104,44,140,106,162,69,128,147,101,122,93,106,]
[103,88,116,104,134,97,48,116,84,90,62,98,109,59,73,92,78,98,84,134,59,77,76,94,108,68,83,73,74,87,69,125,113,90,91,75,66,92,151,116,85,83,122,100,101,80,114,87,58,55,68,44,121,108,85,79,103,54,68,98,94,69,136,130,]
[90,84,53,81,68,62,98,91,82,54,46,108,77,89,86,81,91,69,71,61,48,43,62,47,65,49,35,119,56,96,87,114,102,77,106,67,72,77,56,61,55,76,67,50,55,59,93,94,51,76,81,83,61,66,115,117,66,67,75,69,82,46,63,70,]
[501,546,561,485,323,267,294,306,573,373,400,357,402,245,430,308,526,520,445,586,506,445,378,335,398,601,346,420,366,400,383,288,306,519,266,536,282,383,323,450,502,416,349,359,307,354,663,560,665,416,500,322,262,331,297,539,269,396,380,513,352,419,438,364,]
[154,143,109,148,128,115,121,139,102,107,131,90,69,147,121,130,104,101,95,111,142,100,92,85,64,150,129,106,121,126,147,123,100,151,137,107,122,125,144,104,128,94,119,94,118,103,133,154,123,145,70,105,118,158,128,130,118,113,129,126,207,110,78,78,]
[9,10,12,13,17,15,10,9,8,11,13,11,11,10,12,13,10,15,14,6,16,13,15,11,13,9,12,16,17,8,10,11,9,11,13,14,14,8,9,17,10,10,12,16,11,8,12,12,11,11,17,12,12,16,14,10,12,13,11,9,12,16,20,6,]
[5,9,13,7,11,10,7,10,12,7,13,8,4,7,11,8,11,8,7,8,6,8,6,6,7,9,12,6,7,6,10,9,8,7,7,6,9,12,6,13,5,9,6,6,14,13,9,5,6,8,7,6,9,10,5,7,8,11,7,6,8,8,8,8,]
[129,79,60,58,119,118,101,187,107,94,107,147,126,120,96,112,103,170,119,102,108,159,106,120,86,82,69,187,158,134,72,95,130,97,127,89,140,155,120,102,141,97,128,90,109,120,125,94,111,147,115,88,138,116,175,83,100,86,139,95,174,130,118,66,]
[122,118,99,94,92,82,159,86,155,75,108,115,98,98,67,91,114,128,95,115,82,108,128,68,108,75,102,127,128,115,88,148,169,119,76,77,114,124,98,50,102,96,100,125,103,138,143,106,161,73,109,110,149,136,70,110,121,160,175,82,133,92,139,123,]
[138,96,155,83,107,101,126,110,96,109,123,95,151,89,139,150,64,94,97,83,91,212,110,68,74,131,115,78,119,123,83,74,58,82,75,78,99,85,104,71,102,117,89,73,112,88,110,130,118,81,128,79,71,107,75,102,65,104,98,147,78,116,95,112,]
[116,78,90,160,61,139,98,125,94,102,96,100,119,114,140,127,80,85,113,42,123,166,84,117,158,58,105,77,100,82,162,91,135,91,105,146,47,140,82,113,63,130,81,114,96,169,120,102,73,74,86,65,79,106,136,91,85,103,145,104,124,63,120,68,]
[74,94,68,151,91,95,115,91,107,121,110,88,92,117,98,100,81,83,91,60,120,132,79,126,92,144,106,114,107,133,104,58,82,137,141,82,117,101,107,54,55,83,111,75,142,140,53,108,127,91,100,105,113,101,69,109,114,113,98,113,100,83,83,76,]
[107,99,101,91,102,117,85,73,94,124,108,96,72,80,71,103,142,119,63,104,79,108,83,86,80,82,93,94,99,67,103,130,99,91,85,76,133,72,95,66,112,109,107,118,56,139,77,92,89,101,68,121,93,89,101,72,102,96,71,97,92,89,129,120,]
[103,99,73,107,66,61,94,67,108,81,51,97,79,98,79,89,106,100,99,103,107,74,142,83,101,106,117,118,124,104,92,91,126,53,89,101,84,130,84,116,121,107,118,125,84,165,49,56,116,119,69,54,127,62,87,115,81,115,82,102,82,52,115,93,]
[81,60,71,80,76,66,65,59,109,91,48,52,55,89,69,103,80,71,62,86,82,71,50,43,74,63,37,69,71,84,87,46,81,72,56,83,70,68,85,81,91,59,62,48,51,61,92,78,68,91,104,69,62,83,83,86,55,72,104,82,79,57,43,82,]
[426,365,390,297,413,448,257,387,610,491,577,418,411,509,560,543,262,311,480,437,476,342,493,373,279,508,345,315,484,382,384,391,527,371,452,491,246,322,204,237,282,483,488,291,325,427,527,331,495,290,350,285,460,266,451,487,558,298,600,437,305,465,563,518,]
[150,141,94,89,112,82,105,137,118,107,80,96,90,94,132,71,78,102,126,75,141,100,142,135,141,129,120,103,88,130,99,125,155,107,143,95,118,154,107,134,112,110,110,135,145,137,78,121,98,105,151,133,138,141,90,90,89,125,128,76,133,158,98,130,]
[17,11,12,13,12,12,14,15,12,11,15,13,12,16,10,9,12,13,7,16,10,16,15,12,11,9,7,11,12,11,10,10,16,17,12,12,12,12,14,3,14,14,18,11,7,11,13,8,16,8,9,13,12,9,14,11,16,8,12,17,11,9,11,11,]
[7,11,10,6,7,16,4,5,9,7,15,10,8,9,7,11,6,7,8,7,11,9,6,6,10,8,5,10,8,7,7,7,11,7,9,8,7,8,8,8,10,10,10,11,9,6,11,7,8,13,10,7,8,6,10,8,6,9,10,6,10,9,6,9,]
[100,156,110,121,107,92,82,165,83,123,100,81,80,76,151,177,144,108,89,158,101,78,87,86,61,150,107,99,94,78,117,114,110,90,149,107,105,151,119,144,117,92,59,102,99,152,90,85,154,141,66,117,92,102,82,104,119,100,132,79,112,111,146,108,]
[112,90,140,113,112,72,108,141,164,90,70,72,73,110,99,118,110,109,87,105,168,106,75,57,70,130,59,99,87,133,112,87,125,105,141,56,143,77,132,100,135,117,61,120,103,98,171,126,78,106,87,138,99,86,124,76,105,99,150,86,156,108,89,133,]
[125,68,54,66,110,81,154,101,71,124,93,98,74,153,157,92,144,88,69,102,131,121,82,95,93,94,117,155,121,158,64,108,175,113,110,91,110,85,131,111,122,91,71,93,71,130,110,88,84,126,126,128,86,148,96,88,90,101,65,105,104,123,139,130,]
[116,130,93,117,125,106,98,132,107,72,174,86,63,139,104,92,70,132,90,92,124,77,74,137,111,118,52,103,141,129,94,100,131,61,47,129,107,55,67,99,90,121,92,131,64,108,81,115,127,110,93,111,71,127,95,68,87,146,80,111,91,76,97,91,]
[80,103,114,117,103,93,95,96,144,95,132,154,87,62,70,85,142,86,89,45,96,92,111,87,108,76,102,103,113,134,111,83,77,78,78,112,121,57,147,131,121,117,123,130,94,96,89,74,98,82,88,84,67,146,66,71,162,79,122,133,132,129,119,114,]
[79,89,121,54,139,127,90,135,91,96,100,73,105,93,87,115,137,92,72,92,99,116,118,139,102,88,68,115,169,105,69,65,116,122,89,132,107,121,157,128,94,91,86,105,99,90,107,79,128,83,83,109,81,129,104,65,62,72,74,72,76,77,108,89,]
[74,83,139,82,67,144,68,76,105,87,110,89,126,93,70,102,109,64,114,53,82,103,59,97,129,85,121,123,159,106,83,81,118,83,84,89,102,118,133,66,119,103,82,85,110,78,65,81,102,147,86,59,82,95,128,131,124,93,53,58,82,99,62,94,]
[70,70,56,69,59,61,72,76,55,60,66,68,63,83,102,55,53,84,70,41,79,47,75,91,74,56,66,54,92,46,40,66,92,57,80,76,75,41,68,60,41,88,93,71,80,94,96,74,62,50,50,77,35,63,44,57,70,57,68,55,55,79,53,65,]
[253,479,438,337,515,550,349,350,506,411,331,516,596,399,260,468,557,386,580,364,412,470,380,383,449,387,376,466,306,610,269,554,413,527,294,417,341,392,321,664,483,340,338,413,332,297,591,363,476,632,343,404,600,567,522,280,215,462,474,288,439,279,346,328,]
[140,64,64,123,104,137,67,123,161,148,117,75,81,105,95,42,119,100,113,111,105,146,95,89,117,90,94,132,150,110,103,114,86,160,85,105,149,145,96,141,110,95,180,71,87,133,90,84,147,120,73,99,114,109,145,67,166,113,126,131,131,65,191,97,]
[16,10,8,14,13,10,8,15,12,11,13,16,11,14,10,17,11,6,13,13,12,8,12,11,10,10,9,12,11,25,17,15,11,11,13,12,11,10,10,5,9,18,12,11,9,16,22,9,11,13,18,7,8,19,11,12,9,9,8,9,8,11,9,10,]
[4,11,7,7,9,9,9,6,6,9,7,7,9,6,10,7,6,8,6,12,7,7,11,12,6,7,9,11,4,8,11,8,8,8,6,9,11,7,9,9,6,8,6,10,8,9,7,9,10,6,10,9,5,10,7,9,6,14,10,8,8,8,7,13,]
[80,99,89,74,136,114,153,112,87,72,116,96,84,122,71,107,151,196,116,91,73,159,100,73,127,129,103,75,97,124,118,98,85,70,113,101,85,105,96,115,99,147,141,162,140,90,83,108,103,115,128,99,109,81,94,158,99,159,80,108,90,99,104,110,]
[96,89,74,188,143,85,89,66,94,60,89,97,130,121,74,132,122,104,91,109,78,163,151,120,121,95,158,157,138,98,75,88,96,113,132,97,55,146,67,122,118,145,79,79,112,176,70,107,80,125,96,110,126,60,100,96,140,80,84,56,94,98,114,76,]
[72,148,133,119,121,161,80,84,123,111,156,81,106,86,76,89,124,88,82,89,138,93,112,76,108,75,163,80,142,128,105,84,111,82,97,147,91,110,90,94,92,93,94,114,119,107,122,74,124,91,89,101,84,89,132,131,108,108,84,142,119,97,95,99,]
[87,82,96,128,82,124,63,104,130,76,132,90,89,89,105,145,77,58,136,66,92,108,103,142,138,111,84,113,73,104,90,80,97,149,63,167,97,99,97,56,126,110,89,83,143,88,98,104,76,158,108,87,84,85,91,142,137,116,103,124,87,147,133,92,]
[100,123,126,92,134,68,94,77,101,119,96,111,118,54,55,96,127,105,96,55,87,141,131,59,65,89,88,121,76,100,128,95,159,125,134,59,136,96,87,114,92,129,104,107,135,120,58,73,134,98,95,106,92,128,105,61,149,63,119,96,101,124,48,109,]
[119,61,130,117,103,80,69,115,101,83,69,108,86,87,91,100,118,70,49,133,78,78,72,67,140,146,89,71,86,82,102,104,93,101,137,86,133,63,102,97,75,113,151,90,103,102,110,78,103,142,99,139,78,96,68,114,77,93,74,74,55,66,112,89,]
[91,135,93,115,88,85,83,80,102,54,115,96,86,107,60,84,102,110,115,155,137,75,69,141,91,77,110,101,87,105,131,87,131,147,44,93,61,94,99,57,154,102,34,55,136,91,137,107,84,133,83,67,96,101,93,90,142,140,120,87,124,83,88,99,]
[72,78,71,64,140,71,74,58,74,92,80,50,98,75,121,43,58,55,81,51,85,76,39,91,66,67,68,77,74,65,68,77,64,51,66,72,76,89,77,73,47,63,55,60,81,62,83,62,87,57,80,48,92,76,46,52,71,78,104,62,68,48,71,112,]
[578,413,287,305,450,356,386,403,375,624,273,379,502,658,423,453,661,415,284,415,380,407,255,400,296,372,370,413,507,339,389,324,422,357,612,382,509,365,467,631,540,397,330,495,425,542,376,357,393,337,310,294,354,332,358,380,319,270,532,252,662,247,443,483,]
[148,142,93,56,113,91,131,87,136,127,126,158,76,136,105,139,83,111,96,166,121,119,125,95,102,87,71,117,103,111,145,101,118,124,136,104,165,133,145,98,137,109,117,115,122,98,113,101,165,110,93,70,81,129,99,58,105,95,108,122,87,100,58,110,]
[11,12,17,6,10,12,14,12,10,12,13,12,14,18,14,15,17,10,13,18,8,16,12,12,10,8,9,17,10,14,14,8,16,19,8,5,15,14,15,11,12,12,11,8,14,7,14,13,16,10,13,12,15,7,12,10,14,10,16,11,7,10,16,13,]
[7,8,8,8,5,12,9,12,8,3,11,9,8,12,11,8,8,7,14,7,7,6,7,9,9,5,7,9,7,12,13,5,4,12,9,7,7,6,11,12,11,12,8,5,9,7,9,12,6,10,8,8,14,11,11,12,7,7,13,9,8,7,14,7,]
[111,142,99,81,105,124,98,156,91,125,102,95,81,143,127,99,61,92,96,101,110,96,167,85,104,130,124,152,101,108,102,127,90,126,164,139,119,82,69,115,95,117,146,130,108,95,111,87,140,156,82,95,111,82,55,80,70,138,117,98,99,173,115,71,]
[123,74,112,156,145,105,141,124,144,69,157,96,138,138,90,122,155,138,125,109,146,57,83,110,111,142,112,111,94,117,115,120,111,95,133,90,99,94,119,103,157,84,112,62,133,108,121,102,87,105,73,91,126,132,73,138,140,137,75,93,84,119,86,85,]
[135,95,140,91,105,95,94,107,113,110,93,101,92,100,85,112,119,108,92,101,125,91,140,123,104,110,84,82,117,110,111,117,129,94,147,124,173,135,116,118,147,89,134,134,160,121,115,104,87,122,96,142,101,102,73,92,126,89,123,77,92,137,85,92,]
[119,95,54,106,94,129,71,81,76,83,88,75,119,158,64,58,70,114,108,117,96,79,139,91,106,80,116,60,99,88,134,86,123,113,113,75,113,94,129,129,98,119,91,111,99,133,86,94,110,134,84,85,106,127,84,144,87,57,139,124,107,129,86,58,]
[132,129,84,143,101,95,113,121,94,101,111,106,75,80,166,60,81,65,101,142,134,81,100,98,99,81,100,76,90,105,147,89,66,79,85,125,131,124,131,95,142,97,79,73,65,83,137,88,99,74,127,89,61,88,112,115,106,88,75,101,81,126,203,131,]
[132,145,112,113,92,126,82,73,78,91,119,75,87,107,115,78,86,72,70,46,89,126,113,77,84,122,78,105,160,50,120,100,98,101,76,112,83,105,78,79,100,128,111,105,122,134,115,104,166,100,114,75,77,73,155,109,60,111,120,85,84,81,108,84,]
[126,117,84,69,143,64,70,74,96,72,126,123,108,91,81,75,66,132,90,84,109,92,159,99,104,116,76,68,93,92,122,141,145,89,66,94,100,127,82,95,122,82,69,109,74,92,90,94,131,100,77,103,81,122,99,94,134,104,84,111,86,103,150,107,]
[51,59,105,67,55,94,68,54,74,83,63,44,80,57,60,126,46,89,53,61,47,70,70,63,80,66,82,57,56,53,98,67,74,104,65,91,54,59,82,95,76,96,99,71,52,72,97,60,44,46,37,53,82,44,47,59,64,84,58,65,85,75,84,52,]
[335,317,325,497,331,467,492,545,407,423,482,317,234,217,476,400,339,313,573,411,221,505,388,593,407,472,542,323,421,366,388,229,433,399,499,328,235,426,340,296,481,569,312,361,482,428,388,518,463,429,233,370,269,576,307,563,439,439,459,511,533,577,428,409,]
[129,102,151,105,98,152,116,94,112,87,102,161,139,132,71,98,99,129,119,120,188,117,120,93,74,77,132,130,88,140,139,160,90,145,92,166,62,97,128,102,175,174,119,138,160,78,140,96,107,120,157,148,120,102,152,117,182,88,144,144,96,157,115,158,]
[13,14,10,9,8,10,13,12,16,13,11,10,11,13,9,8,11,14,11,20,9,9,13,11,10,16,14,12,12,18,16,11,12,15,14,13,11,14,10,13,8,7,15,10,13,14,11,16,12,10,7,13,7,13,12,10,13,14,7,7,14,8,13,8,]
[6,8,6,8,7,13,11,6,11,7,7,10,7,9,9,16,9,7,8,7,7,13,7,7,8,6,6,10,8,6,8,9,7,9,5,8,7,8,7,8,8,6,7,12,7,6,7,6,6,9,11,11,9,7,8,5,13,12,8,9,7,11,6,10,]
[115,142,119,129,112,123,102,97,130,172,112,96,162,82,82,123,102,71,141,137,159,102,93,79,155,128,93,114,158,87,153,107,133,148,77,107,117,113,125,114,130,150,142,84,147,101,101,101,111,111,101,110,166,143,99,65,65,63,113,54,92,67,81,84,]
[119,121,75,103,155,105,108,115,86,131,116,74,127,81,71,62,148,65,123,101,118,116,107,123,98,94,98,107,126,103,104,121,81,108,116,141,160,124,60,58,126,76,133,143,131,124,82,66,154,68,96,146,117,85,168,134,77,129,117,91,104,152,109,80,]
[105,125,120,145,63,86,126,58,165,91,102,136,66,76,124,158,116,131,120,139,126,137,158,158,115,99,110,102,142,72,145,99,77,143,145,77,101,145,97,105,85,52,134,102,96,107,97,128,88,144,66,99,108,138,92,76,139,107,121,100,140,108,98,102,]
[120,86,133,110,84,117,138,83,112,104,97,102,104,133,109,89,126,137,104,100,70,51,99,96,111,88,62,118,109,109,130,162,66,87,110,97,120,89,94,93,69,138,127,76,67,84,99,72,55,145,117,87,70,133,77,131,115,90,79,93,102,68,88,70,]
[128,187,100,62,145,139,65,75,94,105,98,141,103,66,86,85,147,132,86,85,113,103,86,101,134,101,78,101,118,76,127,79,65,79,84,72,125,100,114,78,86,102,120,78,90,116,141,68,63,108,81,165,82,85,70,120,116,155,75,107,117,78,164,84,]
[157,88,120,83,137,82,52,127,86,104,63,82,132,112,77,88,133,85,128,174,94,94,127,120,99,81,112,117,124,79,70,113,117,90,106,104,119,91,84,173,94,125,106,86,134,55,86,82,109,126,98,124,142,99,75,96,104,139,155,85,105,79,113,152,]
[86,142,111,101,117,85,65,104,104,119,80,70,101,88,128,159,107,119,49,161,107,101,120,96,105,108,107,90,64,121,106,56,139,107,90,94,87,104,126,59,154,92,99,102,85,122,90,131,104,97,58,80,92,90,100,117,88,77,56,86,76,90,118,71,]
[58,60,61,61,80,67,87,75,92,88,72,61,87,57,72,77,71,75,84,59,50,61,67,65,47,104,73,68,36,98,71,91,50,52,75,57,68,63,74,64,72,81,83,91,92,67,73,81,48,87,68,62,84,63,97,77,90,57,95,124,78,46,43,84,]
[348,367,425,313,374,367,579,276,344,336,337,382,447,305,343,254,423,273,347,329,452,617,471,348,426,530,482,484,438,331,333,466,272,242,503,486,495,516,627,313,448,532,364,297,495,400,650,301,407,597,405,429,569,405,195,439,280,437,363,363,406,318,512,513,]
[111,71,105,69,100,101,81,110,134,111,106,84,129,133,141,90,161,99,156,172,90,92,127,124,140,90,131,82,117,150,120,80,127,129,130,141,104,108,96,152,137,156,148,121,108,137,101,101,139,132,81,177,97,92,174,116,98,107,122,93,200,140,92,47,]
[10,12,16,10,12,9,15,9,16,11,12,13,13,8,15,7,11,12,14,10,7,16,11,14,11,16,14,12,11,11,10,13,9,9,16,10,16,15,12,10,14,15,15,12,10,14,11,11,11,14,9,14,10,11,7,11,14,13,14,8,13,16,19,13,]
[10,8,8,11,10,8,10,10,9,11,10,12,11,8,8,6,4,5,11,3,11,12,8,11,6,7,10,8,10,8,6,6,12,12,10,11,13,6,8,10,7,10,11,8,8,14,12,6,6,7,7,4,9,6,10,8,9,5,10,5,12,10,5,9,]
[75,177,81,113,102,122,107,106,183,102,144,104,144,112,148,137,111,102,97,75,98,79,105,144,134,108,109,128,148,100,143,94,99,127,68,158,115,96,101,110,149,55,98,64,136,107,152,164,94,113,141,86,76,98,125,164,76,117,92,126,113,99,124,103,]
[142,95,75,148,106,143,95,132,125,92,100,111,111,107,101,92,101,99,132,193,139,158,85,107,109,92,103,121,128,124,122,76,87,77,161,106,139,106,65,142,77,102,111,123,116,109,43,120,122,105,75,118,101,134,169,143,151,139,79,158,92,114,122,71,]
[142,89,108,102,114,95,161,78,151,125,172,126,90,85,97,113,102,128,91,86,105,76,69,82,105,100,80,143,120,102,98,103,90,82,122,90,127,162,71,76,161,95,141,114,118,131,108,97,102,108,83,150,109,102,129,158,124,85,93,122,86,74,141,88,]
[140,75,83,98,150,62,164,105,152,134,125,92,120,151,115,95,63,97,100,114,152,118,78,145,153,136,133,76,136,129,130,101,137,80,156,94,86,142,116,77,98,69,81,148,93,82,93,82,92,162,130,97,88,100,133,77,75,93,117,80,185,101,124,66,]
[138,132,144,89,85,107,84,129,74,81,106,94,104,110,116,66,101,106,102,56,118,60,115,110,75,84,85,102,125,115,84,132,117,131,55,126,133,114,91,127,83,91,66,105,78,130,85,89,68,137,87,76,94,101,99,109,109,133,122,92,159,125,97,106,]
[86,77,85,69,82,67,112,211,82,100,137,110,114,89,129,79,91,177,108,94,111,112,98,104,108,98,112,89,104,96,99,105,68,114,116,126,116,107,76,100,81,89,82,83,92,105,108,169,73,63,106,111,134,88,137,71,89,106,59,57,103,143,119,105,]
[55,118,83,74,96,121,77,57,105,135,90,98,67,76,105,130,100,65,105,81,95,136,100,114,72,77,91,125,93,127,93,61,101,105,53,83,98,101,99,120,81,131,94,88,88,69,170,94,115,117,111,122,83,73,102,113,69,100,80,96,124,113,91,82,]
[67,46,73,66,53,50,71,113,75,60,70,61,100,127,82,80,69,86,71,137,47,81,40,56,67,84,35,61,86,76,53,41,54,53,64,48,68,70,62,44,72,62,91,74,68,66,68,71,109,67,62,47,66,86,94,58,51,75,86,87,67,70,40,60,]
[321,428,364,473,375,433,384,466,421,308,452,726,537,371,391,368,389,318,370,297,307,382,470,249,258,450,400,390,520,456,409,474,396,524,224,473,576,479,350,476,585,485,553,275,346,525,454,394,293,370,292,271,395,474,314,377,302,673,521,416,379,298,418,397,]
[137,102,73,166,93,129,127,132,83,141,101,115,143,68,102,72,174,97,117,133,91,101,115,138,96,105,82,128,100,86,129,152,69,160,110,141,96,85,135,176,79,117,61,137,65,84,106,98,105,154,143,131,160,126,133,91,121,62,85,105,147,135,108,122,]
[17,11,8,10,11,12,15,11,18,12,18,12,13,11,8,19,9,12,7,13,13,11,12,10,13,11,6,8,10,8,8,10,13,16,12,9,18,17,10,13,10,10,10,12,9,16,13,9,13,8,13,16,24,11,10,10,15,12,13,12,12,18,13,12,]
[6,13,6,9,11,12,8,9,6,12,11,9,9,9,7,7,8,11,9,11,7,7,7,10,7,7,10,6,6,6,12,8,5,13,5,9,9,8,10,7,13,10,9,8,11,6,9,7,9,8,8,9,7,8,13,8,8,8,9,11,10,9,7,11,]
[120,105,125,96,114,122,62,120,116,88,111,92,116,184,100,88,126,135,89,115,87,112,98,91,80,92,150,92,73,112,114,75,144,113,131,155,96,111,102,107,72,83,89,127,118,133,135,91,134,146,129,82,80,149,75,129,74,119,84,94,111,121,129,98,]
[111,123,115,111,92,62,93,84,152,82,84,96,76,92,106,98,104,97,105,133,187,117,111,138,124,78,95,133,73,71,104,108,100,103,146,92,106,105,98,77,91,108,123,125,110,118,130,71,111,111,83,174,114,124,120,90,122,175,124,109,138,99,106,148,]
[70,138,63,138,110,129,100,101,92,101,100,92,94,86,119,64,107,123,93,92,115,101,104,103,112,93,86,110,94,71,125,126,122,103,114,95,135,88,86,112,109,91,97,86,130,77,103,64,111,93,103,95,55,130,100,91,90,134,140,146,142,119,106,117,]
[130,93,129,163,131,144,86,159,67,145,83,114,135,85,88,67,119,107,88,147,90,109,97,80,105,133,69,161,109,97,122,100,165,66,98,119,104,93,97,108,87,191,53,86,114,87,93,105,147,78,90,80,56,68,122,80,83,151,146,85,131,107,162,93,]
[50,138,117,72,79,89,90,80,87,106,124,128,111,92,133,93,88,105,162,87,97,115,99,117,95,67,85,101,74,84,50,71,85,91,117,86,84,74,112,102,75,113,118,90,94,100,73,80,110,91,115,99,111,70,87,82,101,67,87,122,61,65,128,94,]
[122,77,128,96,146,133,88,98,107,129,95,107,86,133,121,116,152,116,80,116,82,132,56,79,110,89,115,119,82,91,109,118,35,112,157,138,100,147,116,104,94,107,87,82,156,73,70,98,93,124,81,92,135,98,98,98,90,89,107,110,123,131,82,151,]
[69,96,82,88,95,129,92,77,92,92,118,106,66,68,137,81,89,88,91,96,107,120,91,130,33,90,95,105,126,66,116,78,81,71,79,60,79,77,83,100,141,73,122,99,102,99,74,71,79,94,103,123,98,78,127,102,89,110,98,50,143,92,118,83,]
[67,113,55,60,75,58,49,80,58,48,81,59,98,78,63,73,80,63,83,58,73,53,78,70,73,73,47,51,51,50,42,66,55,64,104,93,59,69,93,43,83,46,64,91,56,80,61,97,63,54,97,63,69,72,55,78,48,68,56,73,51,62,98,51,]
[445,339,652,505,480,448,395,360,398,362,345,322,459,406,534,357,316,504,466,309,523,427,381,348,426,499,330,298,379,281,370,271,583,309,506,498,460,464,389,370,508,407,337,413,356,282,331,474,564,287,320,371,542,486,528,597,517,428,494,500,413,511,494,429,]
[66,122,136,133,104,180,120,156,93,81,176,113,144,120,128,115,78,68,88,139,115,84,112,94,149,151,137,138,119,119,128,107,78,115,120,122,95,96,109,72,97,122,99,109,126,153,123,81,75,130,53,131,81,105,89,89,113,137,70,94,112,179,97,145,]
[14,9,15,15,13,20,11,9,12,11,11,13,15,14,9,18,8,11,8,12,11,12,10,6,12,16,16,15,11,15,9,12,5,15,14,12,19,15,11,11,11,16,9,9,9,11,10,11,13,13,13,14,10,9,11,8,13,7,13,13,13,6,17,12,]
[6,8,7,11,5,9,8,9,9,12,11,10,11,9,8,8,7,7,8,9,12,8,5,10,11,7,7,6,8,8,9,8,14,6,9,6,12,12,7,7,6,8,8,5,8,7,9,8,4,12,7,10,5,7,9,14,10,10,8,8,8,7,7,11,]
[95,134,90,133,164,116,151,83,116,58,102,108,66,142,146,80,106,110,62,132,78,115,94,73,68,116,102,98,152,122,87,131,109,166,79,112,99,121,117,155,141,107,114,106,86,89,94,99,97,102,96,121,112,125,136,116,115,123,140,86,193,135,122,101,]
[103,75,180,137,129,99,94,107,89,86,107,67,114,80,102,96,75,121,77,124,108,89,93,112,143,84,136,103,104,85,46,95,114,120,95,84,116,151,95,113,116,108,131,72,130,94,113,92,163,98,160,103,78,74,64,133,132,105,92,94,153,83,61,68,]
[94,111,103,130,119,98,95,102,97,119,97,79,130,98,107,92,113,132,108,142,114,127,80,100,113,81,120,123,66,76,112,79,165,112,87,41,110,82,91,173,137,109,110,76,129,90,100,149,87,120,131,77,100,98,119,98,58,91,107,109,139,122,74,124,]
[62,104,87,120,86,82,84,90,72,115,88,105,149,158,114,100,103,104,94,81,120,133,116,120,87,96,97,128,68,116,87,132,79,98,122,73,103,142,82,91,122,68,114,137,120,85,140,69,86,90,104,69,141,100,99,156,104,60,127,115,92,156,86,70,]
[120,97,120,132,80,109,116,102,84,55,113,106,75,116,78,113,120,137,90,100,97,87,102,122,74,107,132,88,91,142,118,105,89,134,82,119,122,85,134,93,112,62,117,146,83,114,115,114,147,117,103,104,53,68,98,57,112,127,103,107,79,54,183,77,]
[95,93,95,125,84,51,145,137,56,113,153,76,102,94,114,68,87,150,110,65,141,99,88,74,123,139,91,97,123,63,99,94,80,120,77,117,105,62,91,100,126,82,108,99,122,116,64,88,71,69,98,106,102,59,102,107,75,131,91,74,122,113,94,61,]
[86,82,147,129,99,82,64,90,121,92,66,135,77,71,124,91,61,105,93,114,66,82,109,140,60,90,85,113,69,40,103,64,91,102,98,131,56,110,90,104,104,67,175,90,79,116,72,93,99,122,132,110,141,132,79,100,100,87,65,68,76,62,140,117,]
[24,67,67,136,70,65,64,68,45,51,69,71,79,53,35,53,85,49,109,62,110,96,71,42,58,79,90,75,70,88,70,86,97,45,62,49,59,70,54,94,44,99,50,83,84,87,45,70,62,53,74,84,65,42,86,78,71,66,92,102,90,75,88,95,]
[317,450,321,362,472,347,457,404,413,538,359,366,316,447,505,358,396,525,397,431,429,477,400,404,416,588,405,212,376,401,353,355,241,395,322,445,396,400,439,245,368,377,323,560,459,324,265,420,519,359,469,351,438,349,411,406,413,485,614,469,515,400,282,402,]
[110,104,123,85,84,89,159,114,62,117,146,100,114,152,117,123,123,110,156,156,102,199,124,127,142,101,73,136,153,131,68,75,121,90,126,110,113,138,101,112,82,69,80,89,133,99,100,99,110,171,82,94,111,93,113,106,103,148,108,106,103,112,164,82,]
[13,7,8,8,8,10,10,9,11,12,10,10,11,12,12,13,12,11,8,12,15,14,18,16,15,16,8,14,10,12,13,5,11,15,9,11,8,13,11,9,10,19,10,8,12,16,12,11,9,12,8,8,11,12,14,12,8,7,15,9,8,9,11,13,]
[7,10,10,7,9,10,7,9,6,9,9,6,13,8,8,8,9,11,9,8,7,7,8,7,9,9,9,7,13,8,8,7,7,6,10,7,7,12,9,7,10,13,6,6,10,4,9,8,6,6,10,6,6,9,6,6,7,11,9,7,6,10,9,14,]
[102,109,103,124,107,119,89,106,102,106,129,95,69,138,81,75,100,83,103,114,93,48,155,67,113,110,141,115,124,148,75,94,65,87,141,127,116,159,59,68,75,76,119,117,100,132,137,149,109,88,116,107,146,123,92,137,103,86,82,111,120,163,98,112,]
[85,78,121,94,120,114,76,92,94,93,96,139,149,91,97,113,89,117,120,116,85,73,99,90,140,137,142,121,89,125,102,109,80,115,160,154,139,152,82,102,101,71,99,106,150,125,114,87,77,107,137,109,146,104,99,127,92,224,121,91,104,126,117,164,]
[84,108,138,80,101,108,79,71,135,83,76,60,123,109,129,169,81,95,75,79,121,128,116,123,67,97,240,107,143,114,135,87,145,116,100,108,112,156,100,129,107,90,72,134,108,63,104,102,159,88,66,106,181,129,150,104,73,103,123,102,98,68,113,123,]
[103,101,150,70,117,87,54,120,41,95,84,113,130,92,93,69,79,95,124,82,152,122,123,124,105,87,139,120,113,65,128,114,117,130,120,108,128,78,85,125,78,73,163,104,76,86,93,88,88,73,131,133,103,86,122,156,80,111,101,78,90,103,106,165,]
[95,103,121,104,83,84,80,90,136,140,113,138,66,95,102,102,81,91,99,106,133,75,85,65,159,129,100,68,64,100,159,81,90,86,151,97,59,180,77,105,115,69,77,130,76,78,91,89,106,101,85,78,78,78,117,132,75,59,112,107,105,79,116,61,]
[87,71,133,142,105,84,102,110,83,121,113,88,92,112,83,114,128,106,92,140,123,100,134,104,130,54,106,85,124,149,104,99,111,74,103,71,89,116,111,119,106,66,91,83,85,128,93,73,89,93,123,98,115,88,122,112,96,106,144,113,87,72,123,113,]
[110,49,66,124,89,95,120,135,45,82,105,99,84,53,67,101,81,134,104,88,112,87,165,136,118,81,39,72,121,69,126,98,128,104,97,105,122,111,77,64,156,67,71,47,86,151,91,67,99,105,92,71,93,58,136,66,78,144,115,97,89,49,76,103,]
[89,57,100,57,52,72,51,43,105,101,58,69,73,78,34,81,69,52,53,63,65,68,44,54,66,64,73,74,100,66,66,68,109,96,71,49,68,76,54,98,43,65,79,78,76,42,72,43,70,96,85,80,68,61,95,55,79,72,80,94,110,45,83,69,]
[411,431,360,412,778,262,443,313,331,469,504,407,465,444,322,519,434,384,512,357,399,356,381,522,353,411,271,542,314,520,493,357,350,352,475,468,230,434,249,447,467,441,358,465,418,323,374,543,358,545,347,376,357,304,465,337,450,293,343,563,355,553,201,369,]
[78,117,115,112,90,93,79,125,94,86,140,99,65,159,74,96,92,124,92,146,140,117,152,150,124,145,100,147,146,158,134,134,118,96,55,127,76,96,100,99,85,120,105,115,127,128,111,104,99,163,140,160,89,125,112,66,114,90,94,131,135,130,88,88,]
[11,11,13,10,11,11,13,12,10,12,6,11,12,11,12,13,18,11,10,13,9,10,10,11,11,16,12,8,11,12,10,9,15,9,9,12,11,12,8,8,13,10,13,17,7,11,11,7,12,9,8,17,11,10,13,16,8,9,8,14,13,15,13,9,]
[7,9,9,9,10,12,12,9,8,12,11,6,11,8,8,9,5,11,11,10,7,10,10,11,9,7,8,5,7,13,13,10,7,9,8,10,6,10,6,7,10,13,9,7,9,8,4,10,6,8,10,7,9,10,8,6,8,7,13,6,8,8,8,9,]
[93,116,131,106,146,147,128,115,182,157,136,94,111,111,111,107,138,137,121,81,102,147,95,119,131,98,80,142,134,70,73,152,109,107,129,120,112,89,113,102,90,105,123,88,126,64,132,130,103,87,97,149,131,91,99,102,104,105,122,143,119,105,78,125,]
[116,140,120,94,77,93,73,62,89,86,165,107,115,92,142,94,118,139,126,116,92,123,130,90,139,109,111,97,128,93,125,96,97,76,103,128,117,163,127,133,129,100,118,128,72,117,112,81,90,156,80,93,126,113,88,127,99,106,114,82,134,113,81,128,]
[85,89,100,61,135,117,77,140,147,59,175,117,106,90,93,106,110,132,129,152,92,88,67,136,101,57,137,84,109,100,87,110,142,54,110,87,125,97,134,104,103,70,109,92,100,86,126,128,75,71,134,86,126,123,95,97,85,98,57,105,133,81,89,89,]
[119,114,123,108,71,138,69,98,103,93,121,68,105,125,199,145,98,155,67,101,82,117,131,96,120,100,103,129,65,79,157,143,88,97,138,131,166,105,113,109,72,101,126,103,104,86,141,71,142,103,91,141,88,113,180,85,98,110,81,67,141,84,57,125,]
[68,115,86,104,89,111,77,129,122,86,83,95,147,94,146,72,46,113,54,99,150,149,95,145,73,73,111,73,83,75,140,93,84,153,82,111,116,104,121,97,113,107,51,76,91,95,111,71,103,86,79,105,77,99,80,85,62,89,71,170,74,105,101,116,]
[54,103,93,137,72,133,61,117,104,63,85,54,138,101,71,112,73,70,133,62,100,126,67,89,64,98,54,94,63,125,68,114,83,123,157,95,117,68,143,112,108,105,128,77,101,99,100,109,112,84,83,57,84,120,91,103,97,76,174,108,121,94,78,103,]
[88,74,127,123,104,137,144,101,101,96,98,115,142,124,125,143,86,60,81,83,106,143,76,113,87,89,73,71,75,120,129,79,80,62,123,87,126,119,93,73,79,92,60,108,125,113,95,79,137,67,154,101,110,82,65,91,82,108,85,75,88,102,95,124,]
[62,69,94,93,51,70,48,52,61,72,34,71,67,57,76,106,84,72,72,89,57,44,81,65,76,44,84,71,70,86,73,68,56,59,81,57,102,82,77,85,72,95,65,62,47,58,83,74,69,61,84,55,49,93,55,81,53,62,60,67,88,30,55,60,]
[276,277,404,270,378,485,525,355,486,433,326,573,381,512,421,371,336,183,451,460,373,316,588,440,343,313,498,237,619,351,449,567,461,450,490,521,434,635,494,466,452,475,448,497,255,261,361,450,502,291,407,239,345,328,405,382,454,680,425,211,389,268,431,251,]
[127,161,131,137,143,131,127,203,90,59,119,131,111,99,85,115,148,98,125,121,166,119,136,67,123,179,92,150,97,142,76,111,106,79,149,65,48,127,133,102,94,134,119,155,126,86,139,70,181,121,141,147,117,116,117,57,114,121,118,131,171,80,123,90,]
[10,9,9,19,10,11,10,12,8,9,11,12,13,9,10,14,14,4,6,16,9,11,9,17,10,7,10,6,9,12,10,11,14,10,12,9,15,7,9,7,14,14,13,7,10,10,10,11,15,14,13,14,9,16,21,10,10,12,12,11,13,16,7,9,]
[11,9,10,10,15,6,8,8,7,7,8,8,7,10,9,9,6,8,5,8,9,9,6,7,13,4,12,5,9,7,10,9,12,7,11,10,10,8,6,8,10,8,9,5,7,13,6,10,11,9,6,7,8,11,10,8,10,6,10,10,10,10,8,6,]
[105,129,106,118,134,94,87,77,121,163,128,88,97,97,136,121,132,128,92,127,55,121,138,94,139,136,114,120,71,143,109,111,113,101,153,90,142,179,112,146,97,54,100,90,101,149,96,64,79,132,116,73,96,76,126,137,114,106,69,102,122,94,150,83,]
[83,140,77,84,166,118,128,93,116,121,73,80,138,111,107,123,82,132,84,135,75,137,104,98,106,78,73,109,84,101,87,173,134,135,137,106,91,69,89,88,157,110,145,104,138,113,76,89,140,94,118,58,140,117,85,107,131,104,112,83,82,105,62,65,]
[131,97,79,72,117,145,137,127,95,107,72,103,106,115,64,130,90,96,98,74,83,96,114,94,92,75,126,102,135,84,94,94,134,107,157,143,116,124,182,105,109,211,173,118,97,161,88,94,125,111,109,106,108,102,125,61,97,132,129,53,93,119,129,172,]
[72,104,79,143,100,108,54,131,72,108,98,98,75,131,110,101,109,135,116,89,100,155,95,45,156,109,86,81,100,159,68,98,88,136,96,111,53,101,118,82,95,117,102,86,94,91,97,78,73,145,113,83,103,108,110,127,74,68,79,62,83,104,87,108,]
[81,83,116,122,51,129,106,107,143,71,94,108,110,67,90,63,110,103,46,131,81,44,98,108,126,71,92,112,76,116,136,158,96,178,126,120,125,87,71,83,101,73,52,119,126,112,68,82,109,111,89,129,132,101,125,165,82,112,78,80,81,76,79,103,]
[60,73,123,96,113,69,94,129,83,115,72,116,93,124,113,76,132,117,69,85,90,83,55,91,85,61,96,142,105,164,131,124,114,104,125,120,120,104,100,117,100,91,93,110,112,97,94,56,105,88,81,93,73,79,113,99,85,125,79,68,79,84,107,70,]
[112,107,88,101,161,87,116,78,117,75,93,80,92,90,116,92,105,130,94,83,111,107,159,77,79,83,106,68,75,85,101,126,120,122,102,131,77,70,85,132,123,106,79,99,118,123,92,97,99,128,77,82,91,142,80,97,149,120,56,79,115,93,85,121,]
[70,79,67,96,34,52,95,112,102,49,82,56,105,55,38,46,61,69,84,54,47,71,49,55,47,62,75,61,92,81,56,76,85,62,64,75,69,69,109,66,69,63,37,71,120,71,94,83,90,117,59,57,99,84,103,56,74,42,46,92,95,61,100,87,]
[398,508,413,364,320,350,605,409,516,325,606,322,402,482,346,303,412,539,354,431,513,400,266,509,396,377,318,282,375,405,311,282,566,411,405,536,444,606,276,464,344,528,450,390,311,276,424,419,303,404,221,300,439,352,326,378,662,391,307,467,658,425,414,575,]
[74,132,155,81,116,80,142,82,162,169,159,129,126,155,119,146,102,151,103,93,115,68,110,124,132,90,75,121,114,99,143,108,65,116,118,91,132,93,81,137,129,133,118,97,95,86,104,102,91,121,83,94,76,153,117,113,79,115,149,90,112,130,101,78,]
[9,5,12,6,11,10,14,12,8,10,17,16,13,9,11,7,12,12,10,16,9,13,13,11,10,14,15,8,14,13,10,11,16,6,6,13,9,13,12,8,15,7,7,8,8,10,9,10,12,15,11,14,11,11,12,14,13,16,11,13,10,12,13,14,]
[7,5,7,7,10,10,9,13,7,6,6,8,10,11,9,8,6,8,13,8,8,7,8,9,8,11,9,12,10,4,11,7,8,7,6,8,9,8,5,10,7,12,9,9,7,7,7,7,7,9,6,5,8,6,9,10,10,5,8,17,7,10,10,8,]
[76,140,103,80,95,106,128,202,96,137,168,106,122,218,157,126,110,66,151,143,66,93,138,128,69,54,97,110,129,132,95,152,77,105,97,88,104,132,198,91,128,138,115,97,192,106,69,154,118,106,154,95,113,147,87,104,111,107,141,92,61,81,82,125,]
[80,134,143,77,121,92,83,130,123,138,100,112,97,126,108,110,135,141,101,110,90,100,115,69,118,151,109,66,104,106,133,85,132,143,116,94,103,109,119,87,64,77,159,76,82,109,137,115,112,77,71,116,99,50,94,72,145,124,113,109,123,159,75,98,]
[99,78,86,138,81,122,129,122,85,66,64,104,71,103,103,120,84,105,170,98,115,83,90,108,65,137,71,147,135,96,122,65,108,76,118,128,93,88,116,113,104,112,184,88,137,91,121,118,107,106,90,84,101,121,125,82,71,127,106,198,72,106,88,125,]
[84,147,91,88,92,148,65,113,114,103,129,158,107,80,134,105,179,124,116,114,113,81,79,123,111,77,83,81,84,99,116,99,93,170,64,119,66,102,85,84,78,123,132,60,110,95,118,72,128,75,71,102,108,100,120,61,93,96,35,96,72,91,78,119,]
[117,116,93,84,64,133,107,125,83,85,69,102,65,76,120,104,92,120,137,117,97,64,103,83,103,105,99,95,112,116,102,85,93,74,86,77,70,83,152,93,111,128,97,127,121,103,88,120,90,109,83,70,72,78,108,71,119,110,143,156,103,43,98,144,]
[84,88,92,88,124,97,43,128,79,91,125,98,172,93,139,78,94,63,97,84,97,106,126,112,102,88,107,129,111,116,86,60,95,95,82,103,135,133,96,79,75,97,110,123,132,153,102,83,74,104,116,77,92,166,79,75,83,117,84,102,144,106,72,76,]
[67,68,110,78,98,91,58,88,116,79,135,79,115,84,62,75,150,63,120,109,68,87,180,116,95,109,89,81,98,97,72,132,103,124,116,141,83,49,119,107,64,86,89,96,122,128,117,84,119,74,75,114,92,83,136,115,129,104,82,105,114,113,103,81,]
[82,59,69,55,104,76,69,122,56,58,64,102,96,50,81,101,50,122,56,105,55,55,74,77,78,44,54,50,67,55,97,56,100,78,52,81,51,48,55,80,105,70,78,79,76,40,42,50,65,87,66,67,87,73,64,52,75,96,75,38,67,53,67,62,]
[369,487,409,460,206,386,453,294,397,358,252,260,323,629,512,385,314,423,489,341,395,545,424,466,386,392,452,279,352,403,451,409,457,382,304,515,538,598,336,423,515,546,386,425,494,439,556,280,458,399,398,435,329,557,399,486,394,331,600,320,330,393,287,466,]
[140,132,86,103,105,101,112,126,73,89,160,105,118,150,128,107,119,134,104,86,140,104,106,108,77,103,87,142,145,130,156,84,119,80,160,117,122,125,106,80,93,76,107,154,157,90,114,102,100,73,126,66,141,104,134,124,80,72,101,86,109,155,146,90,]
[13,9,7,13,14,14,10,10,15,11,11,16,8,10,7,9,14,16,10,10,6,15,8,8,5,8,10,8,11,12,9,9,19,12,6,11,10,12,10,8,12,15,9,7,11,12,13,10,10,11,14,13,15,13,16,10,11,13,9,15,16,7,12,14,]
[8,6,8,9,9,5,11,9,5,8,5,9,8,7,8,12,12,11,6,12,8,13,10,8,7,10,9,5,8,7,8,11,13,8,5,16,7,8,10,7,10,7,11,10,5,14,6,7,6,7,5,11,7,10,6,9,6,8,6,6,6,8,6,8,]
[185,114,128,102,139,128,81,53,107,123,140,67,125,133,124,102,67,102,65,143,117,131,115,114,104,143,116,142,82,104,127,116,152,123,90,92,124,111,152,106,119,115,103,93,79,104,141,132,119,116,85,78,113,118,91,104,107,111,109,92,111,173,106,119,]
[89,178,71,95,94,139,153,123,100,123,132,79,126,88,125,124,102,139,63,97,98,148,116,88,74,163,155,150,107,150,103,105,108,88,130,63,89,136,62,96,135,82,96,146,140,149,101,82,113,166,109,129,71,118,69,136,124,95,129,126,130,95,106,91,]
[134,109,139,103,124,130,70,136,115,116,115,95,103,116,115,124,132,168,81,146,169,57,92,83,158,76,120,116,103,132,86,106,170,113,74,86,105,122,101,113,98,117,166,100,132,72,168,125,137,131,122,65,113,105,85,87,117,80,148,91,89,126,155,114,]
[92,95,82,71,210,79,118,99,77,112,82,72,108,101,137,55,84,160,127,101,97,108,87,88,74,96,116,151,57,101,134,105,136,69,145,89,121,71,61,104,87,113,84,152,118,103,82,103,74,117,79,90,104,82,95,133,87,82,94,103,86,105,99,97,]
[108,153,106,52,99,136,113,76,130,116,105,126,132,115,110,71,112,133,91,76,120,101,96,97,125,73,88,132,63,157,104,116,150,149,116,81,108,152,77,96,68,93,70,42,121,128,102,108,105,137,110,77,101,82,106,135,114,95,112,154,97,106,91,89,]
[105,109,174,130,81,92,104,123,96,55,119,141,88,113,115,85,67,68,117,82,114,85,92,97,85,101,79,99,96,109,58,88,109,139,96,102,100,77,116,195,101,69,82,114,124,157,64,134,121,89,120,55,60,81,111,119,70,77,67,100,87,107,122,90,]
[110,137,70,128,105,127,70,174,84,92,90,150,92,93,81,119,103,100,186,111,133,95,98,116,78,147,90,66,107,94,119,94,81,93,120,137,82,124,95,157,124,106,88,122,66,74,71,105,90,148,95,77,94,71,93,84,113,156,142,42,63,98,137,64,]
[1,0,0,0,1,0,0,0,1,0,0,1,0,0,0,1,1,0,1,1,0,1,1,1,1,0,0,0,0,0,0,0,1,1,0,1,0,0,0,0,1,1,1,1,0,1,0,1,1,1,1,0,1,1,1,0,1,1,1,1,0,1,0,0,]
]
