This is computation ability:
[
[0,0,0,0,0,0,0,0,0,0,0,0,0,0,0,0,0,0,0,0,0,0,0,0,0,0,0,0,0,0,0,0,0,0,0,0,0,0,0,0,0,0,0,0,0,0,0,0,0,0,0,0,0,0,0,0,0,0,0,0,0,0,0,0,]
[0,0,0,0,0,0,0,0,0,0,0,0,0,0,0,0,0,0,0,0,0,0,0,0,0,0,0,0,0,0,0,0,0,0,0,0,0,0,0,0,0,0,0,0,0,0,0,0,0,0,0,0,0,0,0,0,0,0,0,0,0,0,0,0,]
[143,77,109,2,32,33,28,164,29,47,33,121,31,80,59,9,19,149,13,87,135,22,18,37,198,15,52,182,27,73,26,50,23,11,171,588,72,73,90,97,33,20,210,29,45,31,6,53,113,114,52,59,88,44,40,84,73,21,172,23,109,137,120,24,]
[625,29,165,939,300,1411,313,295,38,253,215,53,49,54,199,945,60,275,132,983,615,1414,162,112,8,728,152,537,35,62,397,1196,35,184,47,337,1471,437,208,44,141,1035,20,146,178,547,356,248,150,364,163,816,157,301,473,242,529,35,124,502,48,8,408,237,]
[65,84,199,187,276,176,73,3,71,22,25,34,29,451,49,172,69,5,59,43,133,5,19,93,61,5,134,107,97,83,23,82,57,182,302,110,35,11,10,110,125,7,274,180,336,115,92,38,41,71,262,240,216,3,161,91,94,32,252,371,57,24,49,1,]
[13,2,7,10,9,17,11,44,11,4,3,9,2,21,2,12,14,2,29,54,2,7,6,6,21,54,4,17,13,6,11,10,10,6,19,11,2,1,1,2,10,3,12,6,38,1,6,4,20,5,1,20,19,17,16,0,9,12,24,23,11,13,7,3,]
[1,21,12,2,18,16,0,3,1,14,14,10,0,6,2,2,10,7,28,29,23,8,15,1,0,11,2,6,2,2,25,14,4,21,3,11,4,14,5,2,3,12,9,2,5,6,14,8,23,5,28,14,4,0,27,1,2,4,7,6,6,23,1,2,]
[41,369,269,12,668,293,351,94,368,143,222,123,67,20,4,166,180,15,292,9,195,79,455,33,204,102,35,41,157,128,16,126,4,68,199,79,89,40,94,1,196,160,154,195,13,17,4,159,84,55,219,89,62,40,113,708,8,17,60,20,363,37,114,33,]
[196,132,178,17,4,38,11,187,221,62,79,107,291,5,53,7,115,100,63,59,21,18,453,112,310,391,430,216,5,103,111,79,281,24,76,261,44,175,130,312,79,76,50,3,264,215,103,159,84,82,235,77,59,144,106,39,450,136,3,0,10,204,132,81,]
[190,191,127,62,139,4,228,97,83,114,61,87,152,283,393,13,274,88,0,10,151,14,30,70,5,291,192,212,34,142,184,2,66,34,110,47,77,98,45,105,165,69,72,14,100,157,110,4,88,564,25,16,99,388,45,76,49,78,81,141,18,95,18,112,]
[305,40,106,107,69,14,483,790,54,269,56,146,28,155,327,161,209,6,301,37,67,72,112,76,163,26,67,140,57,100,8,27,63,88,7,0,95,104,230,294,30,35,75,69,24,126,371,37,88,136,29,140,168,12,144,112,107,63,80,32,19,114,70,70,]
[17,16,132,46,10,274,65,0,78,184,9,70,5,0,112,48,11,47,61,0,50,34,205,20,57,99,110,148,70,31,501,21,121,71,71,57,29,2,191,192,208,70,13,274,179,48,116,37,30,194,63,75,11,68,2,16,116,260,47,157,11,86,171,60,]
[73,68,263,139,243,57,120,4,90,14,20,30,21,112,27,208,151,283,92,54,116,62,324,144,135,43,7,88,1,76,79,172,257,191,4,167,111,73,23,88,146,64,223,49,55,58,75,135,283,167,97,150,108,6,98,12,197,0,3,80,10,105,74,87,]
[25,43,75,29,11,7,95,109,7,16,221,7,75,18,103,0,18,17,205,22,232,24,15,40,2,132,26,0,107,31,62,70,17,291,377,19,99,90,120,23,187,51,160,108,68,90,4,36,69,135,134,85,133,254,56,15,165,69,30,215,48,38,84,65,]
[24,5,36,37,195,142,234,113,299,21,38,16,13,28,192,63,49,30,54,7,23,28,127,27,20,38,39,42,6,2,144,62,36,118,10,16,39,296,1,133,306,42,25,203,119,94,82,117,50,24,71,58,16,8,10,51,41,134,128,304,245,153,31,23,]
[651,15,124,88,177,804,506,539,252,67,1004,126,180,674,471,178,170,15,27,1194,484,724,76,604,25,37,878,219,122,244,127,1276,17,1389,501,294,144,243,128,110,390,531,530,831,2,511,129,702,91,352,640,203,3,1242,120,107,301,960,164,195,501,50,72,83,]
[411,19,155,24,245,158,81,24,56,55,114,159,7,155,51,98,2,53,36,93,51,0,23,149,39,136,65,11,28,117,0,100,69,113,78,68,374,163,23,14,61,29,0,32,26,333,3,27,21,113,120,53,45,83,211,61,109,89,156,46,1,9,195,64,]
[8,3,6,15,8,23,7,14,7,1,11,5,2,24,27,39,40,0,0,21,2,15,3,2,9,6,6,20,15,1,4,88,0,12,22,48,44,20,0,9,8,47,11,3,20,30,1,1,6,0,8,18,9,27,1,7,3,34,18,51,36,4,10,7,]
[2,6,26,13,3,3,0,1,4,3,6,2,4,13,1,3,23,18,5,16,14,4,4,6,1,11,2,36,21,0,1,3,5,16,5,3,0,11,1,4,2,1,3,19,2,8,12,31,0,2,2,3,0,31,11,4,9,3,25,3,4,13,5,7,]
[104,49,34,365,184,11,41,193,233,206,508,214,32,8,122,11,307,222,56,110,37,14,78,233,156,42,6,34,14,14,127,306,231,276,7,141,38,33,135,107,64,63,248,33,198,17,7,235,63,216,53,46,116,141,28,10,33,10,105,75,35,136,182,115,]
[63,53,14,181,50,19,54,161,50,94,188,133,97,61,59,44,27,37,276,9,66,92,171,41,49,72,30,3,19,36,264,76,90,39,195,79,609,9,23,0,38,6,13,50,43,41,18,0,40,73,54,226,289,13,16,48,54,99,22,244,4,13,30,103,]
[116,144,58,27,10,178,35,32,246,90,76,83,201,384,39,190,47,46,42,452,326,148,50,70,71,164,216,106,5,76,320,12,315,28,185,56,236,204,104,41,16,29,637,137,44,84,25,125,210,52,134,189,94,94,34,122,82,235,231,243,28,6,332,9,]
[0,51,10,51,18,69,73,1,60,223,1,44,77,1,25,48,79,65,70,81,238,44,175,81,41,69,148,122,46,6,22,68,49,8,133,54,149,49,9,43,33,212,80,22,14,74,22,50,87,21,13,13,24,278,55,48,112,124,108,212,178,133,13,37,]
[457,107,105,277,337,42,309,116,1,220,3,74,25,10,43,0,140,23,65,274,175,25,46,7,70,58,21,7,16,126,191,72,74,4,20,4,65,19,129,382,19,298,181,10,153,93,48,58,167,123,113,22,297,104,12,45,99,65,31,85,61,23,18,27,]
[122,2,67,294,7,168,174,57,1,175,72,50,9,32,29,6,283,43,16,69,360,118,82,53,132,202,52,177,54,201,13,44,74,32,244,127,15,23,117,73,48,18,71,65,92,67,3,74,52,154,78,82,32,6,344,79,68,27,96,95,14,86,225,31,]
[209,12,22,144,74,205,139,105,26,62,3,11,285,29,58,3,67,60,189,84,63,111,271,139,76,70,18,6,318,19,105,82,37,263,141,214,74,63,455,51,0,245,140,291,111,193,220,13,56,3,185,65,17,253,6,90,76,50,147,43,6,84,59,2,]
[9,62,99,121,81,18,301,20,120,45,1,160,115,61,75,20,90,51,122,13,128,38,39,87,73,126,80,67,80,66,4,37,10,43,255,53,55,241,189,92,70,21,52,20,15,19,28,83,50,92,20,389,101,0,11,47,56,12,14,36,175,119,98,123,]
[44,124,807,539,140,62,53,277,25,353,244,578,5,931,335,416,252,311,61,144,260,445,223,463,444,380,286,170,2,375,299,253,223,251,690,484,130,309,881,457,815,579,1194,213,1495,1159,322,246,847,64,184,425,280,16,95,21,831,301,134,1283,180,55,167,674,]
[45,111,224,145,91,241,43,136,305,102,52,91,214,39,164,39,410,109,46,34,285,297,137,241,272,64,161,174,124,45,228,33,17,13,191,250,102,90,114,113,24,0,24,35,71,262,20,256,52,107,19,403,218,42,60,4,9,94,20,10,155,168,7,277,]
[11,9,5,1,25,8,12,4,11,28,2,0,9,6,1,11,9,5,23,9,4,3,2,5,21,43,17,26,22,5,8,1,0,0,40,48,72,5,6,23,15,62,4,18,24,22,0,9,14,15,22,14,0,29,21,15,22,1,26,12,7,2,3,38,]
[1,1,4,1,8,0,14,2,11,0,1,31,4,58,28,8,0,8,1,0,5,11,10,4,1,3,0,3,29,0,3,7,5,3,7,2,26,3,53,11,3,6,22,7,2,7,25,15,0,2,9,10,6,2,4,12,21,1,7,6,28,17,11,1,]
[19,177,232,0,6,68,45,64,81,47,84,223,8,201,15,191,491,174,17,8,131,260,185,7,95,89,43,87,43,1,36,96,67,101,514,234,103,41,35,162,119,82,99,21,73,33,142,304,9,14,75,173,249,351,163,58,99,27,539,97,57,3,104,70,]
[178,81,73,50,12,36,94,240,221,151,186,182,159,11,187,114,45,17,67,172,17,129,104,44,62,121,2,282,107,112,73,237,54,153,47,236,102,80,203,66,194,58,285,119,7,77,97,10,52,336,84,26,9,378,32,67,22,183,26,2,266,134,41,135,]
[297,159,184,135,18,10,225,17,34,44,66,123,5,71,577,142,71,53,39,131,25,46,37,332,57,51,150,144,109,70,152,92,96,171,22,12,296,113,249,32,39,288,84,80,0,31,33,152,39,24,16,20,106,187,182,0,38,256,26,200,16,139,226,300,]
[47,70,90,21,139,49,116,0,75,175,189,362,256,100,7,23,19,7,8,191,211,43,118,26,21,30,15,23,144,540,23,22,200,70,94,0,157,545,30,78,207,10,49,116,133,214,134,194,95,13,345,90,50,387,58,5,38,106,109,6,77,106,93,356,]
[78,37,42,47,11,74,1,205,15,160,49,513,126,30,342,427,169,90,49,1,108,31,12,7,56,14,164,280,12,74,15,60,40,69,59,91,163,276,77,28,177,1,71,7,199,58,482,56,38,180,85,66,16,78,25,31,151,311,279,145,39,212,10,138,]
[179,125,29,37,40,229,241,15,94,142,14,105,123,1,5,15,108,12,115,35,26,28,56,25,15,40,61,226,51,5,19,168,69,54,65,164,54,157,139,251,30,225,75,0,458,13,167,97,32,38,75,83,24,274,99,71,18,57,29,207,40,35,18,76,]
[14,15,126,36,3,133,76,31,191,14,88,39,29,154,132,230,367,72,59,65,32,97,144,7,46,155,64,7,5,51,72,58,30,15,208,80,18,27,38,301,4,89,55,67,102,160,438,166,20,23,34,72,62,12,118,89,193,93,263,120,282,0,10,41,]
[6,65,42,87,8,61,194,1,51,2,139,656,25,242,13,206,37,70,62,22,0,60,11,39,17,95,37,130,42,32,43,19,86,11,192,168,29,17,5,248,140,177,60,43,28,99,279,137,218,9,77,0,51,169,30,139,90,99,17,8,98,48,232,78,]
[359,1118,613,341,894,252,601,1222,357,306,48,28,330,409,735,1530,1039,125,128,826,362,1110,50,155,844,130,26,793,104,943,1204,488,201,369,215,582,331,42,1174,20,478,696,591,194,320,223,302,825,590,25,501,643,216,89,880,56,167,92,70,3,603,221,203,364,]
[129,73,32,18,53,195,23,192,92,176,2,292,221,12,71,115,26,26,66,114,310,179,127,18,119,26,388,287,64,82,17,82,130,150,197,44,140,60,37,35,88,207,93,37,473,126,55,225,294,535,25,124,62,15,85,12,286,126,214,97,0,3,245,601,]
[4,11,2,7,34,19,2,28,3,5,15,1,1,15,10,0,43,83,1,14,21,36,0,26,26,3,16,0,1,15,8,7,19,3,0,0,5,6,18,18,4,11,9,0,6,15,4,1,6,7,8,11,16,10,1,11,33,2,9,1,26,12,14,11,]
[10,20,9,0,3,8,23,17,9,13,16,2,5,18,4,3,7,1,4,9,7,21,17,5,0,16,1,16,0,38,32,5,0,1,6,0,0,20,5,11,2,1,3,1,0,3,7,27,0,2,1,6,23,9,0,21,5,20,4,1,4,0,6,16,]
[101,151,53,203,141,170,31,91,121,19,9,167,99,65,172,53,91,70,181,10,187,33,9,122,131,119,43,83,181,145,83,123,69,57,312,138,31,251,155,59,50,129,89,447,30,51,351,108,64,256,12,45,35,24,80,49,59,15,82,6,54,28,49,114,]
[546,105,57,31,238,20,118,130,162,141,68,148,27,71,128,211,93,79,26,105,19,72,47,179,46,118,36,45,148,286,55,24,226,32,18,17,46,5,0,275,290,79,34,35,103,63,135,111,31,21,52,173,72,39,4,41,109,23,36,246,115,32,218,30,]
[361,84,74,55,27,12,45,96,399,81,138,17,166,258,109,63,0,100,52,77,14,106,62,198,145,50,94,166,233,335,272,9,313,81,75,50,526,146,5,46,76,11,40,158,382,146,0,154,48,162,25,55,24,14,96,187,42,95,84,22,67,132,1,203,]
[163,5,15,278,95,25,42,45,49,54,58,43,23,33,183,69,194,84,100,9,42,80,18,188,221,50,113,102,54,2,1,163,201,8,192,62,104,37,108,417,56,401,250,59,314,53,1,35,94,63,14,1,3,393,153,290,165,66,51,78,77,11,122,8,]
[94,1,37,102,112,14,140,49,31,29,165,50,61,41,15,60,83,61,441,18,28,2,22,50,131,325,45,81,64,80,53,163,129,41,21,52,6,30,152,7,46,19,66,94,64,3,91,87,195,24,17,34,108,0,559,85,14,11,56,182,104,228,35,17,]
[117,100,92,156,104,23,93,66,124,281,99,66,66,92,278,19,438,40,59,44,72,36,78,212,83,26,12,365,125,64,75,2,9,23,71,12,90,102,68,194,186,64,189,165,114,9,108,44,168,8,61,160,33,11,148,4,231,237,191,3,123,28,49,83,]
[58,26,89,44,46,213,109,110,41,37,2,48,177,223,39,208,454,77,261,344,224,180,115,189,126,36,8,22,32,16,2,112,45,331,209,11,154,228,188,70,5,36,34,209,88,8,37,156,146,39,9,21,58,25,30,10,146,119,12,26,80,194,99,264,]
[185,80,88,57,32,85,20,38,22,14,19,28,64,38,53,164,9,63,18,35,13,129,122,67,16,235,69,26,23,7,51,242,9,29,142,3,43,277,20,18,42,77,149,46,97,48,31,19,100,105,49,6,23,29,168,2,145,237,45,105,17,7,18,13,]
[267,12,1175,245,1241,668,101,1335,0,287,236,1426,131,1073,80,1,1172,133,807,265,90,295,204,482,110,220,117,10,378,43,1201,216,447,74,433,86,869,551,182,494,548,310,111,546,207,470,133,71,96,38,364,506,276,60,70,168,67,3,54,150,126,189,1317,223,]
[523,107,82,59,46,30,548,34,5,72,189,195,47,132,211,550,18,432,3,35,29,176,18,58,346,307,78,12,62,312,277,103,189,197,61,252,98,65,73,121,43,145,15,132,337,90,87,23,244,263,126,71,182,93,17,143,89,76,16,205,221,30,8,369,]
[7,47,0,6,11,4,39,4,1,26,9,10,0,8,1,1,0,40,36,7,6,21,0,5,13,5,0,7,2,3,7,2,2,5,0,15,6,0,11,3,8,2,12,2,5,1,0,16,18,39,8,15,3,40,8,5,22,23,8,11,21,8,0,0,]
[1,4,7,9,31,16,8,0,7,4,4,2,4,5,1,11,6,8,2,26,1,4,15,2,16,28,0,33,8,14,1,9,11,2,0,13,6,7,15,16,17,1,6,10,2,20,37,4,2,16,4,0,6,23,5,8,1,28,5,3,4,4,14,1,]
[268,76,34,23,82,289,87,11,172,100,317,196,117,182,213,12,33,3,285,25,101,125,8,169,75,204,19,315,42,392,120,73,202,116,252,52,175,320,195,23,203,362,89,64,32,51,202,29,1,75,205,21,313,161,128,12,509,84,40,21,146,101,100,76,]
[65,92,25,63,244,35,33,390,95,230,110,71,101,55,14,43,4,35,33,210,352,161,183,74,569,120,46,212,29,469,150,12,136,313,81,99,113,183,16,24,33,174,6,7,221,91,59,109,141,4,79,7,66,188,169,94,53,57,51,20,37,84,45,11,]
[96,151,171,474,74,28,44,39,54,17,52,77,12,34,15,54,75,43,7,5,375,1,335,181,86,159,25,166,4,94,32,352,202,113,74,246,169,46,7,58,229,383,205,41,3,257,275,71,200,130,150,34,157,64,283,173,39,213,149,54,31,12,144,9,]
[9,168,206,353,213,64,45,57,175,30,373,3,366,88,7,36,145,214,29,80,32,9,17,87,0,0,189,21,51,31,28,25,23,91,114,400,260,2,200,176,191,179,122,287,244,12,407,101,71,24,102,38,17,17,135,118,39,314,58,61,23,304,32,70,]
[94,193,68,213,37,28,61,35,241,6,187,470,26,357,70,248,8,62,53,17,15,35,84,99,46,83,181,14,38,118,43,134,96,281,85,191,179,64,19,41,2,269,60,0,55,74,109,2,90,171,27,102,2,8,42,206,199,119,51,73,116,62,21,93,]
[74,467,102,275,0,20,10,125,114,39,38,57,217,222,63,113,22,87,39,64,33,36,191,1,114,32,295,17,162,375,10,7,20,107,4,38,38,27,55,204,53,39,128,107,113,31,70,3,106,32,21,61,24,111,10,5,16,85,0,123,185,136,3,13,]
[96,508,9,120,19,1,398,141,5,7,39,65,13,1,457,393,48,204,14,55,5,174,277,266,97,0,135,19,7,188,3,58,318,208,88,203,19,47,20,253,118,113,297,387,129,186,99,138,52,160,42,153,16,92,86,174,103,11,45,436,53,86,244,111,]
[4,72,77,4,123,170,12,147,158,26,26,49,153,68,96,249,66,118,59,122,69,27,123,70,35,23,87,74,25,107,53,84,149,129,19,152,31,17,7,1,49,6,57,73,56,49,13,88,29,153,106,111,7,76,54,152,22,19,42,6,108,36,329,20,]
[892,149,171,145,583,20,324,85,409,1267,416,39,459,419,154,369,31,267,223,34,56,43,430,1087,561,438,81,32,840,457,135,20,179,494,300,638,611,404,29,141,362,75,26,270,60,471,636,309,549,162,60,200,453,146,647,51,194,56,78,142,516,2388,403,718,]
[85,239,37,227,78,73,153,296,162,103,30,148,52,62,125,31,119,65,52,51,106,80,74,48,189,25,95,34,89,178,208,155,344,86,208,94,142,125,593,22,21,177,22,68,37,32,24,75,158,138,81,82,32,231,28,393,3,60,3,10,289,83,4,95,]
[7,0,24,10,17,13,5,0,39,5,8,8,13,7,5,9,2,13,6,1,1,8,17,0,29,3,33,29,3,8,7,9,1,2,5,18,13,6,1,7,32,19,9,9,9,7,0,2,4,2,11,32,11,8,66,0,14,24,19,9,2,10,8,8,]
[9,4,2,9,5,20,12,3,27,0,4,10,2,8,6,6,1,19,3,14,2,10,11,5,0,9,8,6,0,0,21,13,0,24,1,15,9,4,7,1,2,1,0,6,2,1,15,2,2,16,8,0,1,1,10,33,19,1,15,2,19,1,0,22,]
[130,488,58,22,28,148,91,21,140,77,74,51,13,47,2,32,21,31,46,97,88,85,142,5,3,29,67,192,40,15,26,239,41,3,237,50,120,37,128,7,82,32,56,157,190,17,9,27,53,78,122,19,77,404,2,3,185,111,43,117,34,22,220,133,]
[66,41,134,208,24,186,23,38,25,8,1,11,75,113,13,166,150,220,19,37,65,95,193,120,180,81,112,18,97,39,21,5,4,54,72,3,73,25,40,72,287,30,91,138,16,9,32,37,68,63,7,265,58,12,444,62,140,158,117,8,60,77,10,127,]
[209,653,148,347,4,37,18,156,51,16,3,198,143,196,57,59,4,36,336,1,275,280,9,154,567,56,88,5,51,96,235,43,12,58,11,150,162,149,99,29,145,12,20,159,330,0,382,47,117,36,85,131,9,16,247,138,96,206,118,125,93,115,8,162,]
[6,20,74,73,185,50,7,20,2,3,20,80,8,3,12,7,29,17,259,43,238,23,39,3,115,57,10,433,18,72,21,60,356,86,47,206,117,197,186,19,113,89,96,141,190,68,80,40,5,39,329,120,331,394,190,226,58,290,21,58,2,1,79,41,]
[127,174,20,47,44,22,3,4,18,42,109,4,117,31,31,16,27,31,55,386,110,120,60,79,15,40,91,6,20,129,51,26,209,38,46,76,6,164,233,78,94,10,22,98,88,4,2,45,17,256,281,7,13,3,81,89,165,196,137,32,112,0,19,289,]
[75,40,45,78,51,103,105,15,57,79,262,51,15,218,7,108,68,15,220,50,267,6,78,125,38,94,81,210,459,24,32,84,1,294,96,73,108,118,147,51,0,141,267,167,199,58,36,104,118,8,37,301,19,10,52,43,50,14,8,201,15,47,10,8,]
[59,14,7,11,7,241,207,83,58,37,29,28,109,11,15,181,1,19,82,258,2,79,54,82,41,218,34,3,48,51,0,10,160,74,6,169,91,21,222,92,50,52,43,8,11,117,55,24,54,52,107,131,146,29,269,221,16,104,82,50,161,73,0,154,]
[2,74,14,100,21,111,34,43,176,21,20,58,31,252,97,116,77,92,37,48,37,24,13,37,1,57,251,31,36,26,51,22,54,114,31,117,42,73,31,19,66,48,1,10,113,60,34,12,7,14,10,74,50,1,28,74,36,98,204,48,17,0,76,9,]
[360,227,391,170,287,957,1043,626,793,58,36,240,681,1168,140,35,298,153,53,821,61,59,440,165,834,275,164,527,208,213,360,868,771,616,332,198,401,348,92,505,341,157,271,69,1212,13,253,68,828,987,304,214,6,129,315,38,394,240,581,135,387,309,480,918,]
[93,213,10,179,139,455,95,25,59,34,39,6,43,164,51,42,81,14,6,190,57,17,21,370,59,99,251,126,48,14,3,16,171,148,21,140,42,84,226,108,106,15,12,68,164,141,225,189,28,45,57,336,125,22,113,116,188,553,225,29,149,61,252,55,]
[43,11,15,3,22,58,13,2,24,7,8,3,16,14,10,21,13,14,7,6,1,15,0,15,16,31,2,15,5,7,9,5,2,16,4,3,1,2,9,0,7,17,0,3,0,2,9,14,2,12,11,1,2,4,25,5,17,32,14,0,1,12,19,1,]
[0,3,5,15,2,2,7,10,5,9,1,1,4,1,1,1,2,11,14,8,16,18,26,11,7,2,6,4,9,25,19,10,10,0,2,9,12,3,2,13,1,9,1,0,17,2,9,9,3,20,31,2,14,0,3,13,17,2,10,4,14,6,5,2,]
[5,588,242,55,80,32,121,3,30,49,1,17,358,252,87,17,191,35,137,76,159,196,86,236,119,30,238,7,52,94,50,287,57,95,39,38,66,40,82,87,37,183,80,25,131,61,86,354,125,151,78,50,182,194,20,58,438,82,46,124,41,33,9,163,]
[57,55,28,238,36,152,254,42,96,69,126,24,49,189,292,99,245,2,187,62,135,33,115,43,0,169,30,116,59,183,141,72,278,89,82,74,261,2,319,114,171,10,29,44,4,155,346,70,115,0,0,65,76,181,156,41,5,231,103,59,297,251,38,299,]
[24,63,3,192,97,51,83,57,359,39,24,294,25,103,140,73,48,138,31,168,241,78,105,47,412,52,10,97,51,245,227,294,345,22,51,170,206,81,41,9,79,84,36,17,23,46,174,79,41,61,40,155,51,37,148,238,36,93,49,22,33,69,126,138,]
[400,12,54,12,119,68,282,29,111,246,13,30,216,98,77,74,354,65,9,59,410,203,140,145,231,2,144,112,60,326,200,48,61,154,111,48,101,108,9,68,87,67,21,211,155,111,44,28,32,71,25,8,220,40,247,80,68,6,40,26,7,22,19,252,]
[95,24,38,54,153,8,188,12,16,7,9,102,204,110,119,128,14,56,40,165,18,24,131,31,42,239,290,6,39,13,428,5,17,266,58,315,70,117,39,201,254,18,268,34,165,20,12,222,12,26,221,4,55,261,134,49,26,56,80,5,50,329,164,155,]
[96,174,9,31,162,24,307,87,46,62,108,152,108,117,14,135,178,37,9,4,186,40,8,188,32,115,0,63,56,5,19,75,7,3,200,68,461,86,0,42,228,132,62,15,8,144,60,32,65,119,203,80,60,94,15,91,41,17,1,29,617,109,123,101,]
[88,182,185,127,174,86,56,300,81,51,14,101,106,143,65,90,214,24,42,45,139,0,66,60,101,3,84,227,179,239,58,134,33,188,17,22,89,784,63,82,152,106,130,52,25,145,144,270,46,16,11,77,142,75,247,39,47,211,18,135,48,88,17,73,]
[197,60,36,115,3,106,24,20,59,41,53,28,55,85,62,36,89,105,60,6,62,75,32,32,54,254,0,95,30,46,53,6,27,24,240,38,287,11,21,166,42,58,115,244,109,84,51,79,30,109,21,15,44,37,40,37,82,48,114,146,133,37,13,170,]
[186,53,92,186,273,997,51,258,563,881,174,381,255,429,11,76,367,450,429,453,109,70,672,79,598,250,224,408,208,41,34,988,752,29,263,10,97,205,808,53,38,27,176,227,658,145,95,220,164,486,776,278,539,742,513,983,235,128,85,264,206,498,183,51,]
[91,337,21,494,113,168,143,76,213,52,192,48,86,103,424,28,109,52,4,88,291,156,131,144,59,45,11,170,125,131,131,38,69,6,164,42,253,62,64,2,29,222,16,323,124,5,53,92,29,460,8,194,22,125,178,41,535,36,99,152,72,7,65,45,]
[14,27,6,5,1,4,28,27,8,0,10,11,13,3,2,0,1,45,5,17,7,3,20,3,15,30,7,19,7,8,0,12,1,23,13,2,27,12,9,8,5,33,4,8,0,5,11,14,67,0,1,43,7,12,0,14,0,10,0,0,41,6,5,7,]
[19,6,2,8,6,1,0,18,18,0,19,6,1,9,0,9,2,21,11,12,19,11,16,2,6,11,0,9,28,35,2,1,8,8,5,13,1,6,15,10,1,2,3,6,3,1,7,3,0,0,12,10,0,10,10,4,2,4,10,2,1,9,8,0,]
[543,73,78,208,56,57,19,100,4,116,40,121,48,59,40,197,138,127,59,128,233,65,145,6,95,31,35,7,22,26,140,3,175,53,95,58,108,48,263,58,199,15,84,85,9,90,71,73,8,20,5,260,110,72,260,90,54,80,88,182,51,3,221,31,]
[12,177,55,32,44,53,39,74,34,122,8,216,36,17,44,207,43,54,61,196,66,21,73,217,33,574,100,10,87,144,133,82,55,49,239,12,76,51,6,135,129,73,16,111,273,26,309,154,72,34,185,89,167,44,68,170,8,50,76,45,318,207,65,60,]
[5,0,153,13,219,334,339,184,122,105,165,43,71,123,283,53,156,155,86,12,93,46,117,51,55,89,60,5,63,30,49,149,13,34,79,30,89,14,49,274,49,4,342,41,98,71,340,165,266,16,146,37,43,273,169,60,99,27,139,101,2,208,84,51,]
[212,36,26,17,148,39,127,479,116,123,111,9,50,54,10,71,119,42,94,47,79,9,41,15,25,20,39,13,84,348,27,16,94,7,109,26,124,111,579,22,56,318,12,120,36,23,92,52,23,101,8,134,0,99,160,85,11,121,257,88,39,3,119,31,]
[29,26,213,223,47,8,16,32,219,193,139,70,27,356,475,93,128,73,72,131,6,17,31,64,135,30,138,229,144,96,42,114,15,124,65,514,58,130,183,166,208,403,87,110,51,348,198,70,9,169,90,609,94,21,33,113,86,13,101,21,19,97,97,24,]
[5,8,77,79,14,377,34,240,24,148,42,126,138,48,44,358,157,28,46,238,57,143,188,48,4,146,123,139,41,139,48,57,21,54,37,35,53,7,116,11,244,16,68,269,7,80,185,316,68,1,14,72,118,112,6,180,50,93,114,84,39,151,119,269,]
[125,171,4,31,22,51,97,129,32,59,0,3,190,246,9,304,17,128,23,14,262,214,67,67,174,218,308,189,34,29,220,58,62,24,198,50,122,164,29,28,2,108,48,64,47,17,150,81,79,209,31,105,57,57,58,148,96,43,90,231,86,276,102,108,]
[14,21,1,66,34,161,37,31,98,172,185,136,301,13,50,42,69,17,33,78,6,89,16,67,1,110,151,102,30,128,86,76,69,55,28,8,108,99,0,29,195,30,42,167,11,186,68,53,78,55,31,132,14,45,14,46,196,110,311,13,82,48,100,69,]
[1219,483,1073,220,168,111,138,330,372,161,646,96,283,287,402,18,281,253,437,381,50,319,606,353,407,16,15,318,470,473,479,138,372,935,675,133,424,815,495,290,133,1861,513,1419,218,1834,489,362,289,626,37,702,290,228,408,2,91,356,147,498,56,507,396,194,]
[123,121,25,23,226,25,105,40,54,118,125,144,62,241,82,109,140,125,25,97,290,290,127,189,105,264,60,28,134,42,129,225,234,86,90,0,112,13,203,78,176,264,107,23,86,39,111,39,37,16,116,201,119,86,14,71,3,32,7,325,64,322,264,38,]
[11,8,13,1,18,8,0,14,5,19,14,67,2,17,1,18,9,55,12,12,4,16,4,7,8,10,5,46,1,2,4,4,3,30,7,13,29,2,18,12,8,34,2,13,20,10,7,32,1,0,8,12,2,1,19,17,1,43,13,21,4,5,15,50,]
[0,18,0,11,23,11,13,5,5,1,0,3,12,9,0,8,0,0,19,9,4,1,12,5,19,10,43,7,20,0,11,49,11,1,16,1,0,6,7,5,0,26,4,2,4,6,8,2,16,26,6,8,13,0,8,6,5,3,0,12,5,0,21,0,]
[130,29,162,49,10,13,0,15,234,22,55,172,82,19,49,115,106,9,161,0,138,186,260,333,16,39,169,96,29,29,254,159,438,19,38,176,117,117,125,107,7,58,29,22,48,194,53,82,26,140,104,97,36,2,88,9,28,71,26,48,104,40,33,149,]
[105,26,231,88,141,89,396,105,76,406,241,29,1,2,4,336,385,30,263,199,109,24,38,0,42,33,4,40,27,56,20,117,261,63,33,74,84,15,24,32,0,60,219,43,80,93,134,27,176,44,63,4,17,9,146,79,44,627,138,29,124,170,2,64,]
[88,489,379,150,17,24,44,52,1,60,269,117,40,87,230,33,420,265,39,10,20,107,70,270,143,203,43,103,154,14,19,14,80,20,81,46,201,0,21,64,2,47,15,45,65,201,253,64,63,187,188,63,134,13,25,90,51,23,310,256,1,67,74,300,]
[17,52,306,67,72,64,20,532,229,53,3,32,57,150,140,41,105,88,12,2,30,2,85,46,60,87,33,161,56,66,117,40,163,86,169,36,38,12,85,168,75,19,165,9,13,38,44,185,44,37,30,42,84,5,265,14,44,220,139,36,54,257,32,102,]
[297,134,81,79,128,102,144,14,233,37,18,20,9,18,183,87,87,312,72,76,223,2,80,17,26,43,34,8,165,88,5,116,365,25,71,161,83,300,171,418,9,603,244,227,79,526,55,73,11,30,3,92,71,114,134,114,50,0,34,22,112,104,374,121,]
[132,129,45,217,95,5,27,179,95,76,59,48,87,70,3,107,85,132,29,71,26,23,64,58,305,67,81,449,139,223,121,8,143,42,95,49,63,257,292,61,353,160,254,248,2,511,19,127,263,284,61,13,88,6,152,59,130,25,81,326,101,30,35,38,]
[186,182,32,2,38,97,29,34,66,17,31,136,40,132,91,68,20,77,142,1,114,15,220,307,118,25,49,61,41,265,611,72,27,97,36,33,172,68,98,93,59,114,96,35,122,25,24,53,144,44,63,2,20,5,97,48,40,136,13,10,48,111,37,42,]
[86,177,47,86,111,27,100,52,146,2,120,28,18,19,106,35,12,98,22,46,43,94,223,16,28,126,99,32,41,31,23,5,66,73,135,204,129,17,85,117,9,169,28,36,212,38,69,143,77,81,229,120,36,47,1,9,62,15,18,67,257,72,32,12,]
[269,13,17,138,26,27,55,793,238,1303,120,357,1248,164,167,263,179,307,279,635,1147,18,87,134,72,204,966,240,95,1227,1332,491,515,520,1018,105,308,408,679,30,322,65,103,526,55,498,8,734,326,580,340,331,217,1348,349,568,1324,287,701,339,539,49,41,565,]
[86,96,139,314,161,32,229,47,113,54,311,10,9,88,120,23,20,129,57,55,262,55,129,121,6,25,3,277,97,102,19,31,12,22,87,179,8,3,193,14,472,23,210,82,308,558,32,82,168,2,143,105,137,203,30,7,123,21,149,30,69,2,47,166,]
[0,2,13,7,24,9,14,5,0,12,19,0,9,2,10,2,4,55,24,20,2,3,5,7,12,6,3,57,18,0,0,3,8,10,2,5,3,0,0,63,11,0,16,0,3,7,8,25,1,8,31,1,27,5,0,1,13,4,1,24,1,0,19,35,]
[1,5,4,10,0,2,66,11,2,4,2,6,13,1,17,9,1,4,10,18,3,19,23,8,3,4,20,17,6,1,3,10,5,1,44,11,8,17,30,2,2,10,1,6,9,0,9,1,8,13,3,17,4,8,3,2,8,12,6,1,26,1,9,9,]
[90,16,401,137,5,157,270,31,225,318,178,46,211,6,117,9,73,195,27,78,146,58,108,65,43,48,145,263,141,26,307,244,331,47,13,25,145,78,207,41,64,90,77,21,172,246,27,204,76,58,58,66,362,56,15,68,33,146,16,58,54,158,333,29,]
[29,109,197,25,18,105,29,47,176,24,155,514,301,165,17,30,40,54,159,295,357,236,316,213,13,76,26,4,55,70,134,187,0,14,197,146,48,73,31,24,58,63,56,220,64,550,69,21,56,5,385,9,6,58,59,340,49,96,101,70,4,100,218,201,]
[257,87,60,107,142,6,113,45,6,35,299,164,35,340,129,6,4,141,10,12,135,123,103,119,43,59,290,80,58,28,89,371,245,125,26,286,357,220,111,159,66,107,145,99,46,41,0,141,96,38,47,153,12,52,204,254,118,298,493,57,56,36,135,255,]
[93,282,67,41,75,48,240,80,72,78,90,76,41,124,95,123,4,139,11,64,10,38,38,74,149,96,36,6,334,40,92,57,6,10,158,80,131,195,269,36,91,191,15,145,50,59,8,3,6,49,20,185,60,41,24,49,157,31,129,17,104,73,15,2,]
[141,126,33,57,66,3,68,184,157,225,82,14,34,48,200,18,43,18,149,49,296,79,19,54,13,308,201,68,13,497,24,33,4,198,17,4,58,53,160,26,237,69,68,253,77,40,114,31,26,214,138,81,32,58,28,90,235,114,155,764,59,41,8,37,]
[221,59,85,38,17,8,19,50,63,30,270,51,150,12,84,95,45,164,167,16,134,20,197,16,19,93,13,139,197,183,51,14,69,97,119,206,138,23,13,45,121,362,41,8,165,131,0,156,79,85,45,37,59,49,3,64,426,107,10,18,118,138,117,47,]
[126,37,337,9,37,69,43,228,63,83,119,49,4,76,45,196,39,163,158,318,419,47,57,79,39,37,80,15,4,31,22,45,48,77,152,105,6,32,18,9,8,30,72,94,197,85,105,85,20,40,37,122,51,75,10,595,92,116,187,27,227,230,163,70,]
[92,57,50,73,42,8,49,26,12,7,0,248,52,175,57,168,92,2,28,47,31,3,25,1,26,19,73,133,80,82,17,121,95,23,11,19,66,176,13,12,178,135,147,257,8,2,17,101,39,9,74,57,62,82,0,40,13,59,75,26,68,112,56,58,]
[178,42,52,368,1026,172,1008,850,162,1056,369,102,300,221,970,959,228,252,55,247,10,59,196,1192,652,108,1062,11,74,789,85,424,765,675,1483,56,253,135,22,402,147,415,552,73,86,372,553,79,235,1093,215,796,685,263,669,959,333,642,578,195,42,556,129,693,]
[11,21,25,44,282,576,60,79,246,192,83,57,57,95,143,56,145,178,62,83,2,174,9,21,266,481,78,48,72,1,207,224,18,65,60,88,10,327,54,148,16,234,21,512,359,81,80,58,100,70,36,179,45,8,17,331,27,43,117,281,5,393,110,44,]
[4,29,3,8,2,1,13,21,1,7,0,23,20,25,29,3,18,1,15,5,5,6,5,11,7,12,6,1,0,28,0,4,2,1,9,5,3,26,0,4,17,11,2,22,20,9,38,1,3,17,31,0,1,10,8,19,21,16,5,6,52,23,0,4,]
[0,19,7,35,6,5,6,30,6,7,3,1,1,1,5,0,7,1,5,15,2,1,9,2,27,0,19,8,16,0,8,1,2,16,0,5,13,1,3,6,6,5,15,1,6,6,2,8,36,1,10,0,14,1,1,9,4,14,17,3,2,28,11,16,]
[29,93,64,32,312,42,74,103,38,63,260,2,88,498,125,284,76,119,97,117,27,77,58,9,259,0,978,371,144,125,165,90,320,421,71,279,203,68,45,65,58,67,100,216,316,189,60,423,14,52,87,8,209,1,8,85,29,52,69,4,14,62,99,610,]
[84,33,41,42,37,22,354,101,71,39,65,10,53,82,113,920,127,280,9,80,151,408,0,175,157,54,14,175,84,354,28,172,242,234,30,129,16,76,484,104,94,25,8,7,134,239,155,411,27,31,83,27,143,64,113,439,184,4,40,51,11,11,19,13,]
[72,154,193,24,20,53,5,93,28,66,218,89,454,207,20,71,463,201,52,27,46,22,247,52,0,20,9,176,6,13,78,366,84,32,27,5,22,26,56,224,598,6,115,12,7,42,58,198,40,105,95,155,173,4,66,55,207,31,268,10,158,282,17,41,]
[21,199,101,24,108,5,15,16,24,246,19,380,33,50,89,524,13,164,109,176,37,30,197,29,21,75,63,169,209,292,130,64,4,75,56,19,46,65,11,172,3,15,203,69,161,34,71,26,13,294,51,10,152,121,94,41,150,29,39,35,98,37,1,2,]
[1,164,1,9,197,81,260,122,29,11,212,49,146,209,125,712,136,95,47,145,35,50,189,23,93,13,51,4,26,80,74,24,32,42,165,41,1,17,61,86,191,22,43,36,170,86,358,121,40,174,13,90,34,387,79,49,20,223,45,546,72,22,44,540,]
[350,8,51,9,255,55,19,110,5,34,12,7,101,22,23,77,184,77,126,417,11,179,715,11,7,43,41,90,103,51,207,416,8,289,127,37,100,101,234,61,15,28,38,35,25,43,73,495,11,433,20,123,66,81,114,0,0,11,104,609,44,49,21,60,]
[198,50,129,241,97,142,23,100,292,202,10,73,37,301,38,151,196,9,91,58,59,40,295,111,132,151,136,84,142,104,131,194,89,61,7,36,77,35,44,54,130,173,226,116,13,4,132,161,133,14,79,39,105,33,172,83,17,13,10,221,31,128,360,172,]
[38,113,72,4,59,35,41,57,51,91,99,186,14,97,7,21,89,104,31,65,64,44,22,67,33,33,40,67,100,31,48,3,27,58,84,20,168,98,6,17,49,20,139,0,100,61,30,1,34,69,2,24,60,201,128,95,5,4,63,23,35,31,5,78,]
[988,423,536,1665,254,12,438,1476,47,374,11,122,1804,156,409,178,112,397,398,46,1095,137,545,1248,199,305,1674,1524,77,24,121,1128,9,675,358,297,150,726,658,74,31,11,169,150,10,400,58,1153,261,166,857,72,426,605,385,778,389,29,515,372,621,199,1269,485,]
[587,85,6,10,346,103,70,13,7,0,14,34,114,14,111,58,105,0,164,260,177,45,173,45,202,7,115,91,46,160,2,37,279,127,111,139,47,79,6,55,16,76,58,176,363,29,20,46,16,399,149,118,351,142,35,60,127,19,58,11,60,142,14,162,]
[0,11,11,6,0,17,2,14,7,39,9,25,4,23,3,14,2,3,3,28,25,2,4,1,22,2,8,1,4,0,18,2,0,35,32,30,57,29,13,1,3,3,3,15,2,0,29,7,3,52,6,22,1,11,1,14,6,2,0,10,0,4,29,6,]
[3,2,16,1,18,0,2,6,0,19,11,17,3,1,7,14,7,6,8,8,9,2,3,26,7,10,12,8,0,5,36,4,1,19,2,1,24,6,3,11,15,4,18,13,7,13,5,4,14,13,14,5,10,2,1,6,11,0,10,11,12,3,0,5,]
[14,67,86,113,12,16,11,25,23,103,105,206,240,49,243,85,39,0,273,47,93,76,73,65,37,20,206,183,152,22,3,1,61,87,23,55,66,104,79,35,25,66,352,77,11,15,46,9,105,14,216,78,317,36,96,205,39,53,507,586,123,102,92,282,]
[247,85,48,17,45,153,145,8,4,83,201,2,105,86,220,52,38,49,95,41,2,145,4,21,132,140,102,33,76,16,36,79,44,63,54,142,78,10,195,92,102,258,39,4,65,245,444,59,15,120,107,35,189,0,157,79,13,52,75,83,200,122,88,80,]
[241,33,191,97,35,65,128,139,230,350,8,65,195,249,149,179,142,340,13,50,2,40,41,21,320,117,44,72,155,201,175,205,201,50,195,41,33,117,49,16,87,151,27,110,11,160,53,0,2,8,171,101,69,22,163,38,38,2,70,20,106,48,14,40,]
[226,141,32,62,237,38,2,210,1,13,3,100,20,82,86,45,44,116,156,266,87,150,179,5,13,88,100,818,134,12,234,14,368,169,12,370,33,81,20,85,38,118,198,61,19,51,78,122,9,102,33,192,324,129,57,94,91,5,8,118,105,63,58,0,]
[341,108,178,69,78,2,43,209,26,9,30,48,55,89,95,38,54,99,124,509,2,133,142,98,104,159,172,311,243,0,134,138,12,55,97,16,208,177,625,54,18,279,27,210,96,23,127,29,50,25,304,17,120,84,102,163,23,148,63,363,67,28,34,57,]
[142,111,88,156,76,53,40,24,70,148,21,9,206,6,179,9,86,61,205,148,274,321,2,57,119,37,105,9,19,206,121,98,165,76,12,225,2,82,31,92,15,40,138,6,169,119,29,26,29,109,182,17,122,253,86,68,5,41,105,209,199,1,62,104,]
[14,105,51,34,562,177,0,78,60,2,250,26,46,28,307,110,110,19,34,275,122,176,193,35,49,1,85,71,12,48,116,74,104,137,81,5,295,13,15,38,491,35,3,133,118,46,29,22,106,72,263,126,26,49,5,15,6,1,268,124,18,40,35,10,]
[57,162,0,80,10,115,315,20,88,3,17,36,133,57,31,24,1,44,2,82,66,7,154,244,54,3,6,37,8,29,172,10,18,172,22,2,54,98,11,28,194,28,32,43,15,117,158,8,87,44,9,36,19,225,60,28,32,132,13,135,5,98,134,65,]
[911,918,461,838,350,23,203,348,2390,123,218,89,226,18,265,1782,552,106,406,85,103,51,104,161,62,478,24,518,268,279,303,18,499,43,93,534,89,85,25,43,21,3,7,263,933,603,192,724,177,41,327,159,280,501,1279,144,100,983,179,71,291,183,60,887,]
[40,189,53,56,155,40,252,26,78,16,224,200,11,125,8,58,134,32,2,42,244,468,12,132,64,18,24,275,31,5,11,8,6,2,172,197,45,270,188,11,10,124,127,38,108,124,16,215,34,310,289,45,3,123,11,264,273,44,302,198,31,135,93,31,]
[4,7,6,4,10,29,7,24,2,1,1,7,17,3,19,3,7,0,2,0,2,3,6,19,20,1,18,4,6,6,7,10,0,8,3,2,2,6,21,4,15,11,33,7,10,4,0,9,9,21,4,1,15,19,3,0,2,5,1,10,4,29,19,4,]
[9,2,11,7,34,9,2,33,48,0,13,7,8,13,8,1,42,38,4,30,3,12,4,5,0,7,8,3,1,3,4,7,30,4,0,1,6,0,5,3,21,19,17,1,17,2,0,13,9,7,6,0,11,3,11,2,6,11,2,4,7,1,0,2,]
[472,111,9,30,67,343,284,156,43,11,196,69,345,203,107,143,197,53,11,211,31,188,18,31,152,649,132,162,2,76,133,58,267,277,251,122,7,6,123,82,60,151,22,180,15,15,5,117,25,26,254,51,89,204,230,118,107,145,222,147,157,4,1,48,]
[247,8,311,312,58,59,20,67,92,292,50,66,74,134,14,117,300,31,3,187,9,410,34,2,301,59,44,51,113,183,60,7,20,128,0,7,59,150,214,364,19,130,9,23,77,421,45,12,45,38,10,36,26,13,20,21,36,506,562,162,16,57,55,98,]
[44,36,22,379,158,14,20,21,209,192,227,132,25,511,152,360,121,136,74,3,16,75,5,118,436,153,122,69,359,115,58,329,132,202,25,247,168,295,123,22,645,28,367,21,21,28,259,4,54,15,100,46,205,135,37,117,168,255,29,382,330,112,48,93,]
[14,71,93,4,174,0,50,22,120,96,83,105,49,27,161,25,127,5,10,125,119,68,119,176,212,102,82,71,41,212,20,58,56,303,8,106,113,1,186,88,35,88,15,343,28,45,209,24,168,164,100,342,15,153,268,63,30,61,16,207,43,35,123,217,]
[53,36,147,3,65,182,100,133,38,189,2,110,77,39,121,45,94,20,166,77,101,24,173,139,176,0,200,342,12,23,87,104,8,96,24,165,116,37,112,14,272,47,140,21,88,89,43,2,108,21,168,37,72,3,8,43,333,125,261,59,81,6,120,281,]
[69,31,32,85,30,75,99,24,89,86,97,276,92,11,692,2,14,70,88,128,65,155,70,4,70,12,77,12,34,171,154,216,181,112,156,23,49,105,0,88,62,138,11,9,43,134,231,11,175,235,24,1,28,53,75,30,60,36,110,191,78,3,52,206,]
[79,245,63,159,155,65,89,127,142,20,5,51,14,152,112,48,13,167,13,33,220,4,6,11,645,308,84,18,297,27,15,1,293,101,3,103,282,50,25,53,7,37,209,20,117,69,104,695,107,58,238,7,5,58,435,23,181,96,63,19,89,255,82,128,]
[151,25,13,97,13,95,56,167,29,30,164,48,53,143,16,7,61,4,4,227,5,86,71,77,0,66,21,35,7,4,21,37,3,37,91,20,25,9,24,15,169,22,26,129,28,71,225,0,38,29,179,24,55,83,32,27,23,70,101,39,49,0,70,1,]
[1715,2388,797,684,150,580,408,150,164,666,102,240,9,123,89,252,141,404,377,25,523,28,134,136,677,6,485,79,15,209,219,996,124,139,249,531,6,326,467,498,724,31,783,396,1002,280,803,439,292,7,196,178,44,106,165,309,1534,173,474,464,10,405,694,653,]
[139,38,157,3,31,104,29,143,27,109,20,32,55,23,440,9,48,7,106,91,52,72,193,134,253,30,472,58,110,25,148,46,268,26,11,165,143,409,0,252,227,230,91,15,27,109,111,115,1,8,23,180,29,148,230,1,87,150,17,301,10,10,22,20,]
[13,0,9,24,1,4,1,8,9,1,0,5,1,7,5,1,22,5,1,7,11,3,0,9,2,8,7,6,0,4,9,1,0,3,12,0,13,17,5,3,1,14,4,5,28,4,4,7,0,4,6,10,25,30,20,16,1,1,40,1,59,3,2,12,]
[1,1,30,5,1,18,2,4,11,13,13,3,6,1,3,4,5,1,2,7,1,1,2,32,3,1,0,9,3,1,5,31,0,0,2,11,17,8,9,0,3,40,0,12,3,1,10,20,13,1,5,1,7,3,0,0,0,1,18,13,13,7,4,1,]
[7,26,49,4,95,2,35,106,89,252,65,56,36,42,121,206,15,60,369,459,3,142,140,23,105,50,127,248,147,4,107,300,70,544,16,37,219,10,147,113,62,71,5,92,167,202,153,13,203,89,31,108,31,157,26,340,7,44,77,296,449,93,8,222,]
[83,30,14,15,109,73,198,45,30,54,4,216,7,455,146,32,175,36,579,46,7,43,140,269,188,115,48,56,71,100,148,25,178,116,68,29,0,125,99,133,35,33,20,46,74,10,309,239,52,121,91,28,10,321,308,28,103,89,130,83,82,66,58,206,]
[24,37,93,14,109,5,107,20,10,259,3,4,10,40,170,40,57,92,56,70,76,79,70,174,16,103,142,90,12,56,84,43,87,5,39,23,33,33,9,81,0,29,307,146,29,35,172,316,0,46,66,249,45,409,80,31,260,19,24,0,57,6,84,146,]
[8,55,67,253,32,50,360,81,236,13,154,156,21,201,81,72,68,34,116,120,15,202,86,24,33,3,193,175,87,93,252,91,5,69,558,353,90,158,62,139,12,9,10,150,10,117,160,153,191,32,66,66,74,80,25,172,66,37,62,5,39,22,357,167,]
[123,44,320,65,79,25,97,171,0,64,60,34,246,6,71,31,39,92,64,117,131,91,25,35,4,316,37,29,151,110,67,103,10,57,289,60,80,42,104,26,43,99,51,382,14,153,185,43,32,7,92,82,61,718,43,6,36,0,442,237,171,32,90,29,]
[86,9,39,227,104,5,153,78,127,145,32,32,41,3,89,24,52,6,154,28,39,26,69,364,60,36,33,212,118,66,29,15,59,241,39,70,183,236,219,88,19,38,16,51,104,26,64,90,32,148,232,163,116,95,88,90,10,10,242,99,165,25,270,462,]
[55,28,56,14,213,46,30,102,186,332,97,66,26,436,36,18,118,1,215,51,22,42,73,70,100,62,17,86,115,11,206,150,33,133,195,233,153,4,35,33,18,65,105,48,35,189,53,185,207,58,53,178,163,1,59,76,54,100,227,27,51,125,93,73,]
[107,23,35,63,261,19,11,109,44,25,42,94,11,42,7,26,6,92,45,74,106,22,118,151,44,25,36,20,144,43,47,70,32,27,54,204,46,32,51,81,4,2,82,41,39,3,51,107,63,31,98,57,20,56,44,1,5,118,8,45,9,168,30,135,]
[154,659,11,41,44,808,20,373,534,2,64,225,333,126,186,1736,880,378,26,180,279,1350,477,571,1447,460,1228,123,16,952,551,965,198,164,51,333,306,310,2,83,49,1103,582,183,647,654,225,181,185,175,462,234,1023,135,562,707,76,138,65,802,300,258,243,539,]
[288,16,47,8,123,131,16,52,10,314,45,172,55,8,276,14,227,104,155,131,22,40,200,61,41,116,36,207,132,30,27,163,83,14,48,80,1,171,412,18,547,19,2,35,453,234,129,181,554,232,53,15,324,36,11,45,190,118,90,13,154,55,4,117,]
[4,2,0,12,0,2,23,62,11,39,15,2,1,14,5,1,12,7,1,30,0,3,8,7,6,1,1,2,1,2,21,43,26,17,11,9,6,4,67,48,27,10,38,38,5,26,9,3,13,21,13,19,15,0,3,2,6,7,4,2,14,9,11,0,]
[9,7,1,11,49,9,6,4,1,0,3,1,1,0,4,4,7,15,13,0,5,1,0,21,2,3,8,3,1,12,18,16,9,5,3,4,0,3,17,13,7,11,7,2,4,3,0,2,32,15,26,1,10,2,15,3,19,0,6,1,7,0,7,4,]
[193,16,168,39,22,17,121,85,205,101,110,108,287,11,13,23,11,19,300,131,65,109,55,133,158,124,49,234,659,650,27,21,63,37,85,45,16,104,85,24,150,127,45,59,10,105,85,0,49,18,314,126,14,141,53,75,305,38,93,176,211,234,48,209,]
[587,180,23,136,84,339,153,163,25,40,142,26,152,365,28,49,38,14,157,11,1,12,12,152,70,19,3,112,5,135,28,88,30,111,141,47,138,271,29,4,95,34,15,69,4,208,19,131,281,255,203,114,77,38,175,458,60,67,170,80,85,76,76,375,]
[251,29,22,15,126,295,124,158,103,43,226,11,150,46,248,223,49,325,344,163,65,206,4,104,374,104,65,48,0,75,45,82,145,11,116,302,46,15,27,1,123,161,7,75,161,22,100,440,115,127,86,20,184,16,13,117,259,78,5,110,109,28,21,19,]
[64,8,54,48,74,210,161,108,162,41,260,62,30,74,1,50,9,7,133,183,153,37,8,1,93,164,96,59,418,79,36,78,148,313,93,71,47,78,40,716,40,140,22,1,19,119,64,146,44,46,51,95,55,239,109,37,135,14,39,36,87,441,62,80,]
[140,150,210,28,64,27,11,312,46,5,41,228,126,185,82,78,70,57,269,23,107,39,117,1,28,35,55,18,31,250,247,119,120,46,3,12,98,120,3,148,38,97,3,92,177,14,137,98,85,155,135,56,48,53,54,491,97,96,125,175,38,218,207,353,]
[238,133,176,22,17,9,10,64,49,125,52,33,290,83,234,24,51,166,77,69,0,394,56,9,61,77,55,101,8,92,259,85,95,285,19,329,39,533,14,103,14,33,103,122,216,5,112,42,92,388,73,125,196,24,204,209,148,1,310,273,182,82,61,143,]
[348,61,3,7,40,10,10,38,21,35,139,92,254,106,36,51,50,53,33,58,18,118,22,67,51,18,65,92,84,18,4,154,61,194,76,164,2,88,181,37,4,4,161,4,66,205,53,17,151,28,116,15,1,39,38,7,9,223,108,29,27,263,8,455,]
[64,22,32,43,5,25,72,10,9,31,4,56,53,105,22,271,7,110,16,130,32,100,11,62,130,35,65,42,396,98,385,358,68,73,230,178,30,293,23,56,73,116,57,0,33,23,3,39,5,0,115,180,29,127,59,47,87,171,2,95,17,64,12,6,]
[160,183,50,350,140,186,52,512,246,275,61,838,211,405,217,211,1062,487,217,531,280,40,374,346,1290,102,916,117,229,27,247,53,1493,241,262,136,91,144,1486,2,800,294,89,22,443,66,38,303,446,1412,1003,1390,297,307,409,609,371,443,308,2190,145,1035,290,87,]
[32,20,34,14,16,112,184,120,5,110,19,4,31,201,32,153,1,137,42,17,35,3,114,2,371,2,30,130,4,331,65,184,39,91,39,98,112,28,218,31,55,141,131,29,450,207,9,414,352,80,96,68,526,61,95,195,132,174,166,67,166,398,71,29,]
[13,12,3,5,0,12,13,15,64,9,6,33,17,6,26,0,10,1,18,5,4,5,8,6,1,15,3,14,4,37,3,14,5,9,3,15,25,7,87,2,5,1,0,12,4,0,3,42,13,40,25,21,10,4,9,13,6,10,11,9,13,38,47,6,]
[2,11,7,7,20,10,3,2,16,14,7,1,3,10,7,12,10,0,4,2,7,11,49,0,8,4,19,11,3,4,0,37,4,4,11,14,2,0,12,3,3,21,10,14,5,4,8,5,27,7,7,0,36,10,0,23,4,5,24,10,0,6,4,3,]
[39,60,13,42,22,95,83,37,263,59,159,37,220,130,122,221,37,202,34,17,11,8,182,36,31,111,249,8,332,292,54,128,0,24,199,21,399,56,98,34,130,196,137,416,22,41,38,70,67,104,190,10,41,1,71,104,42,142,130,37,96,173,63,84,]
[251,286,37,2,106,83,14,321,150,771,36,130,50,299,161,7,303,10,69,95,159,229,139,0,81,152,129,255,7,42,118,28,34,21,64,295,163,108,8,172,19,42,77,69,217,436,24,1,190,126,288,63,16,24,11,118,274,37,143,60,68,163,33,13,]
[124,25,13,480,30,9,27,331,69,19,90,586,228,54,51,235,8,129,300,123,20,64,231,43,0,66,21,18,11,167,249,101,20,406,230,200,169,53,127,213,52,4,133,79,208,102,140,54,4,506,54,81,224,319,130,29,112,166,95,21,34,362,59,382,]
[61,209,273,161,153,15,44,22,177,173,102,29,61,44,67,94,28,66,18,44,88,13,138,54,53,54,179,44,69,150,95,163,82,50,97,11,149,115,113,220,105,96,91,183,448,31,51,71,138,20,155,73,123,227,3,66,242,57,6,176,48,49,29,40,]
[48,12,16,23,4,21,89,6,5,16,15,84,216,83,315,37,36,230,103,11,163,184,64,44,0,101,78,76,50,156,677,47,79,245,45,57,31,93,142,87,7,14,46,18,131,34,48,21,42,28,469,314,37,73,214,136,64,116,22,25,157,44,264,3,]
[120,18,105,228,155,375,3,148,47,247,112,6,39,60,69,217,56,199,146,87,144,186,49,230,66,102,62,110,24,101,138,214,63,189,28,107,10,17,29,108,109,43,15,27,7,142,7,319,49,81,65,73,15,103,95,60,55,138,15,36,253,118,7,19,]
[86,33,0,14,195,56,7,306,50,88,12,158,82,23,104,2,0,36,345,130,228,75,16,93,83,33,43,9,4,113,17,42,149,81,221,271,15,203,13,208,179,25,90,277,31,49,113,59,136,134,45,243,290,49,263,41,65,52,66,2,21,0,246,289,]
[151,7,90,470,40,26,56,80,0,158,24,83,11,50,27,99,80,357,83,342,78,13,14,78,93,131,45,14,14,21,14,0,110,80,112,24,156,101,46,28,224,56,13,19,121,35,24,12,112,235,21,7,35,11,10,117,1,31,7,184,172,35,85,100,]
[131,148,367,37,125,716,66,735,696,118,221,163,51,227,631,463,934,85,392,155,633,101,187,615,50,795,63,53,35,349,288,175,628,187,70,6,401,257,5,60,517,124,424,273,432,373,230,487,914,202,73,57,60,759,0,139,63,329,46,494,19,726,86,75,]
[115,138,154,31,66,280,130,46,81,134,73,49,93,91,113,130,76,227,171,38,333,13,49,1,13,15,71,63,8,91,31,640,262,0,27,39,18,153,159,156,88,44,373,263,259,428,42,124,356,211,4,130,58,17,9,75,39,35,17,188,74,99,34,157,]
[2,3,25,28,19,14,6,19,11,2,6,16,18,3,4,6,4,0,0,15,14,5,22,7,1,18,3,9,41,26,1,29,11,10,18,0,9,4,11,9,11,27,12,16,28,8,6,8,8,11,0,5,26,6,14,4,9,2,15,7,7,3,6,9,]
[9,10,1,8,10,2,21,12,0,2,21,1,13,1,0,37,0,3,5,40,14,0,9,1,12,2,49,5,9,3,4,5,2,2,28,8,12,22,1,0,7,4,11,52,0,28,6,4,10,8,19,3,0,15,12,3,1,3,19,16,1,4,3,3,]
[92,156,34,15,51,159,268,20,11,56,40,131,29,151,393,59,30,167,189,12,89,88,44,129,73,17,405,156,0,471,35,5,186,303,98,173,21,41,510,146,6,423,5,55,126,66,261,35,73,80,202,35,336,138,137,87,40,17,32,104,162,93,5,22,]
[25,37,183,327,43,44,39,15,80,278,116,310,465,68,132,14,883,347,15,161,133,153,19,76,140,139,42,159,32,51,5,108,29,45,27,73,81,12,19,98,31,246,4,33,44,93,209,11,92,131,3,33,108,13,55,74,6,73,11,10,159,32,7,20,]
[18,39,73,54,142,137,98,65,63,81,75,207,8,50,16,145,59,50,110,206,23,91,122,54,14,102,29,93,106,69,183,141,9,255,112,45,71,181,302,55,32,5,40,214,42,209,122,63,11,131,27,62,97,141,169,25,79,187,17,83,6,45,265,0,]
[52,60,135,249,10,121,182,250,85,135,146,117,81,27,8,17,46,18,122,150,28,33,37,52,34,29,533,13,63,453,24,74,15,76,77,66,80,10,45,126,13,96,132,137,231,70,15,4,60,21,4,186,217,101,95,61,63,185,30,90,8,268,21,28,]
[36,21,41,182,18,43,56,12,4,67,15,115,125,25,41,83,75,60,2,90,187,72,92,29,247,19,6,71,35,65,31,37,79,48,268,102,28,15,118,47,375,122,1,24,158,101,135,143,77,23,266,7,31,238,129,268,93,1,29,71,4,91,188,71,]
[7,30,150,147,165,95,76,65,18,285,274,5,88,27,97,5,35,115,103,65,92,324,160,45,32,51,6,34,112,0,18,22,147,135,26,131,183,8,16,71,13,176,301,1,77,98,70,47,170,198,69,22,93,15,101,90,189,83,191,222,3,124,188,179,]
[49,94,126,11,7,6,18,6,1,138,214,136,14,2,142,101,53,105,106,482,0,15,153,15,96,118,34,67,147,44,34,162,129,169,53,86,40,75,28,130,22,85,15,30,92,36,131,249,143,179,125,66,80,135,192,19,46,4,63,111,140,110,47,15,]
[150,261,164,17,32,31,15,28,70,10,61,100,64,85,80,58,14,19,76,40,28,12,118,94,126,85,7,34,54,70,53,126,172,7,9,30,324,26,231,27,9,15,11,15,1,36,81,34,48,18,88,66,133,203,3,124,124,76,292,36,21,249,89,113,]
[1263,529,338,769,116,1005,440,702,400,194,100,2,432,789,444,404,81,31,91,353,16,123,568,321,20,225,396,299,62,79,461,109,1260,11,292,45,728,125,237,98,45,1029,100,154,241,842,883,1448,128,12,170,435,1099,158,3,790,386,518,23,176,783,144,398,362,]
[40,19,19,151,198,10,349,212,151,7,35,108,179,2,57,22,31,57,143,226,348,131,12,133,117,94,66,128,165,81,232,149,112,81,255,62,1,41,245,76,80,18,451,61,23,13,102,39,22,57,103,143,1,67,159,45,114,269,146,48,49,157,223,66,]
[3,18,7,2,15,1,8,25,5,38,0,12,7,43,7,16,3,2,9,2,6,17,1,8,22,10,3,6,1,8,32,1,27,6,9,5,12,5,19,19,2,33,2,4,1,4,8,13,12,5,4,2,4,28,11,18,12,5,3,2,16,17,13,10,]
[22,1,2,3,3,2,13,17,4,20,0,6,2,8,4,3,16,13,1,12,3,5,2,14,3,10,4,9,10,58,22,3,6,2,0,2,5,0,5,4,3,16,8,34,6,13,26,2,9,10,5,9,0,6,15,8,1,12,0,0,0,0,10,16,]
[284,57,33,48,7,0,52,90,21,64,269,170,91,75,65,134,41,27,189,123,82,105,417,171,222,118,387,398,1,133,160,68,155,99,22,58,186,32,54,84,208,318,175,0,9,13,4,4,98,310,50,119,9,43,158,418,20,631,634,172,161,47,65,356,]
[410,93,9,2,5,6,234,124,27,0,111,171,71,180,14,65,151,153,14,95,67,30,125,152,19,17,133,17,31,214,50,40,5,2,43,278,41,2,50,61,68,33,53,63,68,99,43,323,103,148,13,247,192,16,24,133,31,37,5,24,118,16,187,73,]
[23,124,85,144,36,105,253,10,102,87,38,178,85,19,109,138,381,26,144,110,26,92,83,91,77,28,149,77,109,16,102,176,121,34,89,139,283,13,52,33,23,2,19,11,37,42,0,24,36,48,49,56,182,59,320,59,240,85,76,385,309,430,247,56,]
[111,5,77,349,245,181,41,85,243,494,23,104,12,158,94,3,15,100,8,240,280,97,284,92,286,1,142,91,144,195,8,247,43,13,225,81,460,117,87,36,121,125,449,66,20,128,17,23,233,12,54,198,62,14,157,35,142,179,115,112,6,27,39,3,]
[1,34,30,243,173,49,249,126,351,182,80,300,78,113,11,210,6,197,118,14,313,26,75,43,12,42,180,94,68,8,60,15,65,81,21,11,294,152,2,6,103,5,60,129,156,64,22,68,379,39,55,246,262,167,295,3,88,9,53,97,65,28,82,21,]
[20,3,37,34,12,26,54,174,147,83,118,100,17,175,116,56,10,111,226,170,270,157,26,28,55,234,143,22,16,210,186,78,113,13,20,250,317,48,281,74,212,127,84,47,0,320,166,16,262,52,96,26,12,244,111,51,344,320,62,187,28,136,31,129,]
[105,75,49,96,17,43,54,111,43,1,68,14,59,38,128,112,451,39,106,62,0,31,200,76,55,118,32,0,17,4,136,108,275,159,120,143,34,54,156,86,1,48,220,62,155,114,58,3,13,193,55,62,83,228,215,20,31,41,102,119,0,16,16,22,]
[12,0,0,106,39,76,151,236,20,50,125,228,30,63,4,25,48,59,63,385,84,118,47,84,4,2,108,32,26,105,32,47,71,8,145,19,214,128,52,67,28,73,134,37,62,3,23,23,27,80,60,35,24,10,17,19,27,161,25,57,47,57,88,111,]
[160,258,411,30,450,729,585,563,290,508,152,422,466,482,16,92,105,95,419,567,140,89,30,484,34,1147,80,22,298,918,478,440,6,1631,518,920,148,99,790,107,613,929,73,956,219,24,361,786,528,257,172,121,135,287,1754,219,462,97,189,349,161,193,114,287,]
[37,42,81,102,264,42,392,166,107,33,263,63,370,78,173,29,50,126,23,39,35,255,443,5,7,143,33,175,28,139,87,77,107,104,111,43,127,25,416,28,39,6,27,84,32,24,23,34,23,39,86,168,239,53,62,27,20,23,139,65,25,116,22,211,]
[2,21,85,1,0,0,19,1,2,13,56,16,8,27,16,0,2,4,17,61,0,25,9,13,13,19,0,19,0,1,6,1,11,22,0,15,4,8,1,3,5,6,6,15,2,3,2,0,9,4,18,31,16,1,5,0,4,5,6,16,7,29,13,13,]
[4,2,7,0,4,0,5,6,14,4,7,12,5,22,21,13,18,0,13,21,1,4,2,29,4,12,22,18,5,22,1,3,0,17,7,4,5,18,18,14,2,12,4,1,1,1,12,2,16,8,58,10,0,15,16,3,3,6,8,0,5,1,0,12,]
[4,47,129,96,215,51,92,35,197,52,240,360,14,59,106,83,11,160,127,20,69,294,317,161,246,79,26,119,22,365,43,111,324,2,356,148,82,146,45,5,16,263,60,23,34,0,314,220,49,101,121,183,173,419,8,3,108,253,128,51,379,360,157,29,]
[206,64,378,64,82,0,36,73,516,26,7,266,31,22,359,225,77,301,51,33,36,61,92,178,54,20,378,12,9,205,86,91,122,3,235,58,39,168,81,109,253,270,111,82,264,114,197,133,96,91,177,643,24,36,4,149,258,72,46,169,73,33,72,62,]
[15,8,32,155,146,76,8,68,13,43,8,0,2,210,270,750,316,8,27,68,43,411,35,237,11,38,165,118,12,191,142,187,34,61,63,71,46,171,72,100,86,118,186,95,93,25,170,218,106,349,104,144,54,102,39,11,179,8,138,0,20,9,139,99,]
[78,30,265,12,40,70,136,94,9,546,4,106,8,22,99,194,250,342,106,217,51,147,378,21,25,74,83,16,340,127,34,131,94,4,290,176,24,70,23,20,65,71,174,394,229,6,16,63,86,144,10,141,11,130,51,103,10,59,187,311,75,95,34,255,]
[126,56,191,46,95,83,216,55,105,408,221,240,39,89,37,16,183,14,6,49,3,22,37,28,3,52,94,92,201,113,178,224,35,118,81,121,116,51,44,22,569,108,15,81,233,2,30,168,73,34,147,22,83,160,144,154,9,32,29,126,3,19,356,14,]
[57,129,3,67,123,156,31,10,163,254,39,35,30,66,78,92,4,433,212,86,122,90,45,41,45,196,17,94,85,90,95,6,556,62,14,126,106,13,85,152,198,273,64,112,213,211,135,150,59,11,281,139,48,123,162,302,256,115,35,29,57,61,109,169,]
[4,112,42,220,106,49,20,174,444,92,0,223,76,45,14,48,11,140,168,9,184,9,137,61,15,67,32,102,30,75,4,101,5,207,23,15,106,49,14,18,16,38,34,18,62,46,321,38,105,0,81,78,57,40,21,83,96,117,66,80,149,206,8,267,]
[20,82,71,92,15,5,340,70,141,8,74,0,9,3,15,17,174,21,6,4,46,81,88,296,160,18,146,35,35,22,26,144,1,62,4,20,45,42,10,0,15,67,242,145,10,7,27,50,72,83,8,66,94,286,31,468,49,20,32,10,201,437,12,39,]
[115,31,112,413,187,63,762,255,27,93,225,600,331,357,207,416,112,162,362,93,143,320,1173,410,38,128,75,288,333,886,6,1170,333,684,64,393,1223,150,661,1441,52,90,79,204,350,512,435,2538,81,6,71,278,28,1356,62,749,35,1209,485,241,368,188,1874,187,]
[3,297,211,86,95,53,122,120,155,47,77,88,24,14,55,19,24,58,17,50,1,92,66,155,0,62,152,38,131,24,107,238,147,354,6,41,98,131,11,46,85,401,18,271,174,42,12,260,46,142,209,7,105,20,155,9,1,129,124,39,12,3,32,252,]
[8,31,13,0,7,11,9,9,31,2,10,11,11,18,20,13,7,28,5,4,9,2,4,3,0,8,12,10,8,15,14,18,9,7,8,18,2,7,11,6,7,6,20,0,4,8,18,43,22,18,0,6,3,3,12,13,2,6,2,22,19,5,17,5,]
[4,9,2,6,22,0,1,7,5,6,10,9,9,0,5,1,16,0,6,2,3,8,14,1,3,14,5,3,12,0,1,5,1,14,23,1,1,0,20,2,0,0,9,11,0,13,0,15,4,3,8,3,2,0,2,10,0,7,15,11,2,19,4,6,]
[7,44,110,31,15,18,5,468,144,110,160,218,109,31,90,5,64,152,117,372,52,78,74,250,87,32,78,1,31,206,78,12,100,52,1,187,346,17,48,3,203,82,25,19,108,9,134,14,72,124,13,99,61,34,2,180,46,152,65,24,73,310,73,22,]
[4,198,199,129,120,140,60,57,149,6,11,53,92,180,22,221,450,66,8,83,243,172,3,8,138,49,73,103,18,79,234,39,64,236,300,181,64,59,25,88,17,54,9,80,32,191,214,339,267,88,14,67,80,14,185,63,41,111,57,43,207,3,127,179,]
[14,21,16,123,30,289,41,79,63,135,36,96,36,62,6,15,68,115,159,129,217,37,135,372,56,9,175,51,26,79,61,29,21,12,46,6,8,209,14,249,134,16,135,59,98,183,55,71,36,2,266,82,78,12,138,79,59,3,449,33,88,166,19,39,]
[16,95,141,0,147,141,30,354,36,75,25,230,72,0,233,43,12,60,134,28,61,23,236,50,184,25,119,3,171,30,31,128,205,56,83,16,259,123,266,128,17,81,28,73,47,170,3,21,265,61,2,62,39,57,249,111,79,5,185,39,142,9,198,68,]
[283,314,158,141,30,101,646,131,103,34,0,18,5,67,67,129,187,0,70,134,11,16,374,7,133,19,24,141,49,196,140,11,36,117,10,131,210,60,214,154,47,204,33,82,69,45,370,225,95,142,147,76,5,19,249,120,6,42,106,22,159,5,12,114,]
[38,205,201,343,106,217,36,16,255,12,28,255,163,208,3,102,83,42,42,143,42,32,120,27,292,38,20,10,28,16,19,17,90,12,19,90,92,51,213,243,107,35,323,75,249,497,15,124,34,13,112,14,59,33,126,29,111,160,116,109,2,169,38,425,]
[142,188,95,19,43,40,20,192,27,111,4,162,98,26,58,157,58,43,106,135,58,207,49,175,58,48,38,32,47,434,4,33,145,8,143,9,84,359,107,64,21,8,116,28,121,70,247,89,18,662,41,5,19,73,9,23,72,120,73,97,37,96,288,153,]
[35,24,77,131,0,5,101,87,38,18,56,61,25,34,2,55,80,23,278,64,60,38,26,168,86,48,131,0,16,52,110,69,76,8,48,34,7,116,35,97,91,98,89,15,48,31,285,68,2,15,22,22,9,104,146,8,4,459,1,194,120,20,12,62,]
[602,322,150,513,174,109,144,109,214,24,845,209,541,751,227,11,1782,61,149,149,957,190,12,393,237,328,159,489,276,319,1465,81,357,76,777,447,214,42,192,379,1079,244,512,66,129,318,52,79,173,106,216,1346,174,157,165,703,1263,17,1014,574,593,521,479,160,]
[184,260,108,106,255,2,9,59,155,451,71,347,78,561,26,58,241,56,359,63,211,68,55,74,151,159,32,142,35,0,11,42,409,1,178,155,133,27,65,267,20,2,70,38,14,145,33,53,550,189,7,29,339,39,89,22,1,8,106,21,225,59,24,74,]
[12,3,36,19,9,2,26,35,9,22,4,16,4,5,32,2,5,0,4,0,33,13,54,31,9,15,4,14,1,12,10,3,7,17,6,15,0,2,0,13,13,0,3,27,47,6,13,3,23,1,13,8,3,4,15,18,12,17,15,14,6,14,13,4,]
[16,4,1,28,7,6,1,6,20,2,0,5,1,1,7,16,10,20,3,38,6,25,2,0,14,0,4,4,11,0,1,0,8,2,11,20,5,4,4,2,0,19,8,0,2,12,0,19,2,12,4,25,0,5,9,5,31,6,0,9,28,0,5,4,]
[77,26,54,354,152,46,131,15,231,46,87,6,55,348,23,170,29,117,76,105,25,29,138,187,202,46,229,146,8,109,230,456,0,4,16,103,183,213,25,72,189,104,111,173,14,76,60,43,26,141,24,1,201,10,193,87,98,14,189,45,88,41,13,143,]
[50,32,29,144,48,152,104,207,99,104,75,25,279,64,1,37,52,308,188,292,25,10,51,186,100,63,132,61,142,33,189,149,9,34,201,70,108,450,7,193,1,142,60,59,149,106,222,90,87,102,105,475,0,36,239,107,110,49,93,26,228,40,10,162,]
[33,39,111,4,1,82,30,104,112,126,271,32,34,76,37,175,88,15,223,29,102,1,82,64,55,57,11,0,241,177,105,262,174,100,128,17,334,9,185,85,66,136,6,616,14,58,153,46,19,88,156,138,200,173,137,113,41,103,172,75,168,192,16,142,]
[97,146,236,72,70,30,65,32,78,11,112,6,292,38,93,80,61,83,25,192,129,50,54,14,72,119,152,183,86,324,372,3,21,24,210,113,54,61,96,75,132,62,193,113,21,369,3,141,38,128,61,27,49,46,27,90,202,12,199,26,31,137,154,88,]
[135,66,7,97,90,43,9,43,71,7,219,161,65,230,108,52,58,79,53,50,54,63,82,271,44,56,65,87,122,207,32,46,10,190,337,199,71,214,173,68,76,31,6,225,215,62,27,54,135,58,123,117,24,148,42,64,193,26,116,65,168,15,17,19,]
[862,124,36,106,62,44,269,196,90,19,180,73,7,176,3,158,304,67,208,146,348,112,164,66,97,128,171,56,233,4,23,23,281,124,49,140,2,7,7,37,195,79,112,17,118,18,45,135,38,25,149,62,89,585,196,101,41,48,326,103,8,47,36,44,]
[27,53,161,61,90,246,3,18,66,113,3,127,239,14,63,220,80,166,75,251,223,15,0,46,6,102,14,39,84,333,4,38,174,27,74,56,14,38,69,66,95,72,147,28,102,69,24,41,48,123,180,77,35,15,261,17,320,19,75,63,8,11,218,115,]
[85,4,10,112,54,53,60,10,32,109,8,31,35,61,265,18,64,70,54,14,0,82,84,38,19,6,14,1,147,74,49,120,11,66,27,244,9,16,6,73,24,5,185,14,13,1,103,4,66,39,105,6,47,35,48,7,71,87,130,0,20,79,274,81,]
[64,7,786,445,122,222,943,384,991,327,739,149,256,1738,200,471,74,75,232,262,421,1131,949,213,1897,1024,53,350,286,182,158,504,322,141,845,345,2194,418,3932,506,905,108,96,73,448,85,253,39,706,176,159,216,558,411,1146,109,215,217,111,438,122,275,1388,209,]
[69,21,169,30,28,52,51,144,96,223,64,266,78,53,6,451,160,54,35,497,97,155,296,18,73,76,193,62,193,55,256,32,24,58,98,250,134,67,314,389,204,340,215,237,249,12,200,28,6,195,81,217,3,162,108,325,0,12,37,194,97,6,332,198,]
[29,3,44,0,21,3,6,1,31,9,7,4,3,68,42,10,51,19,15,6,7,3,4,39,2,4,6,12,14,6,11,2,11,3,51,8,8,2,22,1,1,21,0,20,3,10,0,26,7,22,8,10,3,67,0,6,1,26,13,6,0,5,5,5,]
[0,13,0,8,7,9,1,8,1,17,14,3,22,4,9,2,9,5,0,3,0,13,5,12,11,0,1,2,6,19,29,8,2,3,2,49,10,21,1,3,1,11,2,2,0,4,5,4,7,29,7,3,5,2,30,6,36,15,19,6,1,5,5,20,]
[133,319,121,38,96,117,39,87,7,115,46,20,486,94,312,167,123,175,30,27,30,58,53,91,280,351,9,45,51,41,205,30,29,194,194,35,23,174,379,80,186,86,157,164,234,173,225,153,84,261,11,33,81,261,183,79,138,37,32,119,3,11,111,147,]
[28,86,209,208,27,40,58,81,75,323,24,36,10,415,0,79,34,311,234,43,98,202,166,25,195,151,174,69,33,39,35,7,53,49,76,51,41,509,162,95,267,381,94,30,116,64,320,129,22,55,231,8,0,375,16,21,87,75,74,9,171,54,379,173,]
[197,94,17,39,47,15,414,383,6,101,175,279,186,48,141,58,6,134,160,188,87,130,59,37,299,59,10,127,26,8,2,100,24,38,33,75,192,58,210,41,23,179,170,23,213,5,34,4,18,66,174,51,45,83,5,176,26,351,133,37,121,42,10,54,]
[69,54,50,244,404,55,183,101,0,1,20,123,184,63,175,19,71,163,19,77,208,171,315,30,138,64,50,330,15,1,137,7,30,73,28,136,2,27,157,87,229,632,53,39,23,25,46,330,13,79,175,229,168,107,228,424,164,20,233,40,19,160,165,11,]
[14,91,32,139,15,41,14,35,92,28,5,75,236,147,135,233,80,80,201,68,63,278,4,242,18,7,10,147,9,323,23,141,50,105,183,15,24,120,3,84,421,120,108,17,35,17,33,78,30,34,158,112,76,0,559,25,44,99,67,260,99,134,6,36,]
[167,32,18,174,49,125,7,59,53,9,26,323,21,51,27,169,322,164,12,93,38,201,150,22,17,398,391,243,2,4,58,38,46,63,126,4,1,244,31,9,10,39,77,44,102,28,5,192,10,35,47,123,340,116,28,56,8,393,32,5,197,9,33,30,]
[26,72,27,184,0,237,9,7,131,195,8,4,20,12,136,18,172,166,65,2,93,0,86,15,76,72,54,189,35,656,242,137,10,1,72,251,192,20,110,42,6,6,41,61,77,36,52,239,30,119,200,64,27,24,165,7,61,87,243,83,86,25,23,6,]
[71,98,35,48,109,51,13,45,19,24,154,66,110,153,13,46,77,57,19,103,94,413,67,53,163,127,23,16,145,20,12,72,160,3,7,15,103,1,9,7,39,2,10,109,59,18,23,33,47,159,32,19,16,10,37,52,47,78,13,74,165,48,207,4,]
[95,168,506,37,241,157,433,103,205,613,42,254,92,84,612,49,60,30,154,185,567,14,820,140,291,237,425,286,69,292,193,0,92,187,317,51,690,71,138,401,96,237,214,346,30,58,561,42,294,567,44,928,463,157,531,57,1253,1490,628,282,451,23,798,186,]
[48,99,61,262,137,177,148,19,260,64,80,91,53,43,413,67,202,93,3,3,157,9,190,67,118,149,191,67,35,10,226,78,81,14,103,287,56,39,66,242,107,91,23,35,310,182,19,7,18,47,115,136,89,19,34,118,9,3,167,64,140,4,19,35,]
[6,7,2,8,16,11,2,5,4,60,14,5,17,2,1,11,6,3,7,9,0,7,0,6,27,8,29,10,17,25,1,7,9,1,9,20,16,0,9,0,13,10,33,0,7,3,54,16,7,0,6,2,14,0,11,1,8,18,29,3,16,3,19,3,]
[50,6,2,14,2,7,1,2,2,59,21,3,10,21,0,5,2,4,14,7,1,23,0,20,12,11,27,6,1,5,11,1,12,4,8,28,3,4,6,2,3,1,7,9,5,22,17,22,18,2,5,4,12,5,7,31,0,1,1,6,26,11,10,0,]
[67,68,4,26,27,102,46,4,137,30,116,141,127,50,44,196,63,143,2,226,170,133,26,121,41,222,154,144,37,47,42,50,104,47,424,99,134,106,53,103,3,23,155,19,113,9,59,25,44,54,118,109,73,129,89,43,3,147,289,262,1,401,297,37,]
[14,180,3,44,6,351,100,269,109,16,139,302,25,85,82,27,12,163,12,128,42,131,54,52,69,19,92,182,38,85,63,26,117,141,83,206,91,125,97,236,194,0,53,185,16,386,57,172,17,252,159,6,16,128,42,13,148,178,4,0,71,19,102,94,]
[138,34,29,63,192,28,32,9,17,20,433,23,108,323,134,62,44,9,18,61,116,25,223,10,108,85,109,82,219,350,98,133,5,141,361,159,10,22,183,31,202,10,77,137,42,36,190,183,45,19,30,29,151,6,40,9,94,52,66,141,14,3,242,40,]
[134,9,199,37,0,54,74,300,3,34,107,243,82,139,55,16,79,33,14,32,77,14,84,24,7,286,4,324,56,4,43,79,3,97,104,25,127,137,193,49,192,61,51,72,20,346,274,15,169,22,29,160,31,501,8,113,417,52,8,17,262,61,13,72,]
[33,123,138,14,21,409,102,9,147,116,166,342,112,20,7,42,1,150,25,97,41,81,172,99,226,302,13,59,333,141,51,87,207,92,11,1,204,0,194,32,5,94,687,180,65,232,2,99,82,22,15,266,113,32,34,220,22,26,20,95,1,21,18,45,]
[20,60,344,194,141,58,90,179,160,10,101,255,0,87,15,34,42,54,62,229,17,53,51,73,54,27,355,12,41,39,43,188,61,3,30,251,53,160,174,230,17,43,114,8,121,72,25,67,35,156,128,14,91,145,213,21,225,24,41,216,117,460,12,408,]
[64,37,66,66,67,109,29,26,56,8,58,2,49,58,53,58,69,16,9,16,48,14,43,275,224,4,85,54,15,4,5,265,220,6,48,236,12,20,14,21,172,112,3,2,30,79,166,41,138,191,63,216,233,176,38,115,76,111,143,37,93,88,78,39,]
[8,42,1,33,47,2,47,227,115,7,99,20,13,22,335,122,76,78,21,3,82,309,2,1,92,170,35,52,20,10,158,32,13,44,28,36,42,128,101,47,5,13,122,28,174,136,66,59,116,0,109,19,17,92,46,4,123,13,57,88,40,37,81,12,]
[139,569,470,200,137,267,97,38,165,40,663,708,58,14,183,104,60,832,740,725,90,172,894,267,415,727,281,1349,2,565,225,145,1502,366,1056,409,180,197,5,453,994,494,219,80,109,304,339,87,1679,28,1317,0,221,236,182,414,409,2037,84,432,62,342,151,172,]
[79,87,73,84,31,9,42,8,59,220,148,793,362,91,27,133,2,26,186,176,1,111,23,161,126,219,110,67,37,60,162,279,393,1,95,318,120,38,150,57,140,89,1,35,38,223,391,75,48,45,9,115,80,23,7,152,141,12,191,35,31,49,35,48,]
[11,1,28,8,38,3,1,2,8,5,9,23,25,50,6,8,25,17,3,13,16,4,2,27,10,4,5,5,14,4,2,2,8,3,23,7,20,27,1,8,12,21,2,2,5,5,13,15,0,4,7,17,4,1,12,32,7,36,33,4,7,3,0,0,]
[32,8,19,12,13,8,1,16,0,6,4,2,9,5,5,8,19,2,17,0,11,13,8,7,2,8,0,17,2,3,11,6,38,0,14,2,7,6,0,0,0,14,8,21,5,7,2,3,1,7,2,0,17,16,3,4,4,2,13,3,13,4,0,1,]
[183,2,7,177,334,250,43,16,33,107,9,22,2,78,42,59,123,28,49,102,113,297,102,264,174,66,101,172,62,10,63,5,45,59,12,121,22,77,99,62,67,470,448,246,46,56,87,54,101,36,79,65,110,0,71,76,232,109,54,91,19,456,202,17,]
[11,180,131,342,40,168,1,91,47,223,492,212,120,49,32,47,61,35,172,27,142,57,65,448,7,6,26,315,79,19,81,99,17,36,181,319,51,6,16,63,113,106,38,44,98,267,713,32,5,67,61,161,51,20,141,311,46,62,81,116,31,115,30,67,]
[318,233,72,184,101,90,124,2,55,327,278,105,27,36,189,125,32,122,6,51,10,85,14,255,146,272,20,56,89,107,85,23,72,522,346,33,265,153,75,37,139,39,23,113,295,0,150,128,19,400,30,289,10,45,33,30,81,142,5,67,78,12,126,171,]
[319,8,298,56,161,12,104,24,227,422,12,218,25,806,125,310,18,177,216,30,7,232,4,225,317,65,45,15,67,144,116,53,100,83,46,300,15,2,138,18,712,34,226,86,507,42,174,92,5,61,27,178,265,135,120,114,8,3,91,24,88,71,34,103,]
[55,23,133,180,88,323,339,147,87,52,210,242,179,7,47,27,2,44,93,33,344,113,24,49,25,258,232,37,86,32,145,78,200,121,33,34,15,5,163,318,40,23,156,9,354,14,41,39,69,14,120,95,51,88,111,240,12,124,25,70,54,264,116,145,]
[35,36,358,240,78,75,42,152,28,28,25,0,10,72,5,60,57,78,0,111,217,18,246,105,7,61,9,115,297,220,40,122,6,363,99,41,72,306,35,10,74,16,227,151,42,176,318,213,16,368,23,48,14,97,6,89,18,147,8,190,21,345,78,109,]
[27,138,4,90,85,30,147,164,6,28,124,191,221,14,72,0,33,75,262,89,179,18,596,101,37,65,219,143,24,45,285,122,115,52,425,128,474,70,132,107,31,23,369,146,125,57,21,97,12,103,85,44,32,99,25,191,140,11,35,125,9,41,17,12,]
[1,0,0,0,0,0,4,1,0,0,1,0,0,1,0,1,1,0,2,0,0,0,0,1,1,0,0,0,0,0,0,0,0,0,0,0,0,0,0,1,0,0,0,0,0,0,0,0,0,0,0,0,0,0,1,0,0,0,0,0,0,0,1,0,]
]
