This is computation ability:
[
[0,0,0,0,0,0,0,0,0,0,0,0,0,0,0,0,0,0,0,0,0,0,0,0,0,0,0,0,0,0,0,0,0,0,0,0,0,0,0,0,0,0,0,0,0,0,0,0,0,0,0,0,0,0,0,0,0,0,0,0,0,0,0,0,]
[0,0,0,0,0,0,0,0,0,0,0,0,0,0,0,0,0,0,0,0,0,0,0,0,0,0,0,0,0,0,0,0,0,0,0,0,0,0,0,0,0,0,0,0,0,0,0,0,0,0,0,0,0,0,0,0,0,0,0,0,0,0,0,0,]
[13,1,10,1,5,2,0,27,10,9,7,4,2,2,24,0,4,12,9,11,9,3,0,0,4,9,2,18,1,3,26,12,39,0,9,13,2,10,3,2,5,5,0,20,13,1,8,4,8,5,1,4,20,3,7,0,2,9,12,12,5,4,1,14,]
[283,19,40,3,148,72,82,264,339,31,4,30,106,110,732,238,90,25,105,25,554,291,100,37,25,325,39,81,78,36,99,35,157,237,148,212,26,191,440,94,485,12,3,193,30,351,350,8,364,410,8,69,169,392,43,75,85,98,56,119,104,19,109,68,]
[60,3,0,41,10,180,73,8,4,37,82,60,42,14,5,0,78,126,26,4,19,3,23,0,63,68,32,82,45,32,43,4,9,74,3,70,51,2,92,36,21,33,59,57,44,29,10,8,46,41,27,88,18,32,54,1,38,18,85,153,29,13,8,40,]
[9,3,0,2,1,8,5,16,1,0,4,14,4,2,1,12,6,5,10,3,4,5,0,3,5,6,1,2,10,4,3,1,1,0,5,0,13,1,3,1,11,2,1,6,11,1,0,0,21,0,1,8,3,6,3,0,0,1,10,10,2,7,1,0,]
[5,5,6,11,1,3,13,13,9,4,2,3,8,6,6,1,26,5,0,4,8,0,3,3,1,10,1,1,15,15,7,5,12,26,5,2,5,17,2,4,4,3,3,0,2,4,9,0,12,18,17,0,12,2,5,0,4,1,21,6,14,5,5,1,]
[1,0,1,1,0,2,0,0,4,6,1,3,5,7,2,0,6,0,0,1,1,0,2,0,4,1,3,0,1,1,0,0,0,0,4,1,5,3,9,1,3,0,1,4,0,2,8,2,3,1,9,1,2,0,0,1,6,0,2,2,0,2,3,0,]
[1,4,6,0,0,3,0,1,2,3,3,6,2,3,15,4,0,3,0,1,3,7,4,7,3,1,11,11,5,6,2,1,4,17,1,12,0,0,3,7,0,1,5,0,1,0,8,6,2,0,2,3,1,0,3,3,0,1,2,2,0,9,5,7,]
[58,125,339,140,4,145,61,5,299,119,6,161,75,44,45,257,113,66,426,163,50,350,15,7,332,102,122,63,28,21,56,16,67,518,176,306,305,208,9,255,47,83,72,969,23,112,6,594,160,45,3,432,12,99,71,53,165,30,103,356,77,120,0,383,]
[71,190,53,24,462,40,132,9,21,4,72,193,191,227,97,410,83,7,438,90,389,394,98,25,579,20,16,226,79,119,514,52,127,47,22,464,30,57,65,239,53,36,94,317,186,811,178,57,140,96,21,164,380,58,127,28,344,59,5,34,477,52,339,18,]
[0,2,2,0,0,0,0,0,0,0,6,4,3,0,1,1,2,0,0,2,2,2,5,1,3,1,1,3,0,2,0,0,0,1,1,1,1,1,1,1,3,7,0,0,2,2,0,1,1,1,1,0,0,6,5,4,2,1,1,1,1,4,1,1,]
[5,0,0,0,0,0,0,1,0,1,0,4,1,0,0,0,0,0,0,2,2,1,0,0,0,0,0,1,0,1,1,1,0,1,0,1,0,1,2,2,1,0,1,2,3,0,0,0,0,0,1,0,0,0,2,0,1,0,1,1,2,0,4,3,]
[8,7,3,2,0,0,2,2,1,6,1,1,2,3,1,0,0,1,1,0,2,10,3,1,0,4,4,0,2,5,5,1,2,7,3,2,1,1,8,2,3,2,1,0,3,2,1,1,0,0,2,3,5,3,6,1,1,3,6,0,1,2,7,5,]
[0,3,0,0,0,2,0,3,0,2,7,2,2,12,0,2,6,3,0,0,0,0,0,0,3,16,1,3,1,3,1,4,4,0,1,7,3,1,0,3,1,4,4,2,0,1,13,8,0,5,0,0,1,2,4,0,3,3,5,0,4,0,0,4,]
[209,222,165,343,54,321,111,524,535,189,323,0,88,368,57,387,25,73,40,115,16,41,207,88,72,16,29,218,125,2,165,266,67,4,50,152,172,212,35,195,180,333,154,235,30,215,22,1,31,207,53,173,49,74,19,11,49,671,130,33,220,251,51,48,]
[98,211,140,62,86,31,256,30,213,98,110,109,232,20,7,136,250,25,95,3,22,6,71,75,139,218,526,84,143,55,23,22,307,303,65,46,43,27,60,20,58,264,50,86,273,95,362,199,63,190,13,42,278,200,102,165,41,154,124,84,260,218,147,107,]
[1,2,0,0,0,0,3,5,1,3,0,0,0,4,3,0,0,3,0,4,0,0,0,0,0,0,0,2,6,1,0,1,2,3,6,3,1,2,6,6,1,0,1,1,0,0,1,0,1,1,1,1,1,6,3,1,0,0,0,1,0,0,1,3,]
[0,4,0,0,1,1,1,0,0,0,0,0,1,2,0,0,0,0,0,0,2,1,1,3,0,1,0,1,0,1,0,0,1,0,3,2,0,2,0,0,1,0,0,0,1,0,0,0,0,1,1,3,0,0,0,0,0,0,3,0,0,1,2,1,]
[0,1,2,1,3,1,0,0,2,3,6,0,2,0,1,5,5,1,0,0,0,6,0,0,3,0,4,9,0,3,4,3,2,4,0,3,0,1,0,2,4,10,2,3,5,8,3,5,2,0,0,2,4,0,1,8,0,3,4,5,0,5,1,2,]
[0,4,0,2,2,1,9,1,4,0,6,0,3,0,0,0,0,1,1,0,2,2,0,0,18,13,8,1,1,1,1,0,1,1,2,1,1,0,1,3,0,8,1,3,0,5,6,2,0,1,2,4,5,4,2,2,0,13,5,1,2,1,14,0,]
[200,144,1,72,53,127,1195,360,464,45,170,68,36,108,130,359,99,6,551,22,341,39,40,90,95,199,211,473,155,147,338,37,28,71,180,252,202,195,69,21,161,50,215,248,75,203,590,54,28,0,443,72,0,150,9,86,19,49,5,173,422,58,95,257,]
[224,58,61,5,54,220,163,0,23,29,151,213,69,40,236,288,75,454,74,312,101,309,86,49,5,106,485,3,115,44,422,66,115,26,52,227,422,307,69,40,180,301,28,54,37,475,53,0,193,118,108,246,121,166,17,282,147,76,114,65,172,67,19,170,]
[0,3,5,0,6,1,0,3,1,0,3,0,0,0,1,2,0,5,2,0,1,0,0,2,0,0,0,3,2,0,6,0,1,2,0,0,0,0,0,5,1,0,0,3,1,1,1,1,2,3,0,2,5,0,8,2,0,0,0,0,0,1,1,2,]
[0,0,0,1,0,0,1,4,4,0,1,0,1,1,0,1,0,1,0,0,0,0,0,0,4,0,0,2,0,1,0,3,0,2,2,0,0,0,1,0,0,0,1,0,1,0,0,0,0,0,0,1,0,0,0,0,0,2,1,0,2,0,1,4,]
[2,2,0,5,0,11,0,0,1,0,6,0,2,2,1,1,2,1,1,2,5,2,2,3,0,12,4,2,3,0,2,0,0,1,1,2,0,1,1,2,0,1,0,0,1,0,1,9,2,5,5,2,3,1,0,7,0,3,0,3,6,2,0,5,]
[3,0,3,2,3,8,1,4,1,7,0,1,3,4,5,4,5,0,1,2,1,0,0,17,0,2,6,0,0,0,3,1,0,0,11,0,2,0,3,0,12,4,7,0,1,1,5,2,4,0,3,1,0,2,12,2,0,2,3,0,1,3,2,4,]
[123,199,86,56,326,108,223,68,54,71,22,246,137,156,89,123,0,86,68,12,72,64,215,170,12,218,546,359,81,6,29,293,222,108,11,322,139,202,475,4,151,74,334,75,558,96,567,370,151,49,0,42,73,220,83,0,113,21,79,86,1,145,112,450,]
[655,106,394,147,4,99,98,136,26,33,69,38,159,379,174,7,5,425,62,16,58,5,127,126,27,50,70,5,148,93,222,40,60,72,81,67,17,54,4,46,34,299,201,134,22,1053,19,467,1,185,108,239,213,2,85,200,40,38,25,49,278,251,70,185,]
[0,3,8,1,2,0,1,0,1,0,0,1,1,0,0,0,3,0,4,3,0,0,0,0,2,0,0,0,0,0,2,0,0,10,0,0,0,0,0,2,0,0,0,1,1,1,0,0,6,0,2,0,3,3,0,0,4,2,5,3,1,1,3,4,]
[0,3,0,3,0,1,1,0,3,0,2,0,0,0,0,0,0,0,1,1,0,0,1,0,0,1,0,0,0,2,1,1,0,0,0,0,0,0,0,0,5,0,3,5,0,0,0,0,0,0,0,1,1,0,0,0,0,0,1,0,0,2,0,0,]
[3,0,0,3,1,0,5,6,10,8,5,2,17,5,28,6,3,2,3,4,15,2,7,22,13,10,0,13,7,6,1,10,5,0,19,6,2,1,1,3,1,1,0,12,3,3,24,3,3,2,1,3,4,4,3,7,2,2,4,4,5,5,14,1,]
[0,0,0,2,0,1,1,0,0,0,0,3,1,0,0,2,1,0,0,0,1,3,0,0,1,1,1,0,1,0,0,1,0,1,0,1,1,1,0,1,1,0,0,1,0,0,0,0,1,0,2,0,0,0,1,0,1,0,2,0,1,0,0,2,]
[6,2,7,0,2,4,26,1,13,1,4,21,2,4,3,25,3,6,1,4,1,9,8,4,23,24,9,2,2,22,14,11,12,4,11,1,1,4,6,8,0,1,5,4,18,4,1,4,9,18,3,4,5,1,2,2,8,7,1,2,1,6,0,7,]
[264,214,157,46,85,115,78,15,206,280,123,155,11,237,177,73,0,323,125,180,123,238,14,121,28,209,136,182,163,164,1,271,92,353,7,47,245,53,114,35,39,42,123,23,55,21,309,76,184,59,316,310,51,40,29,167,123,80,95,41,347,22,354,6,]
[0,21,34,9,24,12,40,44,3,27,97,25,36,82,5,110,82,7,40,92,18,18,4,3,45,40,19,249,50,51,147,7,6,93,113,37,8,50,17,1,11,103,19,41,29,15,24,16,19,85,92,67,47,89,13,4,80,40,42,58,7,35,7,60,]
[6,10,0,0,17,1,1,17,1,2,4,3,1,5,1,16,0,14,1,1,9,1,16,0,3,5,8,0,0,1,4,2,4,0,14,10,0,7,1,0,4,13,7,12,6,1,3,3,0,1,8,1,0,3,14,29,2,4,0,2,3,1,1,3,]
[5,7,0,46,22,2,11,14,5,20,15,3,13,4,20,5,2,1,8,3,0,4,8,7,3,3,1,5,16,2,5,0,4,5,3,7,0,0,2,0,3,10,2,8,5,3,0,1,1,0,6,32,10,7,0,13,3,1,10,13,0,0,5,13,]
[0,0,0,6,0,5,11,7,0,3,0,2,4,3,0,0,4,1,0,4,0,0,0,1,5,0,1,1,0,0,1,1,3,2,2,0,0,3,4,0,2,1,1,0,0,1,3,4,1,6,2,1,0,0,6,13,4,7,5,2,5,0,1,0,]
[5,2,3,5,0,2,8,3,0,0,5,5,0,0,1,1,1,0,3,0,3,4,1,4,10,0,4,0,1,3,0,1,0,0,3,0,0,0,1,0,2,18,2,0,0,1,0,0,3,2,4,4,2,9,3,0,0,6,4,1,0,1,2,1,]
[9,234,11,128,4,229,60,339,327,253,417,78,44,446,110,19,67,159,544,170,56,104,90,98,517,73,91,46,19,64,194,84,64,24,193,1,165,90,59,224,53,159,109,207,21,226,423,207,31,369,23,174,11,419,103,122,63,446,173,51,17,30,567,145,]
[244,3,284,126,412,219,14,65,79,69,121,331,72,156,16,0,183,30,139,197,4,38,0,37,127,36,115,622,697,471,756,59,66,27,69,112,496,57,219,105,59,16,16,74,43,340,100,232,6,17,131,30,252,111,57,46,178,1,138,82,268,448,841,130,]
[1,4,2,4,1,1,2,4,0,1,1,4,0,0,3,3,0,0,0,0,0,1,0,0,0,2,0,2,0,2,0,0,0,0,2,1,4,0,1,0,1,0,3,3,1,1,0,1,0,0,9,0,1,1,1,3,0,1,4,1,0,1,3,0,]
[3,2,0,1,1,0,0,0,2,1,1,0,3,0,0,0,3,0,0,1,1,0,2,0,0,2,0,0,0,0,0,1,0,1,0,2,0,1,0,1,0,1,0,1,0,2,1,2,0,0,0,0,1,0,0,0,0,0,0,0,1,0,1,0,]
[5,2,0,1,1,9,2,9,2,1,9,6,3,0,0,0,1,1,0,2,6,3,0,0,0,2,2,2,1,3,0,0,1,0,0,1,7,0,2,3,0,4,9,7,1,0,4,1,8,6,2,4,9,4,5,0,1,12,1,2,4,2,1,1,]
[0,10,0,0,3,0,10,1,0,4,0,11,2,3,0,1,4,0,1,8,5,13,3,6,3,4,1,2,3,0,1,8,9,3,1,1,0,0,1,3,14,3,1,2,8,1,7,4,7,2,3,3,7,1,3,0,0,6,5,1,0,1,0,0,]
[2,112,138,66,18,74,526,511,296,199,214,8,43,66,5,52,14,61,144,124,300,340,49,209,119,50,7,137,500,83,58,69,289,75,47,133,28,29,20,95,16,93,54,21,270,502,239,93,128,119,22,188,209,34,56,16,189,62,363,130,50,73,194,27,]
[152,269,7,126,227,226,167,249,219,225,400,123,53,32,96,19,52,48,329,419,27,585,13,89,14,41,78,56,84,550,89,390,359,160,392,216,254,174,67,3,12,244,48,123,60,221,184,194,68,111,38,131,520,135,248,43,13,7,119,52,134,23,65,64,]
[2,0,3,1,0,0,0,3,0,3,2,0,2,0,1,3,2,0,3,1,1,2,0,11,5,1,1,2,1,0,4,0,2,3,0,0,0,2,0,1,0,0,0,0,4,1,6,1,0,1,5,1,4,9,0,2,1,1,1,3,0,0,1,7,]
[0,2,0,0,1,0,1,5,2,0,0,3,1,1,0,0,0,0,0,0,2,0,1,2,1,0,1,3,1,0,1,2,3,0,0,0,1,0,2,1,0,0,0,0,3,0,0,0,1,0,0,0,1,0,4,0,0,0,0,0,0,0,1,5,]
[0,2,2,0,2,1,3,3,0,1,5,0,1,7,0,0,0,4,1,1,5,0,1,6,2,1,2,2,0,4,0,1,6,2,0,1,0,11,0,4,0,4,0,2,2,2,3,0,0,0,0,0,5,4,4,1,10,1,2,0,2,4,3,6,]
[0,5,1,9,0,0,10,9,0,5,1,0,3,6,0,1,3,6,12,2,2,2,1,0,7,1,5,0,0,1,0,2,2,2,0,0,0,0,3,3,7,3,0,1,1,11,4,5,3,1,3,8,2,3,0,14,5,4,0,1,0,1,3,3,]
[163,22,256,239,222,27,105,353,185,150,162,33,405,143,212,13,196,159,107,38,66,55,38,111,155,115,68,61,193,9,2,44,84,137,191,386,88,124,131,39,118,411,45,233,11,93,383,29,76,172,221,351,200,213,31,76,153,2,403,98,3,182,222,325,]
[123,516,38,19,243,334,63,102,55,182,63,10,507,62,71,144,385,121,191,37,115,345,149,13,148,474,165,42,175,359,30,4,92,117,113,27,137,84,8,88,50,72,98,274,19,62,36,94,15,50,161,20,215,20,332,93,384,99,40,64,105,36,184,20,]
[0,1,1,1,4,4,1,0,0,1,2,1,1,4,1,4,4,1,5,0,4,1,0,1,1,5,0,2,1,0,4,0,1,3,5,0,0,0,0,1,6,2,1,0,2,0,3,0,0,1,1,2,8,1,1,0,1,1,2,0,0,1,3,0,]
[0,3,0,0,0,0,0,0,1,0,1,0,0,0,1,1,0,0,2,0,0,0,0,0,2,0,0,0,1,0,0,1,1,0,0,1,0,2,1,0,0,0,0,0,3,0,0,2,0,0,1,0,0,0,0,1,0,0,0,0,1,3,0,2,]
[8,2,0,14,8,3,2,6,5,2,2,4,3,0,3,0,8,5,4,1,2,2,6,2,0,1,4,10,1,1,1,4,3,1,10,7,2,1,1,3,1,1,1,0,1,3,1,0,3,2,2,0,1,1,3,6,1,0,1,3,9,1,2,2,]
[0,0,3,5,13,2,2,6,4,1,2,2,4,2,4,4,5,0,3,0,6,3,1,1,0,7,6,0,0,2,0,0,1,3,2,2,0,7,1,0,0,0,2,3,1,0,5,1,2,5,5,1,4,2,1,1,0,1,0,2,6,0,0,3,]
[99,117,128,39,60,162,314,191,40,376,0,23,132,96,23,97,129,66,11,372,68,43,51,110,239,129,216,123,157,23,304,131,48,66,3,16,29,114,342,132,295,146,160,283,288,3,244,32,22,54,39,131,254,21,47,159,43,182,88,226,276,11,45,174,]
[75,378,52,122,188,111,319,74,123,28,196,60,267,48,104,8,139,118,87,73,115,70,258,51,23,84,35,125,78,241,184,79,111,23,151,150,61,117,11,179,143,19,143,188,20,384,188,91,184,63,8,131,343,49,52,448,52,400,85,36,19,393,30,162,]
[2,1,0,0,2,0,3,1,2,0,1,2,6,6,0,0,1,0,1,3,0,0,0,3,0,0,0,1,0,0,1,1,2,0,1,0,0,0,0,3,1,0,0,0,1,4,0,6,1,0,3,1,3,1,0,1,2,2,3,1,1,2,0,2,]
[0,0,1,2,1,1,0,1,2,0,1,0,1,0,0,1,2,0,4,3,0,4,2,0,0,2,1,0,0,0,0,0,4,0,1,0,0,0,0,0,0,0,1,0,0,0,0,0,1,0,0,1,0,3,2,1,4,1,1,0,2,1,0,1,]
[0,18,0,19,5,13,28,2,6,10,5,26,6,7,11,6,3,12,8,9,0,4,3,8,10,0,7,0,9,2,7,6,21,3,9,5,5,7,11,5,2,0,0,5,0,1,3,4,0,7,3,18,0,9,3,0,3,1,6,2,2,9,18,0,]
[0,1,1,4,0,0,1,1,0,4,1,1,0,5,0,0,0,0,0,6,0,1,2,1,1,0,1,2,0,0,1,1,0,0,0,1,1,0,0,0,0,0,2,1,0,0,1,0,0,1,0,0,1,1,0,1,0,1,1,3,1,2,0,5,]
[7,4,0,0,0,14,5,0,8,14,3,1,5,4,0,11,8,0,20,6,22,0,7,4,2,24,6,6,1,14,0,4,16,1,6,16,4,8,4,14,4,22,1,6,6,5,1,1,7,2,6,1,0,6,0,2,5,0,17,3,4,7,0,4,]
[129,99,159,196,822,61,110,247,63,82,312,102,1,14,44,412,180,30,10,238,29,100,108,529,188,4,169,40,83,161,58,236,9,142,66,358,152,365,431,53,30,259,20,9,33,311,318,13,171,561,50,163,9,41,10,175,226,1,212,172,196,151,489,73,]
[0,10,14,25,64,3,17,48,107,67,77,23,8,40,35,14,61,2,71,6,1,108,35,18,6,23,4,27,51,14,100,13,24,71,13,14,6,14,26,39,100,39,61,13,241,26,32,7,102,126,17,18,57,55,61,1,49,15,84,64,37,9,73,19,]
[3,12,4,4,3,1,1,5,10,0,5,8,7,6,3,11,0,2,6,0,0,2,1,10,6,8,7,1,13,1,9,3,4,5,2,26,8,4,0,10,5,0,1,4,4,3,0,1,6,0,0,0,3,13,17,3,12,16,3,3,0,0,7,7,]
[1,0,1,7,2,2,5,5,0,2,3,13,21,11,3,14,7,0,9,17,7,4,2,1,2,9,13,3,0,7,14,0,15,4,3,1,8,5,0,9,4,4,2,1,0,2,0,1,11,5,9,8,1,5,1,4,8,23,4,2,2,8,0,2,]
[0,0,0,10,0,3,4,8,4,8,4,4,1,0,3,0,1,3,2,3,0,4,0,0,2,0,3,1,2,0,1,6,0,0,0,1,1,1,6,3,2,7,4,3,5,1,1,0,2,0,4,1,0,2,0,5,6,1,0,2,2,0,0,2,]
[15,0,1,1,3,1,4,3,0,2,9,0,11,0,1,2,0,5,1,0,4,0,1,3,1,0,1,0,2,6,1,2,4,2,0,1,1,3,0,5,2,2,4,0,12,2,5,0,25,2,0,0,0,1,5,2,0,0,3,0,1,5,4,13,]
[55,26,293,69,363,312,36,203,34,21,256,179,62,16,81,197,62,62,99,144,99,35,86,498,210,10,280,14,257,1,246,263,107,125,325,167,12,276,21,225,43,99,23,122,4,0,55,350,299,189,403,105,84,95,40,460,52,78,71,64,290,214,175,79,]
[235,662,7,60,54,67,83,268,93,55,755,642,319,176,61,170,199,78,55,4,154,163,96,23,361,15,103,263,37,211,76,171,2,64,45,138,38,326,67,83,164,224,54,92,322,55,119,272,826,464,1,55,71,46,372,11,112,366,276,90,163,148,217,451,]
[5,2,0,1,0,1,7,0,4,2,0,1,2,0,0,1,2,0,0,2,0,0,8,8,0,1,2,0,1,2,2,2,0,2,0,2,3,2,3,1,0,2,4,1,0,5,2,0,0,1,3,0,0,3,5,1,1,2,3,0,0,2,1,2,]
[0,2,0,1,0,1,0,0,0,3,0,2,0,0,0,2,0,1,0,0,0,4,0,0,0,0,0,3,1,0,2,0,0,0,4,2,0,0,1,1,0,1,0,0,1,1,1,0,0,1,1,0,0,1,2,0,0,0,0,0,0,0,0,0,]
[0,0,2,1,1,0,2,6,2,0,0,2,9,2,1,5,1,3,7,1,2,0,2,0,1,1,2,0,0,0,0,0,0,2,7,0,16,4,15,2,9,7,3,9,1,4,2,9,5,0,0,0,2,6,3,0,11,1,0,2,6,3,3,0,]
[2,5,0,1,0,0,0,0,1,1,6,4,0,0,4,4,1,8,4,0,2,2,8,0,0,0,3,0,1,1,8,0,2,10,8,3,2,0,3,8,0,4,0,3,1,4,1,6,3,0,6,5,7,8,3,1,7,0,0,14,2,1,10,5,]
[62,847,40,102,30,84,51,243,80,38,188,15,11,171,253,53,20,1,208,144,208,34,287,220,43,21,208,208,417,48,191,6,18,384,561,144,161,2,36,149,90,74,455,112,688,145,223,22,222,240,112,202,411,400,47,0,53,21,169,42,13,59,209,85,]
[165,9,18,7,27,6,25,103,45,21,66,336,5,72,225,20,69,21,90,6,34,294,383,19,126,31,3,80,15,422,320,74,271,281,67,117,118,24,123,36,5,1,78,124,185,69,177,28,64,12,16,144,0,288,252,349,89,78,5,129,208,87,16,191,]
[3,0,0,1,1,1,0,1,7,2,0,0,1,0,0,9,2,0,0,1,1,0,3,2,0,2,1,0,2,0,3,3,4,0,0,2,3,0,1,2,3,3,0,0,1,1,1,0,0,1,0,7,0,0,1,0,3,0,0,3,0,1,0,2,]
[1,0,0,0,0,0,0,1,0,2,0,3,3,1,0,4,0,0,2,0,0,1,1,0,0,0,0,1,0,2,3,1,0,0,0,0,0,0,2,0,0,1,0,0,1,3,3,0,0,1,0,0,0,2,2,2,0,1,0,0,2,0,0,0,]
[5,5,5,1,5,4,7,1,5,3,0,1,0,1,2,0,3,0,3,6,6,1,0,0,6,2,3,1,2,3,3,0,1,1,2,0,4,1,4,4,7,11,3,4,4,0,8,4,1,0,18,5,0,0,4,2,1,1,1,3,0,1,7,1,]
[4,2,5,1,1,1,0,1,1,1,9,0,5,1,1,2,2,0,4,0,5,0,1,1,0,2,0,0,7,5,0,1,0,4,1,0,4,10,9,1,6,0,9,0,2,1,0,6,1,0,0,0,2,3,12,6,0,1,0,3,3,0,3,3,]
[46,6,446,46,35,82,56,1,294,134,123,214,15,187,120,111,28,43,31,225,54,31,112,265,714,24,273,74,132,42,71,83,58,49,6,70,31,170,27,246,331,43,80,58,151,146,77,106,177,112,31,213,174,159,203,116,9,44,74,319,40,129,70,74,]
[339,333,31,241,446,102,469,86,8,314,110,277,47,505,102,93,23,20,238,86,48,26,61,165,211,76,86,11,41,66,153,405,62,41,239,78,111,211,251,13,326,370,297,193,8,19,75,159,128,51,116,250,250,223,215,349,112,22,48,301,235,189,99,472,]
[3,0,2,1,1,2,1,2,4,2,5,0,7,0,2,5,0,1,4,0,2,0,0,1,1,0,2,1,0,2,3,0,4,1,7,0,0,0,1,0,7,1,1,0,1,2,1,1,0,1,0,0,1,0,1,0,7,2,0,2,0,3,0,4,]
[4,1,0,0,0,0,0,0,0,0,0,0,0,0,0,0,0,0,0,0,0,1,0,0,0,0,0,1,0,0,0,0,2,0,0,0,0,0,0,1,3,0,1,1,2,0,2,0,0,0,0,0,0,1,2,0,0,1,0,0,0,2,1,0,]
[0,1,1,2,4,5,0,0,5,7,2,2,1,3,0,0,4,0,0,5,6,1,0,5,0,0,2,1,4,7,6,0,10,2,0,2,3,0,3,2,4,2,1,0,6,5,1,1,2,0,1,11,3,3,0,1,1,6,3,5,4,0,0,3,]
[0,3,3,0,5,0,1,1,1,3,0,3,9,2,0,0,0,0,5,0,1,2,2,0,2,0,13,2,2,0,1,7,5,0,4,9,0,1,2,1,0,0,2,0,7,1,3,6,0,7,4,7,7,0,3,1,1,0,3,1,1,17,1,2,]
[87,76,8,55,189,456,0,260,4,89,256,214,30,20,76,53,163,105,81,82,67,109,74,59,59,29,137,56,100,21,12,21,33,2,19,594,220,30,1,47,9,35,74,312,9,43,133,136,92,100,429,16,25,182,76,100,319,289,216,63,174,29,122,109,]
[37,684,10,265,65,122,33,186,6,231,250,203,25,102,308,296,32,64,120,121,135,76,83,122,29,63,41,10,93,231,373,61,135,88,292,122,288,105,12,26,234,452,250,254,253,56,110,21,268,50,143,188,62,138,13,36,177,38,52,250,179,48,7,340,]
[2,0,1,1,0,3,5,8,0,0,7,0,3,2,5,2,2,0,0,0,1,1,3,2,1,3,0,3,0,3,2,0,0,0,4,7,2,0,2,1,1,1,1,0,0,3,6,1,4,7,1,1,0,0,3,1,0,2,1,0,6,5,0,5,]
[1,0,0,1,0,0,5,0,0,0,1,0,0,1,0,1,0,0,1,2,0,2,0,1,2,3,1,1,2,0,0,1,1,0,0,2,1,0,0,0,0,0,0,0,1,0,0,0,1,1,1,0,0,0,0,2,0,0,0,1,0,1,1,2,]
[1,1,3,8,4,0,8,6,1,3,9,3,0,1,12,11,9,2,4,5,8,35,1,0,1,10,4,4,4,0,3,4,30,27,2,0,4,3,8,4,22,3,0,3,1,13,0,3,3,7,3,13,0,1,17,3,18,0,2,1,0,19,0,0,]
[0,0,0,0,0,1,3,0,1,1,0,2,0,0,0,0,0,0,0,0,0,0,1,0,0,0,1,2,1,0,1,2,0,0,6,4,0,0,0,0,0,0,0,0,0,0,0,1,3,1,0,1,2,0,0,0,1,0,0,4,0,0,1,0,]
[2,13,7,29,12,30,16,2,0,4,19,1,11,7,2,3,11,4,9,6,3,13,4,4,2,16,6,6,3,17,8,0,10,4,30,1,5,7,5,15,6,2,6,6,8,0,29,4,2,7,12,0,4,5,33,0,13,0,9,4,5,20,2,2,]
[65,119,170,55,158,36,156,10,560,1042,39,20,3,12,138,86,84,116,55,33,79,30,25,129,59,89,163,108,11,19,90,141,269,44,100,231,80,143,27,211,331,156,77,17,194,182,169,385,14,233,149,422,251,17,101,81,34,0,203,57,118,98,53,31,]
[3,54,108,15,44,5,67,67,27,55,21,23,32,43,135,232,5,49,44,12,58,2,77,91,23,80,5,106,5,4,49,30,30,7,92,124,69,12,95,14,16,41,34,55,19,28,11,48,42,90,44,6,73,25,4,72,51,20,9,25,4,0,6,38,]
[5,13,12,8,3,7,1,2,4,6,3,15,10,0,0,3,3,0,1,23,9,1,0,6,13,2,0,7,2,5,6,0,0,8,5,4,4,6,0,11,2,4,5,3,3,16,0,1,2,3,8,4,9,1,3,19,8,3,5,19,5,16,1,1,]
[5,1,19,0,2,0,0,0,2,8,8,1,2,10,1,3,11,14,33,14,0,4,6,2,18,13,1,11,8,2,3,3,25,3,8,4,8,3,6,2,9,10,4,3,2,3,1,8,0,11,8,20,0,0,11,7,4,12,5,14,1,0,0,8,]
[2,0,6,1,2,0,0,2,1,0,0,1,5,4,17,9,0,0,0,1,3,0,11,1,2,1,5,5,1,1,0,3,0,11,1,2,0,0,0,1,0,0,3,0,19,0,1,5,0,1,11,0,0,0,10,2,0,3,1,0,0,1,0,2,]
[1,0,1,1,0,0,2,0,1,3,2,0,0,2,2,3,3,0,2,9,4,6,3,1,6,1,0,5,1,0,1,0,3,10,3,7,9,2,0,0,0,5,5,6,11,3,4,0,0,1,3,5,9,5,0,2,7,2,0,3,4,2,1,1,]
[635,252,365,45,257,80,431,8,143,749,8,143,51,348,15,229,1,21,381,32,55,66,106,296,427,172,15,16,196,52,26,5,184,169,333,273,129,176,72,146,66,190,122,367,152,383,10,34,173,11,306,33,1,152,16,175,12,2,36,123,96,153,48,28,]
[73,672,14,246,253,111,54,157,83,53,31,346,182,765,88,654,28,26,85,108,94,79,111,79,178,34,346,384,294,253,203,334,58,92,58,82,6,732,105,205,98,18,64,79,112,86,876,89,19,138,134,42,22,29,24,119,3,109,217,223,20,128,185,39,]
[0,0,5,0,2,4,3,2,2,4,0,3,3,0,0,6,0,3,2,9,8,1,4,5,1,0,1,0,0,0,1,0,0,2,0,4,0,2,0,3,1,3,1,2,0,3,0,0,0,8,4,0,3,0,0,0,0,0,2,0,3,3,0,0,]
[0,0,0,0,0,4,0,0,0,1,0,0,1,0,0,6,4,0,2,0,0,1,0,0,0,0,0,3,0,1,0,0,0,0,0,1,1,1,0,0,0,1,1,1,0,0,1,1,1,0,0,1,0,0,0,0,0,1,0,0,0,0,0,3,]
[6,1,2,0,0,5,0,0,2,10,9,1,1,0,2,5,2,8,2,7,1,0,3,0,4,0,0,4,4,2,2,4,0,7,18,2,5,1,0,2,2,3,2,0,6,0,3,0,0,0,4,0,6,0,1,3,0,7,2,0,2,1,3,7,]
[1,2,3,5,3,3,0,1,3,3,2,0,1,3,8,2,2,5,7,6,2,0,0,2,3,1,4,0,14,3,0,2,7,2,9,0,8,1,0,0,1,15,0,7,14,4,0,0,3,3,0,0,0,0,0,3,3,4,6,4,1,1,4,1,]
[403,130,76,34,4,33,22,312,24,9,135,31,202,123,1,63,301,3,10,93,72,60,276,12,97,46,2,75,90,4,34,55,391,3,34,177,454,129,764,196,0,352,318,52,297,113,36,69,42,208,94,379,128,197,152,39,8,63,101,70,5,8,335,44,]
[31,170,126,369,20,73,51,131,186,49,240,27,338,143,72,18,60,33,114,294,204,41,66,123,36,74,249,31,232,99,45,24,117,321,302,74,3,196,7,161,279,238,236,104,26,67,247,14,168,415,7,263,305,9,46,320,103,7,33,301,144,97,194,209,]
[3,0,5,1,1,4,0,0,3,1,2,0,0,0,5,0,1,0,2,0,10,1,1,0,0,4,0,2,0,6,0,4,2,2,4,0,2,5,0,0,4,4,2,7,0,0,3,0,1,0,0,5,0,1,0,0,3,3,0,3,2,2,1,4,]
[1,0,0,1,0,2,0,0,1,0,1,4,1,0,0,0,0,0,2,0,0,2,0,0,0,1,0,0,0,0,2,0,0,0,1,2,2,0,0,1,1,0,3,0,0,2,0,4,0,0,1,1,1,0,2,1,0,1,0,0,1,0,1,0,]
[0,2,0,0,2,3,0,1,4,8,1,3,7,4,0,4,0,5,2,2,10,14,0,4,2,3,6,2,0,2,7,3,0,0,1,5,5,5,6,6,2,0,2,9,17,1,3,14,1,4,0,2,5,5,3,4,0,1,19,11,0,0,0,0,]
[1,4,0,1,0,0,4,5,5,4,5,1,6,0,3,6,0,4,0,5,2,1,3,4,3,1,11,0,3,2,1,7,2,3,0,0,1,0,3,1,1,14,0,1,5,2,0,1,2,2,3,3,0,2,2,4,2,1,1,0,0,1,1,1,]
[80,58,131,122,154,77,223,81,43,115,61,92,11,484,291,49,472,191,82,7,73,17,260,76,90,118,543,64,24,134,222,2,3,36,349,46,19,102,87,242,14,93,185,236,14,10,24,325,95,9,190,21,189,77,4,104,1,116,343,46,161,100,194,326,]
[109,19,95,20,2,53,274,18,123,9,85,271,92,288,104,162,332,275,545,328,200,24,86,124,118,75,38,3,180,95,374,177,56,12,44,28,35,252,61,605,83,148,28,220,93,261,323,334,113,83,86,75,110,188,197,81,148,155,105,6,234,129,283,48,]
[1,1,2,9,4,0,0,1,0,4,1,10,0,3,4,3,2,0,2,1,3,2,1,2,0,1,1,0,0,1,0,2,2,0,1,5,1,0,1,0,0,0,1,3,2,0,1,0,2,0,1,6,0,0,0,0,3,3,0,0,0,0,2,3,]
[0,1,1,0,0,0,0,0,0,0,4,0,3,0,2,0,2,0,1,0,1,2,4,0,0,0,0,3,1,1,0,0,2,1,0,0,0,0,3,0,2,0,0,1,0,0,0,0,0,1,0,0,0,7,0,0,1,1,1,0,0,1,1,5,]
[3,1,3,3,3,0,0,0,1,0,6,1,5,0,1,2,0,8,3,4,1,1,5,2,1,2,6,0,0,0,1,1,2,4,3,1,0,0,1,0,2,15,9,4,1,0,2,6,7,2,0,1,2,0,6,0,1,0,2,2,0,1,6,2,]
[30,0,11,6,2,5,1,3,0,1,2,2,2,1,8,0,2,4,1,0,11,1,4,2,8,0,4,2,0,0,1,4,0,2,11,5,1,1,6,2,0,0,0,1,2,2,4,1,3,4,6,0,1,1,2,5,1,3,1,5,0,1,4,3,]
[37,101,243,345,142,80,49,22,4,250,106,101,38,211,17,4,408,20,468,98,21,225,82,267,67,399,478,203,2,72,75,195,60,113,341,46,71,23,166,256,23,34,64,476,240,308,210,225,256,125,122,253,229,97,24,5,110,84,0,17,96,60,125,329,]
[355,59,307,117,199,203,347,273,26,93,138,254,168,460,50,35,18,62,27,373,65,141,52,178,258,68,205,240,6,87,395,286,129,194,391,216,34,2,327,125,75,20,39,94,76,212,136,117,104,274,145,397,490,206,65,25,77,46,314,128,68,124,252,716,]
[0,0,1,1,0,2,1,1,0,3,0,3,0,0,0,1,2,2,4,0,3,4,0,0,0,1,1,3,2,0,2,4,1,0,0,6,1,4,0,0,1,0,5,0,2,3,3,0,1,1,0,0,0,0,0,1,3,0,1,3,0,0,0,0,]
[0,1,2,0,0,0,0,0,0,0,0,1,0,2,1,0,0,2,1,0,0,0,0,0,0,2,0,1,0,0,0,1,0,0,0,2,1,0,2,2,1,0,0,0,0,1,0,0,0,2,2,1,1,1,0,0,0,1,0,3,1,2,0,0,]
[1,1,0,10,6,7,5,6,16,7,1,0,11,1,1,3,9,3,9,11,1,0,29,14,3,4,3,2,3,2,5,0,4,3,49,0,15,13,0,1,1,13,13,0,8,5,9,0,4,11,3,10,1,7,9,4,4,15,5,12,17,4,12,3,]
[1,0,2,1,1,0,0,0,0,1,1,0,0,0,0,1,0,0,1,0,0,3,0,0,1,1,0,0,0,0,2,2,0,0,1,0,0,0,0,1,0,5,0,0,0,1,2,0,0,0,0,1,0,0,1,0,0,2,1,1,0,1,1,0,]
[21,5,9,10,3,22,5,3,2,1,7,6,6,8,2,2,9,14,0,5,2,1,15,0,5,0,1,9,0,12,2,4,3,5,5,0,17,15,2,12,3,1,17,0,5,12,1,30,6,17,4,16,9,10,1,6,6,5,3,7,0,27,4,6,]
[43,76,165,540,156,32,144,145,67,58,512,18,57,22,69,66,122,23,341,51,19,207,13,137,0,65,515,189,154,501,137,94,41,12,6,22,190,90,111,36,53,341,48,25,198,420,276,78,236,76,25,37,186,187,56,106,245,15,28,46,208,282,308,86,]
[5,45,94,18,155,24,157,15,50,9,75,13,19,41,10,3,18,173,31,8,168,31,144,14,53,25,16,6,9,107,44,30,29,152,29,103,183,33,108,99,1,25,63,3,40,10,27,167,107,11,6,25,76,0,18,130,30,56,139,172,27,26,30,176,]
[1,19,0,2,10,15,12,0,0,3,3,1,5,5,0,0,14,0,4,4,10,8,4,6,2,1,3,10,2,3,0,5,1,1,7,4,4,2,2,5,7,1,7,5,19,8,27,3,4,7,22,6,17,12,16,5,27,2,18,5,10,1,3,2,]
[0,0,13,0,0,2,4,0,1,3,2,19,3,0,0,2,5,2,22,1,5,3,6,0,6,11,3,8,3,2,15,14,0,4,2,3,0,1,8,4,6,2,2,0,1,10,0,0,10,1,2,1,0,2,0,3,0,12,3,18,9,3,9,3,]
[0,0,7,3,2,4,5,4,6,6,1,3,0,0,4,1,1,3,1,4,0,3,1,0,3,0,0,3,2,1,1,0,4,5,2,0,0,1,12,3,0,0,0,8,6,0,1,5,1,2,3,1,5,2,1,0,2,8,0,0,0,3,9,3,]
[8,1,8,1,2,1,3,1,1,5,1,2,5,8,7,3,1,5,1,2,1,1,1,0,1,4,4,1,3,3,3,1,1,0,0,7,1,0,4,0,0,5,10,0,1,1,0,0,5,9,1,3,4,3,1,2,5,12,1,9,0,7,1,0,]
[229,20,175,8,99,167,380,123,70,193,65,100,161,9,72,354,408,549,23,122,38,430,7,189,9,333,9,48,15,17,172,427,51,214,54,106,31,62,267,82,40,16,39,319,506,35,121,30,66,25,29,61,472,51,148,149,116,122,65,112,12,47,25,266,]
[116,43,251,108,6,161,15,70,323,119,135,125,58,106,80,2,138,17,125,167,68,73,59,100,137,248,84,2,202,249,55,42,294,143,121,305,320,176,50,215,52,116,124,54,230,2,203,60,1,134,71,166,39,346,61,37,7,4,89,125,38,9,139,102,]
[1,0,0,2,0,4,1,1,0,0,0,0,2,0,10,2,2,1,0,3,0,0,3,4,4,2,0,0,0,3,4,0,0,5,2,0,4,0,2,2,0,0,1,0,0,0,0,3,4,4,3,3,0,2,0,4,5,1,1,6,4,2,4,0,]
[0,1,0,1,1,0,0,0,0,3,0,1,1,0,0,1,1,0,2,0,0,0,0,0,0,0,0,0,0,1,0,0,0,1,0,0,1,0,0,0,0,0,0,0,0,3,1,1,0,0,1,0,2,1,1,1,0,0,0,0,3,0,0,0,]
[2,1,0,1,4,3,1,13,1,7,1,0,5,6,1,5,0,1,3,6,2,7,2,0,3,4,2,0,3,6,2,0,1,1,7,13,0,1,3,2,2,0,2,1,3,3,0,0,3,4,8,4,1,0,1,0,2,0,0,12,0,4,1,5,]
[0,2,4,6,4,2,0,0,2,0,1,0,1,1,6,0,3,0,6,2,6,4,11,3,0,0,1,13,0,1,2,1,7,6,3,5,0,3,8,4,12,0,0,2,0,1,5,1,1,1,3,8,0,8,4,4,2,5,2,1,3,0,1,0,]
[126,379,247,222,32,503,104,59,333,22,145,59,201,236,320,12,41,97,237,205,24,106,507,112,31,132,158,263,128,300,194,51,165,336,183,233,79,166,224,106,165,409,358,332,7,17,84,152,58,64,1,65,138,453,125,209,356,71,3,1,215,98,77,43,]
[30,379,335,189,452,41,71,4,111,6,247,116,7,141,160,107,172,68,22,4,62,84,29,388,223,51,1,0,268,256,52,136,48,185,246,45,518,159,132,34,39,111,44,218,36,127,476,337,10,27,73,220,144,56,37,249,66,182,48,189,0,90,476,51,]
[6,1,0,3,2,0,0,3,0,2,5,0,2,2,1,2,5,1,5,0,0,1,4,3,1,0,2,0,6,1,1,0,0,3,0,1,2,1,2,1,1,0,2,0,1,0,6,1,3,1,8,1,0,2,11,0,0,1,1,3,1,0,6,5,]
[2,0,0,0,0,0,0,1,1,0,0,0,0,0,0,1,0,0,0,1,1,0,0,0,0,1,2,0,1,0,0,1,0,0,1,0,1,0,1,0,1,0,1,0,2,0,0,0,0,0,0,0,1,0,2,0,0,0,0,0,1,0,2,0,]
[0,6,2,1,2,1,0,9,1,0,0,1,1,0,1,1,2,2,0,4,0,1,1,2,2,6,8,3,2,3,0,2,0,1,3,1,1,0,1,2,6,0,0,15,0,2,0,0,5,5,4,0,2,1,7,3,2,6,0,0,2,0,3,0,]
[7,4,0,0,1,4,1,0,1,0,3,2,2,5,2,1,7,4,7,2,0,0,0,1,4,5,5,0,3,2,0,2,2,0,2,4,2,0,2,5,3,1,1,6,0,2,5,0,3,3,1,4,2,0,0,0,0,0,3,3,0,6,4,4,]
[31,245,147,146,72,55,292,289,121,27,110,56,121,29,47,39,40,133,10,42,218,35,297,194,118,462,186,134,103,97,133,133,281,166,26,119,154,735,38,277,126,46,46,58,133,207,458,4,136,53,66,19,222,31,37,45,20,188,759,73,125,17,2,90,]
[318,140,376,25,6,85,26,58,33,129,150,5,58,26,185,521,7,622,36,45,62,2,230,165,147,36,178,211,189,188,363,162,160,33,416,57,47,632,278,182,50,42,4,638,269,143,347,76,9,200,29,471,402,121,536,208,88,101,148,187,27,108,131,368,]
[8,1,3,0,1,1,8,1,2,2,3,1,1,0,2,0,0,0,0,1,0,3,0,0,2,1,3,2,2,0,1,4,0,0,1,1,0,0,6,0,0,2,1,1,3,0,3,0,4,0,1,0,1,0,1,4,0,1,0,0,0,7,5,0,]
[2,1,1,0,4,0,1,0,4,1,0,1,0,0,1,1,0,0,2,0,2,0,0,0,0,0,1,1,1,0,0,1,0,0,1,0,0,0,0,4,1,2,1,0,0,1,4,0,1,2,0,1,0,2,0,0,1,0,2,1,0,0,0,1,]
[0,0,3,3,7,2,5,2,0,4,0,2,0,4,2,1,4,0,5,1,1,1,2,0,4,3,2,4,0,3,2,8,4,5,0,3,3,1,0,3,8,2,4,2,0,2,0,2,0,3,6,0,1,2,0,1,4,1,8,3,2,0,1,0,]
[2,0,0,5,0,1,4,1,0,3,5,0,5,0,0,2,0,0,7,4,2,0,1,4,9,6,0,0,2,2,3,7,0,0,0,0,2,3,7,0,0,5,2,11,0,0,1,1,0,0,0,2,4,0,6,0,4,4,0,3,0,0,6,0,]
[97,284,118,183,268,176,37,77,68,93,155,173,8,216,27,104,400,221,459,108,228,141,186,117,5,346,78,72,138,63,125,160,62,123,351,341,63,237,210,144,31,10,78,4,26,43,20,96,10,393,137,424,176,150,116,73,233,113,238,301,608,259,130,52,]
[160,122,56,199,271,136,683,373,108,44,4,55,97,18,12,53,101,91,1,19,107,54,231,88,305,162,1,51,279,69,162,66,367,347,120,200,88,6,12,248,56,0,23,12,42,300,84,19,111,173,157,64,412,215,128,532,172,36,219,66,14,148,192,109,]
[2,0,0,0,0,0,0,1,3,1,3,0,2,1,2,3,0,2,0,1,0,0,5,2,2,1,0,1,1,0,0,4,2,0,3,4,1,0,6,2,0,0,3,0,2,0,2,0,5,5,1,5,1,6,0,1,0,1,0,0,3,3,0,1,]
[0,0,1,1,0,0,0,0,0,0,0,0,0,1,0,1,0,0,1,0,3,0,0,0,0,4,1,1,0,0,1,0,2,0,0,0,1,1,1,1,1,1,0,0,1,0,1,1,1,0,1,1,0,0,0,2,0,0,0,2,0,2,2,0,]
[0,10,1,7,1,12,7,2,2,3,5,6,8,1,0,2,12,1,7,5,0,0,2,2,10,0,15,2,18,9,3,4,8,9,10,3,15,25,8,0,9,7,12,2,11,5,17,3,5,0,3,9,13,0,2,7,5,8,0,2,6,4,14,0,]
[0,0,1,2,0,1,0,1,0,0,0,0,0,4,0,0,0,2,0,1,1,0,0,0,0,1,0,0,0,0,0,1,0,0,4,1,0,3,0,1,0,1,0,0,0,0,0,2,0,1,3,0,0,3,1,1,0,0,0,0,0,1,1,0,]
[11,17,7,4,2,4,7,12,21,1,5,0,2,5,0,6,20,14,0,0,6,3,14,3,6,6,8,12,0,6,4,24,4,0,24,2,3,7,1,24,3,0,1,7,1,0,12,12,0,0,2,6,0,0,2,0,27,3,8,7,3,13,4,9,]
[86,88,160,354,297,436,47,18,2,95,548,69,389,5,73,404,170,287,59,31,194,67,232,116,255,20,156,162,393,354,50,62,257,14,128,74,59,244,168,64,12,36,236,512,5,40,78,34,116,21,0,126,17,251,33,263,9,83,32,25,578,163,42,146,]
[27,49,117,73,26,33,15,39,30,26,74,60,2,134,0,32,67,33,71,16,11,78,65,22,9,43,45,102,119,107,224,59,42,6,41,8,37,45,51,6,2,38,3,18,30,22,30,108,105,38,119,50,33,32,45,165,54,13,25,67,20,47,21,105,]
[3,5,4,13,1,0,0,2,12,5,16,6,3,0,12,3,1,2,2,11,10,3,1,3,22,6,3,18,0,6,2,0,4,7,0,4,1,18,9,0,4,9,0,11,9,24,5,9,4,1,0,11,0,1,0,1,2,1,21,11,7,7,12,6,]
[2,0,2,2,9,3,1,16,17,0,0,8,1,1,10,4,15,3,4,11,3,1,4,3,17,4,2,2,4,8,0,3,2,15,0,1,1,6,0,0,0,1,1,7,10,4,3,0,0,2,0,0,3,0,0,1,4,3,0,7,2,1,0,8,]
[9,0,5,2,1,0,1,2,2,0,3,1,2,3,1,1,6,3,0,2,1,0,0,1,4,4,13,3,3,2,3,7,6,9,10,0,1,1,5,0,3,1,4,0,1,1,0,1,0,13,2,1,2,3,1,2,0,0,8,3,8,0,0,0,]
[3,4,3,0,4,0,8,0,3,1,6,0,1,6,6,3,0,4,2,1,2,0,7,0,4,0,2,1,0,5,1,5,4,9,10,3,2,0,5,0,3,1,10,1,13,3,4,0,0,0,1,2,1,1,4,0,4,0,6,2,4,1,12,2,]
[152,112,173,14,38,145,195,38,148,155,27,159,156,88,12,178,212,42,68,73,485,111,165,140,85,257,203,255,7,78,17,14,13,5,84,139,187,61,54,174,125,28,124,139,54,203,266,52,68,284,34,126,83,42,73,70,99,276,49,139,480,312,270,50,]
[423,35,147,300,0,269,188,343,162,134,28,355,1,94,0,143,65,81,49,50,2,17,236,157,686,5,86,67,59,339,253,31,153,141,467,45,52,279,80,81,67,9,90,385,575,600,10,142,153,218,181,3,888,171,99,18,48,381,75,73,383,76,56,41,]
[1,0,7,0,2,2,0,3,0,1,1,0,3,0,0,3,2,3,3,1,0,5,1,2,1,4,3,0,1,1,0,0,0,2,3,4,0,0,3,2,3,3,1,1,1,0,3,1,0,0,1,5,1,3,1,4,2,0,0,1,1,1,0,3,]
[0,1,0,1,0,0,0,1,0,0,1,0,0,2,0,1,0,0,0,3,3,1,0,1,0,0,0,0,1,0,2,0,0,0,0,0,0,0,2,0,0,0,1,2,0,1,0,1,0,3,1,0,1,1,0,1,0,3,0,0,0,0,0,1,]
[5,2,1,2,0,2,1,3,6,0,2,12,1,0,5,3,2,5,2,0,1,7,0,2,1,5,1,0,2,9,0,1,4,2,2,4,0,1,2,0,0,2,7,0,0,8,5,1,14,1,1,2,9,0,0,0,3,4,0,0,0,0,0,0,]
[3,5,0,2,1,7,0,6,3,4,1,0,3,2,2,4,2,0,4,8,0,4,0,1,1,0,1,2,0,2,4,3,2,1,8,2,5,3,4,13,0,3,7,0,2,3,14,1,3,0,3,3,1,0,1,5,4,0,0,11,4,6,0,5,]
[18,191,82,20,236,182,38,193,175,656,225,31,64,530,115,90,33,61,324,218,7,24,37,169,168,143,360,47,4,181,294,212,102,39,124,9,355,15,28,151,179,36,23,136,96,3,23,128,22,199,1225,22,271,220,87,4,82,35,88,119,2,94,867,90,]
[279,234,170,74,392,343,15,743,87,168,328,29,566,69,140,132,403,459,375,235,48,118,160,157,2,190,165,124,98,113,33,446,466,117,93,192,31,71,109,516,259,112,147,1,370,71,13,81,4,49,25,311,144,162,101,68,76,382,106,102,6,189,258,141,]
[1,0,0,1,2,0,1,3,0,1,3,1,2,0,0,4,3,2,4,0,2,2,1,0,0,0,2,0,3,3,3,5,1,2,0,0,4,1,0,1,0,5,5,1,0,2,2,0,0,4,1,0,1,0,2,1,0,1,0,0,0,2,0,0,]
[0,0,2,0,1,0,3,0,0,0,0,0,1,0,2,0,0,0,0,4,2,1,0,0,2,1,0,0,1,2,1,0,1,0,0,1,0,3,0,1,1,0,0,0,0,0,1,0,0,1,0,1,0,1,0,1,0,1,0,0,0,0,1,2,]
[2,5,2,1,0,10,1,11,6,2,2,1,0,1,0,0,4,0,2,3,0,7,8,2,14,0,0,0,0,3,0,4,0,12,4,0,2,0,0,6,0,1,0,2,3,0,4,2,5,2,1,1,15,0,0,1,1,1,2,1,4,1,3,1,]
[4,1,2,1,7,3,0,3,1,1,1,1,4,0,1,8,13,2,5,0,1,2,0,5,1,12,1,3,2,2,0,1,7,9,0,0,1,1,0,2,2,0,2,4,9,7,0,2,3,0,3,0,4,1,3,3,4,1,10,0,0,4,7,0,]
[369,188,14,429,30,381,287,348,116,201,155,275,109,166,78,81,11,11,69,451,183,68,201,159,30,15,466,51,65,3,132,198,9,19,83,43,86,383,2,137,113,69,14,331,83,577,110,236,229,204,305,98,23,29,164,4,22,40,135,428,245,78,89,38,]
[6,99,133,205,192,150,61,32,110,13,219,220,278,88,7,35,81,66,2,149,109,245,74,7,151,23,376,232,15,85,81,138,0,433,23,104,17,4,336,31,236,323,0,8,106,124,17,13,73,402,9,14,324,138,62,47,72,166,88,328,75,351,150,71,]
[6,0,0,1,3,3,0,2,4,0,1,0,1,0,4,1,2,2,7,6,2,1,3,2,3,0,8,1,6,4,0,0,2,0,1,0,0,3,4,1,0,2,1,4,6,0,5,1,0,2,0,2,2,0,6,2,1,1,0,0,4,1,3,1,]
[1,4,1,0,2,0,1,0,2,1,0,1,0,3,1,1,2,1,0,0,0,0,0,0,0,0,2,0,0,0,0,0,0,0,0,0,1,0,0,2,0,1,0,0,0,0,0,0,0,0,0,0,2,0,0,0,0,1,1,1,0,1,0,1,]
[1,5,3,0,2,2,0,0,0,4,2,2,4,4,8,0,0,2,4,2,0,5,4,1,4,1,3,1,6,4,0,5,0,4,1,0,2,0,2,1,1,0,1,4,2,0,1,1,8,1,0,12,1,0,3,1,0,2,0,2,0,2,2,19,]
[3,9,1,0,2,2,2,4,0,2,0,1,3,6,0,1,5,4,9,6,3,1,5,1,0,4,0,2,2,0,2,1,8,0,0,2,0,0,3,4,0,3,1,2,7,0,0,4,0,7,3,2,0,2,0,0,0,2,5,1,0,5,0,1,]
[150,52,82,41,65,134,165,170,36,127,19,144,42,9,43,5,55,5,170,66,4,105,701,19,31,219,251,202,436,21,26,312,0,235,200,310,17,36,21,145,6,1,107,242,1,41,111,163,48,199,151,152,179,95,207,18,18,105,69,610,338,37,30,117,]
[174,235,5,138,134,14,123,5,159,1,101,188,414,134,86,378,50,94,42,2,131,53,221,27,210,100,214,33,39,268,114,0,47,14,29,65,398,36,92,134,116,15,647,86,153,68,334,8,145,186,12,78,8,121,225,112,152,65,88,24,127,448,31,47,]
[2,0,0,2,1,0,2,7,0,0,0,5,0,1,3,1,6,3,0,2,4,1,3,11,1,2,7,2,2,0,1,0,2,2,2,0,5,1,0,0,0,1,10,4,3,1,0,0,0,2,1,2,1,4,2,1,0,3,1,0,0,5,0,3,]
[0,0,2,0,1,0,0,0,2,1,0,0,0,0,0,0,0,0,0,1,1,2,0,0,1,0,0,2,1,0,1,0,0,1,0,1,2,0,1,1,0,0,0,0,0,0,1,0,0,0,1,4,2,3,0,0,0,1,0,0,0,1,0,1,]
[1,0,4,0,0,20,15,15,7,1,1,2,0,3,13,9,0,10,12,11,3,1,1,0,9,4,8,1,9,1,1,0,3,5,3,6,3,8,10,1,2,10,6,0,3,11,1,1,23,5,4,2,3,7,0,1,11,6,3,4,6,1,1,10,]
[0,3,1,1,0,0,0,0,0,0,0,3,3,0,0,1,0,2,1,1,0,0,0,0,1,0,0,0,0,1,1,0,0,1,1,0,1,0,0,1,2,0,0,0,0,1,0,1,1,0,0,1,2,3,0,1,0,0,0,0,0,0,0,0,]
[14,5,1,11,6,1,13,0,11,8,4,3,3,5,5,1,11,2,4,15,6,0,16,6,4,21,1,8,2,13,4,2,10,3,2,27,0,4,5,4,16,4,1,3,32,7,13,7,5,3,1,8,3,2,9,8,8,19,10,3,8,4,19,2,]
[28,76,176,444,59,79,0,126,174,357,26,178,76,356,196,0,11,73,48,174,196,71,42,154,26,211,243,159,77,71,166,120,78,65,163,606,317,120,164,182,62,181,13,189,142,247,115,127,68,162,158,441,18,88,7,128,112,61,16,62,10,82,35,315,]
[19,5,11,24,56,68,89,87,41,69,3,71,64,28,6,111,1,16,60,6,61,46,26,2,38,20,135,118,5,28,48,206,3,73,23,79,161,29,5,2,28,1,18,48,90,27,18,56,9,34,58,56,11,45,8,79,8,77,43,8,56,103,61,77,]
[2,7,5,6,0,2,1,8,2,9,2,2,1,1,2,9,11,9,0,6,5,6,11,3,6,3,2,3,9,14,3,7,10,8,1,11,10,7,3,0,8,10,0,4,6,0,2,3,8,1,0,1,6,4,5,2,0,2,5,2,7,13,2,2,]
[10,11,12,4,2,1,2,6,14,6,20,2,1,14,0,1,2,19,4,17,18,1,19,0,10,3,3,12,0,21,1,9,8,4,2,6,2,5,1,0,4,13,0,4,4,2,4,4,0,1,0,7,0,0,21,1,7,23,0,10,1,4,20,3,]
[3,5,2,0,2,2,2,4,0,6,3,3,0,1,0,2,5,2,1,6,3,1,6,5,2,2,5,2,3,9,6,1,1,0,2,3,3,0,5,3,4,2,3,3,1,5,0,2,1,8,1,2,0,1,2,2,0,3,3,0,2,1,1,7,]
[0,0,1,2,3,0,0,1,4,0,1,7,1,4,2,1,1,1,2,1,9,1,6,4,0,0,3,4,1,0,6,25,1,5,12,2,1,0,0,3,4,0,0,0,9,1,0,1,7,1,0,1,6,3,4,1,4,3,0,2,12,0,7,1,]
[554,77,8,449,69,8,29,491,84,5,150,110,875,124,103,8,615,16,222,199,36,107,117,252,275,130,71,144,66,36,27,81,16,0,76,77,203,294,15,47,339,30,301,103,298,519,150,116,2,273,168,72,348,28,3,229,157,0,330,491,45,4,20,227,]
[55,1,128,39,44,49,26,391,42,251,488,331,3,384,68,285,31,364,9,44,121,312,409,321,389,17,3,35,278,308,115,6,65,164,167,300,214,3,6,141,128,7,126,665,142,21,18,185,109,152,63,2,146,115,81,261,0,214,263,161,61,101,247,28,]
[2,0,1,1,0,6,5,4,3,0,0,2,1,3,3,2,1,1,3,1,2,1,5,0,9,0,0,1,3,0,1,2,0,3,0,2,0,0,14,2,7,0,1,1,1,3,1,0,2,1,0,1,1,0,10,3,0,3,0,2,5,5,0,5,]
[0,0,2,0,1,0,1,1,2,0,1,0,0,0,0,0,0,1,0,0,1,0,1,0,3,7,1,0,0,0,1,0,0,0,1,1,0,1,0,1,0,5,0,0,0,1,1,0,2,0,1,0,0,0,1,0,0,0,0,0,2,3,0,0,]
[2,3,6,0,2,0,1,0,5,0,0,1,2,0,4,3,0,3,0,0,4,0,0,2,0,6,1,6,3,0,0,6,0,0,5,1,0,0,3,2,3,0,0,2,0,0,2,5,4,9,3,3,2,5,0,0,8,0,2,1,0,0,7,7,]
[0,0,8,12,2,0,15,1,0,0,2,1,0,6,10,4,1,1,0,0,1,0,0,11,6,0,7,2,1,5,0,0,1,0,2,1,4,3,0,6,2,1,4,4,0,0,0,0,2,0,3,0,0,2,2,3,0,2,1,0,4,4,1,2,]
[359,29,48,984,84,18,66,0,172,44,25,9,610,5,119,2,592,236,379,45,117,2,182,350,207,247,227,647,0,102,247,75,136,13,138,10,40,8,35,110,83,29,54,325,133,74,14,158,259,104,140,91,132,243,91,27,98,197,34,307,76,156,40,85,]
[8,26,152,24,248,99,65,87,48,179,89,252,239,36,3,20,129,74,134,126,425,94,32,95,71,88,194,70,273,51,173,26,159,751,21,34,458,130,22,488,145,32,484,117,206,428,148,296,30,236,266,25,64,34,136,609,228,54,527,319,116,24,32,154,]
[1,0,0,2,4,5,8,0,2,4,4,2,5,0,2,1,0,1,1,1,4,3,1,0,4,0,2,0,0,1,0,1,0,2,1,0,1,0,1,1,2,1,6,0,2,3,3,1,1,6,0,0,5,4,0,1,3,1,0,0,0,5,3,8,]
[0,1,2,0,0,0,0,0,0,3,0,0,1,0,0,0,0,0,0,0,0,3,0,0,0,0,1,0,0,0,0,0,0,2,0,1,0,0,0,0,0,0,0,0,0,0,3,0,0,0,0,0,0,0,0,0,1,1,0,0,0,0,0,1,]
[1,2,1,2,2,0,3,0,4,2,0,3,0,0,0,4,1,1,2,2,3,1,0,1,6,1,4,2,6,0,1,2,0,0,4,0,0,2,0,5,0,5,4,5,0,1,1,4,3,0,1,5,6,1,2,0,0,2,2,1,1,1,1,0,]
[0,9,1,0,2,9,5,13,1,14,13,1,5,2,0,6,8,2,4,1,0,0,0,1,1,3,6,0,1,3,5,1,4,0,13,1,6,0,1,2,0,3,10,0,3,0,0,1,3,1,0,0,1,1,8,9,0,3,6,8,0,0,3,0,]
[120,62,1,952,49,220,34,147,42,186,185,21,31,224,30,118,93,134,88,96,396,136,101,119,66,22,103,50,148,142,123,69,75,32,76,90,59,34,129,154,428,132,20,146,258,87,10,278,77,160,105,37,287,141,12,476,15,95,90,52,108,23,414,339,]
[19,124,210,406,76,297,29,31,41,126,14,248,153,151,304,51,392,76,210,29,67,115,15,254,90,50,32,76,9,31,387,263,140,1070,72,69,169,99,53,109,107,242,84,40,42,15,295,127,116,20,147,196,296,328,173,259,63,12,49,46,76,134,97,306,]
[0,0,6,2,1,2,0,3,0,3,3,0,1,3,6,0,1,1,4,5,2,2,0,0,0,1,1,1,0,3,2,3,0,0,0,2,0,1,0,0,1,2,4,2,0,0,3,0,0,4,0,1,0,3,9,0,1,3,2,0,1,2,0,1,]
[0,2,0,0,0,0,0,1,0,0,1,0,1,0,0,0,0,1,0,0,1,0,0,0,0,9,2,0,0,1,0,0,0,0,0,1,1,2,0,1,0,0,1,0,0,0,1,0,1,0,1,0,1,0,0,0,0,1,0,1,0,1,0,1,]
[6,2,10,6,1,7,0,2,2,5,1,1,0,1,0,0,0,7,0,1,8,2,2,0,4,1,1,0,14,0,2,2,7,1,1,0,1,1,0,1,5,0,2,3,0,9,2,2,1,1,9,3,0,1,0,5,6,3,0,7,2,1,0,0,]
[7,0,0,0,4,1,7,0,1,2,8,3,5,3,3,4,0,3,2,1,3,1,12,7,2,2,1,2,0,0,0,3,7,3,4,9,0,0,1,3,1,1,5,0,10,0,11,5,0,5,2,3,4,3,4,0,0,0,2,3,3,0,1,2,]
[13,302,120,167,87,210,449,536,52,947,107,31,901,6,181,181,686,31,21,135,159,7,69,93,20,109,130,124,132,188,586,121,37,138,195,43,82,870,15,170,63,257,129,66,118,95,99,3,174,108,127,142,49,91,226,14,73,126,124,0,36,51,7,39,]
[357,187,95,430,33,47,50,145,9,128,42,72,38,134,251,18,107,42,63,12,71,164,153,289,197,179,60,33,161,449,38,321,60,52,187,188,80,144,554,28,104,79,170,389,134,170,235,10,468,227,266,32,180,5,162,109,100,87,107,215,142,9,360,149,]
[3,2,0,0,0,0,0,2,0,1,1,0,4,0,0,1,4,0,0,1,0,0,6,0,0,0,0,1,1,0,2,1,2,1,0,0,0,3,0,1,0,0,0,4,4,1,0,1,3,1,3,1,1,4,3,3,0,1,0,0,0,1,3,2,]
[1,0,0,2,1,1,0,2,0,0,0,2,0,2,0,0,1,0,1,0,0,0,1,1,0,1,0,0,0,0,2,1,0,2,1,1,0,0,3,1,0,0,0,1,0,2,2,0,1,2,0,0,0,0,0,0,0,0,0,1,0,0,1,1,]
[2,5,9,6,4,5,5,0,5,3,3,0,1,3,17,5,7,0,6,25,5,38,1,6,5,11,11,7,16,6,5,0,6,8,8,22,2,2,0,12,2,4,1,4,3,0,4,0,6,14,9,1,5,3,7,3,0,0,8,0,4,0,7,0,]
[3,2,0,0,1,0,0,0,0,0,0,1,0,0,2,0,0,0,0,1,0,0,0,0,0,1,0,0,1,0,1,0,0,0,0,0,2,0,1,0,1,0,0,0,1,0,0,1,0,1,1,0,1,1,0,0,1,0,0,0,2,0,0,4,]
[0,9,19,6,5,5,0,1,3,1,0,0,0,0,4,3,11,0,0,12,0,43,4,1,8,4,1,0,38,3,10,3,1,25,9,3,1,35,3,6,11,2,1,18,18,4,1,2,1,8,5,15,4,8,6,19,2,3,5,2,0,5,2,8,]
[108,155,6,115,67,48,56,169,95,211,12,169,398,94,151,20,207,424,81,82,5,174,166,46,93,107,385,17,234,210,137,116,95,27,58,203,85,19,301,178,173,14,390,105,682,420,394,72,482,131,12,19,77,182,360,875,5,15,119,114,4,1,160,120,]
[2,32,37,67,3,39,12,128,3,6,31,6,45,49,80,23,3,18,20,34,136,39,47,8,28,91,103,15,3,67,5,101,24,107,32,66,59,78,29,15,46,153,26,22,0,7,1,27,43,65,16,3,10,124,118,5,76,9,14,98,148,6,70,152,]
[7,5,2,8,8,1,9,3,15,11,8,24,1,1,2,8,4,2,0,3,13,6,14,9,4,1,17,10,14,1,3,5,21,3,9,6,3,4,2,2,11,6,8,6,6,6,2,0,3,1,9,2,3,0,2,3,4,7,24,1,10,2,5,0,]
[8,8,1,3,0,11,9,0,0,9,3,0,1,2,2,1,5,0,2,15,6,4,11,18,15,2,0,4,6,3,7,1,2,3,3,3,8,0,0,9,1,4,3,2,0,1,0,10,0,0,0,6,0,13,5,3,2,4,0,3,1,19,4,2,]
[1,0,1,4,2,7,11,2,4,1,1,3,8,1,0,0,0,0,7,11,3,0,0,1,1,0,0,0,0,3,4,1,0,2,1,2,2,10,1,1,1,1,2,8,0,2,0,4,0,0,3,0,0,1,4,7,0,4,0,0,1,4,0,1,]
[4,4,8,0,6,1,5,4,1,2,5,0,0,1,1,8,0,0,1,8,0,0,4,1,4,1,0,3,0,5,9,1,0,5,8,0,4,0,10,2,1,0,0,0,1,0,4,2,0,0,1,0,3,2,6,3,2,1,4,3,2,0,2,3,]
[71,93,3,29,120,99,215,3,20,813,52,118,35,262,163,179,46,224,59,22,401,110,1,107,199,291,223,159,7,298,55,199,105,387,200,54,204,158,42,43,87,51,283,135,85,186,115,84,41,142,585,8,206,218,13,9,130,92,204,30,60,421,68,108,]
[398,212,136,4,14,39,17,26,37,720,506,377,15,131,12,127,33,158,1,49,109,63,25,44,139,136,1,220,185,142,36,97,76,214,124,138,170,3,70,359,143,287,33,345,34,147,63,101,99,23,132,67,103,121,160,104,19,100,88,200,306,66,32,64,]
[0,3,1,1,2,1,0,0,0,4,1,5,4,0,1,6,0,2,0,2,2,2,0,2,0,1,5,3,0,0,3,0,0,9,0,1,2,3,4,0,9,1,0,0,4,1,1,1,4,1,2,3,1,0,1,0,2,0,7,0,0,3,4,0,]
[0,0,3,0,0,0,0,0,0,0,0,0,2,1,0,0,0,0,1,0,0,0,0,0,0,0,0,0,0,0,1,0,0,1,0,0,0,3,1,1,0,3,0,0,0,1,8,0,1,0,0,1,0,0,2,0,0,1,0,0,1,0,0,0,]
[2,0,2,7,7,0,0,2,9,2,5,1,0,0,0,7,7,0,7,0,0,0,4,0,3,13,5,1,2,1,10,2,4,3,6,3,0,5,0,2,0,3,5,0,2,2,1,3,2,1,1,1,0,2,1,12,0,0,0,1,2,4,11,5,]
[1,2,0,0,7,0,4,1,3,4,9,13,2,4,2,3,10,9,0,0,0,0,1,2,1,0,2,6,0,1,1,8,0,0,1,2,2,0,3,0,1,1,0,0,3,1,5,2,0,1,1,0,0,3,5,1,0,5,7,2,3,1,1,1,]
[459,90,16,51,305,45,80,112,97,63,276,453,257,45,107,302,302,16,408,254,177,80,8,36,131,229,38,138,186,96,231,15,7,186,4,141,395,21,20,41,38,17,420,370,48,138,128,6,254,81,206,113,65,50,38,299,237,80,58,46,102,149,171,239,]
[80,73,234,147,154,30,71,143,145,55,275,78,9,263,110,147,66,93,246,580,152,126,162,373,77,125,50,236,302,18,53,80,66,45,112,162,40,14,121,227,176,134,55,95,70,105,4,301,75,179,227,77,186,568,96,104,46,214,14,90,63,222,317,360,]
[1,0,3,0,0,5,3,0,6,0,2,0,3,1,3,2,0,0,5,0,3,2,1,2,1,0,1,0,0,0,0,0,0,3,3,4,1,2,5,3,0,1,0,0,0,1,1,3,1,1,2,4,0,0,7,6,0,0,0,1,1,0,3,0,]
[0,1,0,0,0,0,0,0,1,0,1,0,2,0,0,0,0,2,1,1,1,1,1,1,0,1,0,0,0,1,0,0,0,1,0,0,1,0,1,0,2,0,2,0,0,1,1,0,1,2,1,1,0,0,1,2,0,0,0,1,0,0,0,0,]
[0,0,13,1,1,0,0,0,8,1,2,0,0,0,2,1,0,2,0,2,0,5,3,0,3,2,11,2,6,0,8,3,1,1,1,2,1,0,1,8,0,0,0,0,1,12,1,3,12,1,4,1,4,4,0,4,0,0,7,7,0,1,0,0,]
[1,1,2,0,0,1,3,2,0,3,1,0,1,2,2,0,1,0,1,6,3,14,2,3,1,10,0,1,0,5,3,4,3,0,0,0,5,1,5,0,6,5,3,1,1,0,0,2,0,12,7,7,1,5,0,6,0,4,0,12,0,9,2,7,]
[216,423,380,17,43,29,17,30,137,249,15,13,185,64,333,122,188,114,46,89,18,113,58,38,70,101,129,292,261,23,147,472,227,6,332,61,224,142,116,49,475,164,131,1,135,103,27,84,57,212,393,35,450,142,342,2,153,361,157,75,416,7,279,648,]
[0,172,139,30,16,16,58,221,287,14,164,499,30,2,285,139,209,445,894,156,43,139,715,227,176,41,9,36,59,946,276,46,87,207,237,93,165,83,568,7,113,520,47,241,53,497,79,97,59,170,114,108,75,619,13,212,74,129,146,248,118,286,256,87,]
[0,1,3,6,0,0,1,2,6,0,0,2,2,2,2,2,2,6,1,1,1,0,0,1,2,2,2,1,3,1,0,5,5,1,1,0,1,8,0,3,2,0,5,0,0,0,2,0,3,0,0,2,1,2,1,8,1,4,1,0,2,6,3,0,]
[2,1,0,2,0,0,0,1,1,2,0,3,0,2,0,1,0,0,1,0,0,0,0,0,0,1,2,0,0,0,0,0,0,0,1,0,0,0,1,0,0,0,2,0,0,1,2,0,0,0,1,1,0,1,1,0,1,1,0,0,0,0,0,2,]
[1,0,5,1,0,3,1,1,5,3,2,0,3,5,3,1,2,3,0,0,2,2,2,0,0,2,2,3,4,0,2,1,4,0,4,1,3,2,6,0,0,0,1,0,4,3,5,0,0,0,0,2,3,2,11,0,2,0,1,1,0,7,1,5,]
[0,0,1,3,1,1,3,2,1,3,2,1,4,3,5,2,3,0,0,9,1,0,0,1,2,4,8,0,0,0,7,0,2,9,2,4,2,3,5,0,2,3,6,0,0,0,2,0,4,6,1,0,1,1,2,0,0,1,0,1,0,0,1,1,]
[150,176,143,189,393,6,8,788,81,59,4,175,22,157,93,24,121,53,66,315,292,61,14,85,46,44,72,261,163,141,92,104,2,3,268,82,133,275,35,28,61,179,149,49,18,137,264,346,25,114,99,169,167,104,176,234,208,3,550,129,1,8,85,343,]
[1,43,150,151,94,39,51,168,43,377,408,781,148,159,333,139,271,58,6,143,101,14,41,159,309,67,13,133,103,25,67,42,78,57,22,114,185,293,240,69,225,110,57,11,148,583,168,4,244,58,8,16,48,449,162,8,55,31,60,416,115,242,114,6,]
[1,3,5,2,0,0,0,1,6,1,0,3,0,1,5,0,2,0,0,0,0,0,1,4,2,0,4,2,1,0,4,0,0,3,0,1,1,2,1,2,1,3,1,6,3,0,1,0,4,1,0,1,1,0,0,2,0,1,0,0,3,0,2,0,]
[3,0,0,1,0,4,1,4,0,0,0,0,2,1,0,1,1,0,0,0,0,1,0,0,0,0,2,2,1,0,0,1,0,2,1,0,2,1,0,1,0,3,1,0,0,0,1,1,0,0,1,1,0,0,0,0,0,1,1,0,1,0,0,0,]
[3,1,27,5,6,0,24,4,2,24,6,1,0,14,0,4,7,14,8,3,3,3,0,5,5,6,3,0,3,11,12,3,1,5,2,4,10,7,5,20,9,1,2,2,13,12,8,4,2,1,0,2,1,8,2,8,17,5,2,1,2,1,12,6,]
[0,3,3,1,0,0,0,0,0,0,2,0,1,0,0,1,2,1,0,0,1,0,2,0,1,1,3,0,0,5,0,2,1,0,2,0,0,0,0,0,1,0,3,2,0,1,1,1,0,2,0,1,1,1,2,0,1,0,1,0,0,2,0,5,]
[7,3,2,10,8,3,5,3,4,1,17,14,4,6,6,3,4,12,2,3,9,4,6,1,8,2,0,10,2,1,2,4,10,19,0,3,11,9,5,4,1,1,1,9,1,8,3,12,5,3,5,1,7,10,11,0,6,0,4,9,0,10,8,9,]
[163,174,166,71,33,83,61,366,342,129,40,10,148,6,153,66,87,8,245,145,306,346,133,0,45,201,132,76,205,26,440,304,180,211,52,220,298,160,367,93,55,122,150,66,10,207,51,36,150,173,65,94,0,373,16,216,88,483,68,282,5,294,218,171,]
[100,64,52,48,69,31,14,29,45,9,21,21,34,15,14,44,160,24,46,32,4,97,43,34,23,48,16,16,15,66,18,62,22,104,3,31,46,27,55,35,66,42,163,13,150,4,196,18,57,28,32,134,66,83,26,37,150,52,5,143,82,1,79,16,]
[27,1,1,3,21,2,0,0,6,3,7,22,10,8,6,0,0,4,1,2,7,3,4,3,0,1,5,13,11,0,5,1,4,0,6,2,0,2,14,1,6,14,19,0,5,6,9,0,1,9,11,1,1,6,13,6,4,12,28,2,7,4,2,0,]
[5,22,8,25,10,1,4,4,0,12,13,4,21,4,2,7,3,2,9,0,3,8,33,7,26,4,2,3,4,2,0,1,6,8,6,11,4,2,2,3,9,2,0,6,0,5,4,14,1,3,18,5,0,6,3,6,2,2,1,3,1,1,5,32,]
[5,2,0,4,10,7,7,1,6,3,3,2,1,1,5,0,5,0,0,1,1,0,1,0,0,0,2,2,2,2,11,0,1,1,0,0,11,3,1,0,0,7,3,6,0,8,0,4,0,1,6,0,1,11,0,0,0,0,0,4,3,0,0,0,]
[1,6,2,0,1,10,1,1,0,11,1,5,5,6,1,1,0,1,8,3,16,0,5,1,1,4,1,0,1,1,4,1,1,6,2,4,7,2,0,5,0,2,0,3,0,0,2,2,0,3,1,3,9,2,1,1,1,1,3,3,7,2,0,0,]
[54,65,1,2,4,45,60,45,78,460,16,5,597,21,93,89,1038,473,174,31,13,41,271,171,143,439,218,85,85,255,4,33,116,59,5,167,342,26,60,88,311,12,117,145,41,179,246,255,194,174,46,10,129,73,123,151,146,53,152,41,194,160,101,29,]
[116,233,78,259,30,133,189,155,160,199,156,175,7,210,149,49,150,266,455,178,79,325,41,35,90,119,465,417,216,292,326,71,66,207,448,20,205,269,59,41,285,0,621,154,20,260,12,90,26,44,35,293,7,20,173,89,71,133,10,313,346,94,434,65,]
[4,2,1,1,3,4,2,2,1,1,4,0,11,0,0,3,0,1,6,3,0,1,2,1,2,5,2,0,0,0,0,5,2,1,1,0,1,2,0,1,0,1,2,2,4,1,2,1,3,0,0,4,0,5,5,5,1,4,1,1,3,5,2,0,]
[0,0,0,0,0,0,3,1,0,0,1,1,0,0,1,0,0,1,1,0,0,0,0,0,0,0,2,1,0,0,1,0,0,0,0,0,1,2,0,0,0,1,3,1,1,0,0,2,0,0,0,2,2,0,0,1,0,0,1,0,0,0,1,0,]
[4,1,7,4,1,4,0,7,0,0,4,4,14,3,4,0,3,4,1,1,1,3,3,0,1,0,4,1,3,0,0,5,1,1,0,0,1,0,0,2,2,0,1,0,0,1,2,1,0,3,0,0,12,8,0,0,0,0,0,5,0,14,5,3,]
[2,2,7,4,1,4,0,0,8,2,1,0,4,0,3,1,1,0,0,0,0,5,4,0,0,2,0,1,8,1,2,3,3,0,2,1,4,0,5,1,0,0,6,0,9,2,0,1,0,0,2,1,13,0,1,1,4,2,5,1,9,2,3,2,]
[195,488,394,64,201,121,78,113,93,70,147,9,346,322,43,294,8,127,107,212,100,66,105,93,53,192,123,227,103,21,34,19,75,9,166,176,210,65,21,22,24,27,75,206,425,195,105,82,152,137,198,114,249,390,246,18,5,100,1,171,326,2,8,51,]
[108,73,101,2,70,484,50,36,80,68,12,448,271,40,48,20,517,181,34,57,356,98,46,36,79,43,87,53,11,317,10,14,81,82,77,54,59,90,299,81,349,3,118,109,157,64,277,137,124,31,322,48,203,49,640,104,6,60,64,14,72,124,30,114,]
[4,1,0,7,0,0,0,2,1,2,3,3,1,1,0,0,1,0,0,1,3,6,3,0,3,5,2,2,1,2,3,1,1,0,0,1,0,0,0,6,0,5,0,0,2,2,2,1,0,1,0,6,1,0,4,1,0,2,0,0,2,0,4,1,]
[0,3,1,2,0,0,0,0,1,1,2,0,1,0,0,0,1,0,0,2,2,1,0,0,0,3,1,1,0,3,0,0,0,1,1,0,0,0,1,0,2,1,0,0,0,1,0,6,1,0,0,0,0,0,0,0,1,0,0,0,0,0,0,0,]
[4,0,3,2,0,9,6,4,3,4,2,0,4,0,1,7,0,2,1,4,2,1,16,1,1,1,4,0,0,2,1,1,1,1,8,2,0,1,0,2,1,5,9,2,0,6,15,0,4,0,1,4,3,2,0,5,2,1,2,0,5,4,3,8,]
[1,0,4,2,1,1,0,6,2,1,1,2,1,1,6,1,2,1,0,2,4,7,9,1,3,1,1,1,2,0,1,0,3,0,1,0,5,0,5,1,3,6,5,2,1,2,8,1,1,10,0,2,0,6,0,9,4,6,2,10,6,0,1,0,]
[165,175,84,14,114,184,27,53,28,346,187,585,198,372,15,25,140,78,296,107,70,50,96,24,499,196,185,62,9,293,71,9,77,39,49,233,81,23,34,84,329,1,75,82,79,62,107,9,193,51,31,150,185,27,140,23,350,182,88,0,222,39,30,435,]
[91,47,180,68,33,128,87,198,463,65,1,29,185,83,141,105,234,52,15,56,311,186,62,4,91,51,210,406,173,108,16,66,30,73,163,94,6,47,95,10,97,115,479,92,178,40,142,221,132,247,98,279,53,23,141,178,92,106,54,12,50,145,15,63,]
[0,1,0,2,1,4,4,1,1,2,0,0,3,4,4,1,2,0,3,1,0,3,1,1,3,0,1,0,0,0,2,5,0,0,1,0,6,0,0,0,0,1,0,0,1,0,2,0,0,0,4,3,0,3,2,0,1,1,1,0,1,0,0,2,]
[0,1,0,0,0,0,0,0,1,0,3,0,0,0,1,0,0,3,1,0,0,1,1,0,1,1,0,0,1,0,0,0,0,0,0,0,0,1,0,0,0,0,0,0,0,0,0,0,0,1,0,0,0,0,1,0,0,1,2,0,0,1,1,0,]
[0,6,0,1,0,0,1,9,1,0,3,1,1,0,0,11,2,3,1,0,1,2,0,0,2,0,1,3,1,4,2,1,3,2,0,2,2,0,0,0,3,4,6,0,3,2,0,5,0,5,0,0,7,3,0,0,6,1,0,1,4,2,4,1,]
[3,7,5,1,1,1,2,2,6,4,0,1,0,1,1,2,2,3,2,1,3,4,0,1,1,2,2,4,0,1,1,0,5,14,3,2,9,2,1,3,4,3,0,3,2,2,4,1,1,0,0,4,0,3,2,1,0,4,1,1,7,9,1,10,]
[286,58,4,171,248,506,248,346,357,163,333,72,39,295,227,17,299,141,105,10,26,123,3,32,23,45,246,436,296,68,30,21,191,64,198,209,71,52,503,145,81,11,120,380,83,201,168,73,4,24,621,191,34,73,59,273,1,150,482,31,328,16,215,102,]
[15,88,53,359,36,81,138,3,408,57,404,192,128,80,270,12,78,192,136,81,330,221,67,79,376,68,22,40,18,80,30,45,63,187,290,56,1,271,69,32,49,130,73,78,42,16,44,13,12,19,54,273,165,40,10,9,81,452,138,267,17,164,290,76,]
[0,1,1,1,8,0,0,1,3,1,0,3,3,0,1,1,2,0,0,1,0,0,0,1,1,0,0,0,0,1,0,1,2,3,0,0,2,3,1,1,0,0,7,3,2,0,1,1,0,4,0,0,0,5,2,2,0,1,3,0,0,0,0,0,]
[0,0,0,1,0,0,0,0,0,0,1,1,0,0,1,2,0,0,1,0,0,0,0,0,1,1,0,0,0,0,4,0,1,0,0,0,0,0,0,0,0,0,1,1,0,0,0,0,0,0,0,0,0,2,1,0,0,0,0,5,0,1,0,0,]
[1,0,8,4,16,9,0,0,0,3,1,1,0,1,13,0,6,2,0,4,8,0,0,7,2,17,15,1,0,10,14,3,1,4,1,0,1,5,8,1,0,5,8,7,14,6,7,1,23,1,5,0,14,6,5,23,4,0,4,0,5,1,2,8,]
[1,0,1,2,0,3,0,2,1,1,3,0,0,1,0,0,0,2,0,0,0,1,0,0,0,0,1,0,0,1,0,4,0,2,0,0,0,0,0,0,0,4,0,0,2,0,1,4,0,0,1,1,0,0,0,0,0,0,0,3,0,0,0,3,]
[3,5,4,7,3,18,2,1,0,4,0,5,25,4,13,2,1,15,0,0,4,3,10,4,14,3,3,0,7,1,0,2,6,4,0,18,4,1,15,10,10,0,0,5,0,0,3,0,1,1,7,5,8,14,3,16,2,1,29,0,1,2,1,3,]
[7,45,429,112,17,27,104,149,22,22,68,125,59,159,209,31,36,442,382,118,44,56,26,70,8,54,267,45,131,48,258,32,85,150,52,66,372,100,6,407,126,56,246,631,18,511,22,122,598,121,243,245,34,42,11,360,211,109,53,62,18,24,214,185,]
[9,3,162,12,8,4,14,83,7,52,18,136,0,41,45,52,17,72,1,33,74,26,13,34,3,112,7,0,6,13,76,159,38,92,6,53,87,107,52,71,64,46,91,83,32,13,1,20,74,39,137,94,50,108,76,26,3,48,81,31,0,40,57,9,]
[0,2,3,3,9,2,4,3,22,0,0,4,3,3,7,6,3,2,0,2,9,3,1,9,1,3,1,3,23,3,2,32,2,0,14,8,1,12,3,1,33,5,9,2,15,3,6,9,0,4,3,2,5,15,4,13,1,6,1,9,6,0,3,5,]
[0,0,8,1,13,0,19,0,4,0,0,1,5,7,1,0,0,4,4,2,14,27,1,1,19,9,0,2,0,0,3,20,5,2,0,4,7,46,29,7,11,5,1,3,10,2,15,1,10,7,13,5,0,5,2,0,13,3,2,1,4,10,2,0,]
[0,0,0,1,4,1,0,0,7,1,2,2,4,0,4,1,5,1,0,0,2,6,3,1,0,7,0,1,2,1,2,7,3,0,4,0,0,0,0,5,0,0,0,4,6,1,1,1,1,11,0,0,5,6,8,1,0,3,0,0,0,2,3,2,]
[5,9,0,1,0,0,0,7,4,2,0,2,2,1,4,0,2,1,0,0,1,2,2,14,1,0,1,1,2,2,0,0,7,2,0,1,2,0,0,0,1,0,8,3,0,2,0,0,5,1,2,3,1,0,10,1,6,4,5,3,8,3,0,2,]
[99,77,43,36,205,37,103,12,76,214,153,55,166,39,204,139,198,394,34,79,70,84,149,129,110,42,81,228,406,60,162,295,31,119,399,0,216,286,126,104,44,114,8,95,339,4,175,50,11,354,140,91,9,202,24,41,139,37,111,11,45,34,5,88,]
[171,9,182,19,130,90,48,97,234,74,27,306,26,128,110,82,101,24,81,39,562,180,57,400,22,313,85,40,36,162,13,66,68,34,264,63,144,97,39,73,268,305,436,92,52,179,2,181,330,12,30,502,72,51,117,10,10,85,30,71,60,12,96,92,]
[1,3,7,0,2,0,3,0,0,5,1,4,3,8,1,2,0,0,2,1,0,0,0,1,3,0,4,0,1,2,0,0,5,2,0,1,1,0,0,2,0,4,1,0,2,1,4,0,8,4,2,3,0,0,0,1,0,5,1,0,0,2,2,4,]
[4,2,0,0,0,0,1,0,1,4,0,0,0,1,0,0,1,0,0,0,1,0,0,0,1,4,0,2,0,0,0,0,1,0,0,0,0,1,3,0,0,0,0,0,2,2,0,1,0,3,0,2,6,1,0,0,0,1,1,0,0,0,1,1,]
[4,0,0,1,1,0,0,4,0,1,1,2,2,0,0,0,1,1,1,4,1,5,3,6,1,6,2,8,5,1,1,7,16,4,1,1,0,4,7,0,1,6,2,2,0,0,3,1,6,1,13,1,0,1,4,1,4,1,6,3,4,0,2,2,]
[0,3,6,0,0,1,0,1,8,1,3,5,3,4,4,1,2,1,2,0,0,4,6,1,0,1,0,0,0,5,3,1,1,0,1,3,2,0,3,4,1,8,3,7,3,0,3,3,1,2,2,1,1,1,10,2,4,2,3,6,6,2,2,1,]
[93,152,52,157,14,141,42,249,265,85,183,17,147,320,26,260,221,584,247,24,300,42,39,28,136,197,48,177,243,8,84,170,148,85,6,10,878,72,110,51,174,209,61,37,120,21,201,245,2,59,2,470,114,9,96,23,308,199,290,25,195,192,67,74,]
[102,80,104,51,48,15,73,416,184,117,104,7,292,42,1,271,24,17,386,124,110,636,220,228,53,121,218,894,200,211,156,128,12,8,123,425,152,136,38,103,89,111,86,94,155,9,357,15,165,63,35,21,261,316,99,494,276,37,55,74,196,26,101,67,]
[0,3,6,0,0,0,2,2,0,1,2,10,4,2,0,0,2,0,1,3,0,0,0,2,0,1,0,3,2,0,0,2,4,0,1,0,0,0,5,6,4,2,0,0,0,1,0,0,0,1,0,8,0,0,0,0,2,2,2,1,4,0,2,2,]
[0,2,1,0,1,1,1,0,0,0,0,1,0,0,0,0,0,2,0,0,1,0,1,0,0,0,1,1,0,0,2,0,0,1,0,0,0,1,1,0,0,0,0,0,1,0,0,0,0,0,0,0,0,0,1,0,0,0,0,3,0,2,1,0,]
[1,0,1,5,2,7,0,0,1,0,0,2,6,10,0,2,2,5,2,2,5,5,2,0,1,0,3,0,3,1,2,0,4,3,1,6,4,2,1,1,0,1,1,2,1,3,1,0,2,0,4,6,4,0,3,1,1,2,11,0,2,7,19,3,]
[0,3,1,5,0,5,3,1,3,4,0,0,0,3,4,3,4,0,5,0,1,7,0,0,0,2,1,2,0,7,0,5,3,1,1,0,3,5,5,1,1,0,0,0,0,5,3,0,0,0,3,2,3,0,0,14,0,0,2,0,4,2,1,0,]
[53,99,45,335,77,490,51,130,294,136,297,16,324,106,197,329,61,811,105,106,111,131,70,53,47,15,57,164,252,31,8,192,276,375,157,110,47,187,9,95,107,7,52,60,23,134,245,33,27,298,147,362,23,62,68,189,301,89,150,59,157,147,3,37,]
[12,148,98,143,168,192,58,228,373,77,197,304,355,135,25,196,9,176,57,166,12,98,262,45,102,48,121,178,9,78,70,54,182,301,86,93,278,17,59,239,46,321,60,143,92,140,232,22,228,90,441,311,151,61,112,19,78,11,28,52,203,42,39,22,]
[0,0,2,1,2,0,7,1,3,0,4,5,8,3,5,0,0,0,3,2,1,0,1,0,3,0,0,0,1,1,9,1,1,0,2,3,0,0,0,2,0,4,3,5,0,1,3,0,0,2,0,1,1,0,3,1,1,0,1,1,2,3,0,0,]
[1,1,0,0,0,0,0,1,0,1,2,1,0,1,2,0,0,3,0,0,1,0,0,0,0,1,0,1,1,0,0,1,0,1,0,3,3,6,0,1,1,0,0,1,0,1,0,0,0,0,0,0,2,0,0,0,0,0,0,0,1,1,0,2,]
[2,0,0,2,6,1,8,0,5,1,10,7,0,10,2,0,0,4,0,2,5,1,0,0,19,2,3,0,0,1,0,0,1,2,0,0,6,3,3,10,3,4,0,0,2,2,4,0,10,2,4,7,2,0,3,7,0,2,1,3,2,1,1,1,]
[0,0,0,0,9,2,9,4,5,0,0,3,2,7,2,1,6,1,1,2,8,2,13,0,1,5,4,1,0,2,0,0,6,0,3,4,0,12,7,0,4,3,1,4,1,0,0,4,4,5,2,4,2,2,0,3,0,1,1,0,5,1,2,3,]
[21,87,246,176,84,145,40,241,254,78,58,160,147,229,330,11,250,70,58,742,519,78,23,40,58,509,116,126,121,108,21,125,62,34,121,25,30,147,120,176,129,62,192,146,275,412,49,42,10,297,106,60,8,18,27,1,367,370,85,119,178,260,14,95,]
[61,249,1,133,508,20,186,109,245,8,71,2,60,122,143,74,79,125,75,211,3,20,42,0,346,99,6,436,216,108,414,146,64,408,47,72,71,7,19,123,113,80,182,13,26,28,238,282,9,145,88,167,355,403,314,61,107,62,1151,178,284,96,163,81,]
[0,0,0,4,2,7,1,2,2,2,2,2,5,1,0,0,0,2,2,4,1,0,3,0,4,1,3,4,2,0,0,4,0,3,2,1,1,4,5,0,0,0,4,0,0,0,0,0,0,1,0,6,0,0,0,4,0,1,0,0,1,0,0,0,]
[0,0,2,2,1,0,0,1,1,2,0,1,1,0,0,0,2,0,2,0,0,0,1,0,0,2,1,0,0,0,0,1,0,0,1,0,0,0,0,1,2,0,0,0,1,1,0,0,0,0,0,1,0,0,0,0,0,0,1,0,0,1,3,0,]
[13,4,4,1,2,3,4,1,5,3,2,2,12,0,18,13,3,7,15,1,9,8,4,13,9,0,1,9,3,7,9,5,2,18,8,9,0,1,10,20,1,1,4,5,0,10,5,0,0,4,1,3,4,1,4,3,8,7,2,1,3,5,19,1,]
[1,1,0,3,0,0,1,0,1,1,0,0,1,1,0,1,0,0,0,0,0,2,0,0,0,0,2,1,0,0,0,0,0,1,0,0,1,0,3,4,0,0,1,0,0,0,2,0,2,1,0,0,0,0,1,0,1,0,0,1,0,1,2,0,]
[6,3,5,4,10,2,11,0,0,3,0,0,3,2,0,32,5,19,2,14,0,2,1,7,2,14,6,3,1,5,3,1,6,0,1,11,2,3,11,3,9,7,0,2,0,12,3,20,3,0,11,13,7,5,1,5,2,3,4,12,2,9,11,6,]
[483,199,291,25,132,271,0,22,47,53,16,2,111,93,0,340,144,538,136,48,589,398,318,118,99,57,203,32,14,29,189,348,23,41,112,45,611,44,123,149,138,122,49,22,394,107,52,206,44,130,260,404,29,507,505,62,2,163,220,18,15,192,292,121,]
[1,31,31,1,66,38,78,30,10,77,13,26,0,5,44,7,89,147,154,12,8,27,114,1,12,187,10,44,25,129,14,5,19,76,67,96,38,19,6,52,26,88,96,14,46,61,1,42,11,21,13,33,10,56,36,30,111,15,17,38,86,49,62,14,]
[8,3,5,9,4,11,5,2,2,6,0,1,19,0,5,0,3,2,7,1,18,0,30,3,7,3,25,4,5,15,0,1,8,1,5,6,0,5,3,0,21,1,0,15,0,1,3,25,5,14,2,0,1,1,5,8,10,4,2,10,9,1,15,10,]
[12,9,13,0,5,6,6,18,23,0,16,20,5,0,0,4,3,0,7,0,4,21,0,4,4,1,12,3,16,4,2,10,18,14,12,0,6,1,7,2,5,3,2,4,1,0,2,1,7,11,0,8,3,0,17,11,4,4,1,1,0,0,4,7,]
[1,2,1,5,0,5,5,2,2,3,1,3,4,2,5,0,0,3,1,0,0,11,4,0,2,1,4,12,1,3,4,4,0,4,4,2,10,10,4,3,1,3,7,7,8,0,3,1,1,0,2,3,0,0,0,1,1,2,0,0,0,0,0,2,]
[0,1,1,4,4,11,0,1,1,1,8,10,5,1,1,7,2,2,5,3,2,0,4,5,1,7,3,13,4,1,4,7,1,7,1,4,5,1,1,1,0,7,6,0,3,0,0,0,1,0,1,1,3,0,0,1,0,7,0,7,0,0,2,1,]
[45,7,41,139,198,63,138,263,161,69,150,10,312,69,93,154,59,358,50,44,202,30,22,53,62,328,58,96,45,360,204,232,247,82,19,345,85,117,90,79,225,22,99,52,147,38,105,159,220,270,342,6,100,468,1,118,153,256,229,16,70,597,412,74,]
[281,50,135,358,91,33,192,246,50,125,78,201,88,65,67,136,46,321,196,130,172,179,27,136,375,16,6,482,85,111,103,109,34,521,277,0,56,58,179,186,680,134,42,107,139,90,318,215,204,9,362,429,42,45,226,134,266,5,278,31,471,330,18,15,]
[2,1,0,4,3,5,0,0,2,3,1,2,3,6,0,8,8,0,2,0,3,0,7,2,0,0,1,1,7,3,2,0,6,3,0,0,0,2,0,0,2,0,3,2,0,1,0,0,1,1,2,0,3,1,2,1,3,0,2,0,0,1,3,0,]
[0,1,0,2,0,0,0,0,3,1,0,0,0,1,1,1,0,0,0,1,0,3,0,1,1,0,0,1,2,2,0,0,0,0,0,0,3,0,0,2,0,0,0,1,0,1,0,0,0,3,0,1,0,1,0,2,0,0,1,1,1,0,3,0,]
[1,3,7,3,3,4,1,0,1,2,2,2,6,7,1,10,5,11,0,13,0,0,4,12,6,4,1,0,1,0,1,0,2,1,10,1,0,0,0,1,4,5,2,5,5,4,2,0,5,0,1,2,0,5,1,7,9,0,0,4,6,0,5,0,]
[0,0,8,6,1,3,1,0,1,6,3,2,2,1,4,1,0,0,0,2,1,3,3,5,1,0,5,2,0,2,2,3,2,0,3,3,3,4,2,2,0,1,6,0,1,0,1,1,3,4,5,2,2,1,0,0,0,4,1,0,3,3,0,5,]
[91,85,41,70,65,87,291,410,22,27,76,142,8,47,58,20,85,31,29,16,56,143,305,4,40,112,88,100,199,11,8,36,6,64,170,34,26,133,561,45,164,546,31,12,6,63,365,82,5,83,105,33,523,372,9,23,40,388,103,0,204,108,1,13,]
[169,37,161,74,52,19,105,59,41,7,166,27,276,282,14,26,149,199,6,176,229,347,172,44,319,133,264,334,16,211,443,58,161,318,130,112,142,225,65,83,50,601,528,382,74,439,370,31,122,157,54,1,73,99,500,123,42,81,120,69,329,10,74,291,]
[1,3,1,4,0,4,0,1,2,3,0,1,0,3,0,1,0,1,2,3,0,4,1,0,2,3,0,6,3,3,0,0,0,2,6,2,0,7,0,3,2,1,6,2,2,0,2,1,1,1,1,0,2,0,0,1,2,1,3,3,1,4,0,3,]
[0,1,5,0,0,0,1,0,0,1,1,0,0,0,0,0,0,3,0,0,0,0,0,0,1,0,0,0,1,0,0,1,0,0,0,0,0,0,0,1,0,0,1,1,2,0,1,1,0,0,1,1,0,1,0,0,0,0,0,0,0,2,2,0,]
[4,3,6,3,0,3,3,6,1,0,3,1,4,3,6,9,12,0,3,3,0,1,0,2,6,0,4,1,5,2,2,0,0,1,0,1,13,4,7,0,0,3,4,2,7,3,1,2,0,2,0,0,3,4,3,10,3,6,0,9,0,10,1,6,]
[3,3,10,1,8,0,1,7,2,0,2,1,1,5,5,1,0,1,0,0,0,8,2,4,6,1,4,1,5,1,0,3,12,1,2,0,4,4,0,2,2,1,0,0,2,2,0,1,2,1,2,0,3,0,0,0,2,1,10,0,1,2,1,0,]
[55,852,100,175,249,39,43,176,166,393,158,367,240,183,3,219,351,369,196,168,19,621,84,17,5,189,45,77,295,31,88,52,403,76,4,5,36,146,63,158,74,135,26,125,339,147,300,33,44,5,94,222,178,389,104,75,8,39,162,141,57,283,155,686,]
[10,141,29,68,66,114,44,13,257,212,113,51,6,477,54,118,5,123,98,141,398,3,232,180,215,4,53,38,43,214,18,74,10,15,12,45,215,136,11,93,4,77,1,297,477,38,39,270,153,40,99,74,54,24,497,262,63,124,488,200,138,107,156,136,]
[0,1,0,0,0,1,1,0,3,2,2,1,0,0,0,1,0,3,1,1,1,1,4,0,0,1,1,1,0,3,0,2,0,4,1,0,0,5,0,1,0,0,1,1,3,1,5,2,0,2,2,0,1,2,10,0,1,2,1,0,2,5,4,5,]
[0,0,3,1,0,0,0,0,0,0,0,1,1,0,2,0,1,0,0,2,4,0,1,0,0,0,0,1,0,0,1,0,2,1,0,3,0,0,0,0,0,0,0,0,0,1,0,0,3,0,2,0,1,0,0,1,0,0,3,0,0,0,0,0,]
[0,5,5,0,0,1,2,2,1,0,3,1,2,0,5,3,0,0,1,3,5,1,3,0,11,2,3,5,0,1,2,3,2,0,4,1,1,4,0,11,1,1,2,8,0,1,1,0,4,0,8,0,0,2,4,1,0,15,1,5,3,1,7,1,]
[1,2,2,1,0,0,2,0,0,2,8,0,0,4,0,0,0,0,0,21,10,5,5,2,3,2,1,2,1,1,1,2,1,2,2,1,3,1,0,2,1,0,2,2,2,1,0,0,1,1,2,0,0,0,5,14,1,1,0,4,0,0,1,0,]
[50,62,92,101,213,27,114,2,159,207,74,90,83,8,52,89,0,20,168,185,6,43,9,128,13,193,246,65,275,496,161,316,36,6,248,112,1,98,118,157,42,19,39,236,176,142,133,209,148,634,636,11,100,11,69,11,406,132,132,112,346,32,56,236,]
[94,236,106,109,59,77,94,564,112,44,12,73,108,2,430,96,148,308,123,36,3,176,273,632,13,25,90,92,296,167,28,2,241,193,124,31,182,11,114,203,37,41,98,237,1,288,2,245,81,4,195,81,505,194,30,142,606,239,386,230,129,8,78,152,]
[1,2,4,2,2,1,1,0,0,1,7,0,8,1,4,0,0,0,4,2,3,2,2,0,0,0,3,0,0,3,1,1,1,0,2,0,3,0,1,1,3,2,1,0,5,7,3,1,1,0,0,10,4,1,1,2,0,0,10,0,6,2,0,2,]
[0,4,0,2,1,1,0,1,0,0,0,0,0,0,0,0,1,0,0,0,0,4,0,0,3,2,0,0,3,2,1,0,2,1,0,0,2,0,1,0,0,0,1,0,1,2,1,0,0,0,2,0,0,0,1,0,3,0,0,1,1,1,0,0,]
[7,2,2,6,0,7,1,3,3,0,5,13,13,6,9,0,2,1,21,16,3,4,5,1,5,19,1,2,2,7,4,6,11,1,5,10,10,21,2,2,0,1,6,14,7,0,0,0,0,4,0,11,3,3,3,0,0,8,4,9,0,0,1,2,]
[0,0,1,0,0,0,3,0,1,2,0,2,0,0,2,0,0,1,3,0,4,1,0,0,0,0,2,0,0,0,0,0,0,0,2,1,1,2,2,0,0,0,0,0,0,0,0,0,0,0,1,1,0,1,1,1,1,2,0,0,2,0,1,0,]
[8,3,8,1,4,18,2,6,3,10,4,7,1,0,1,9,11,9,7,6,11,13,8,1,7,2,0,0,0,3,19,2,11,5,1,3,3,5,3,0,2,0,5,26,0,3,0,12,1,2,10,3,7,4,6,11,0,0,6,2,0,2,1,16,]
[54,17,238,41,8,15,5,85,77,381,157,93,163,87,351,19,181,149,45,5,43,22,306,18,27,1,283,292,210,172,112,281,28,6,416,72,78,56,246,73,9,45,148,147,282,26,5,142,253,117,45,38,104,243,9,23,5,30,292,54,43,136,83,89,]
[135,74,16,11,14,29,11,154,27,13,110,79,90,8,8,39,53,40,6,37,16,34,26,22,45,65,7,87,18,7,13,33,10,44,4,37,12,0,2,13,54,33,0,15,68,13,146,47,43,3,43,0,40,153,1,5,68,14,81,8,98,51,89,124,]
[13,0,1,19,10,5,15,6,2,13,16,0,7,2,1,3,8,0,3,26,2,17,6,0,6,3,1,0,4,1,8,0,6,17,2,11,6,9,2,5,10,7,6,7,1,16,27,10,1,2,4,0,34,3,3,4,12,1,5,2,17,2,19,2,]
[2,1,6,0,1,0,4,2,20,2,1,4,4,5,1,3,0,3,0,5,8,9,1,12,2,18,8,6,0,5,11,18,4,9,1,2,0,10,0,5,2,4,0,1,9,3,9,3,21,12,1,1,6,0,3,4,3,3,0,14,7,4,5,4,]
[0,6,2,0,21,13,3,1,0,1,0,3,2,2,1,4,6,2,0,8,2,2,1,1,9,1,4,2,6,5,7,0,0,0,3,1,0,1,5,2,2,1,13,1,0,0,6,9,11,3,0,1,1,2,3,3,0,2,7,1,4,2,1,9,]
[0,5,1,4,6,2,2,2,1,2,2,0,0,0,0,1,1,1,2,3,0,3,6,0,1,0,2,1,0,1,6,1,3,1,1,1,1,1,5,0,1,5,1,6,0,3,4,12,6,0,0,8,10,1,0,1,0,0,2,4,3,7,2,0,]
[410,26,111,122,11,187,28,759,151,103,87,82,0,120,82,163,719,140,369,165,270,180,128,411,11,12,71,6,168,104,1,142,22,562,110,48,309,43,78,3,48,39,233,71,80,295,215,48,322,208,98,255,338,90,210,3,14,0,558,42,142,32,58,24,]
[502,28,329,146,4,42,142,5,16,9,48,115,68,6,137,183,31,70,92,1,91,136,270,58,55,299,20,360,150,142,454,246,135,445,2,178,22,201,312,125,533,194,265,39,71,98,76,5,5,338,559,220,12,467,69,183,49,26,182,187,5,25,362,120,]
[0,3,2,3,1,3,0,2,2,0,3,0,0,1,0,0,0,0,1,0,0,2,1,0,0,0,2,9,0,0,3,1,1,1,3,0,0,0,3,0,1,0,0,3,1,0,2,1,2,0,4,2,0,4,2,1,1,7,0,3,0,2,0,0,]
[1,3,0,0,0,1,0,1,0,0,4,0,1,0,0,0,0,0,2,0,1,0,0,0,1,0,1,1,0,0,0,1,0,0,0,0,0,1,0,0,0,2,0,0,4,0,0,0,0,0,6,0,0,0,0,0,1,0,0,1,2,0,0,0,]
[9,0,17,2,0,0,0,1,0,3,1,3,2,7,3,0,1,1,1,2,2,2,0,1,4,1,0,3,0,2,0,1,6,0,0,7,2,1,7,4,2,2,2,7,9,2,4,1,1,12,1,3,6,3,5,1,0,3,3,0,0,1,5,1,]
[1,3,0,1,8,2,1,4,4,3,0,2,1,8,2,0,1,5,0,8,3,2,8,8,1,2,6,1,7,5,1,1,4,2,0,0,2,6,0,0,2,2,0,0,6,5,2,1,5,3,1,5,5,1,1,4,2,0,0,2,2,1,1,1,]
[5,88,181,155,22,16,196,61,569,86,124,6,129,109,141,76,203,49,114,2,84,119,126,45,269,700,182,10,237,32,141,19,112,365,467,369,119,62,50,226,239,157,76,405,464,143,169,173,264,62,89,142,10,68,101,26,31,110,199,42,177,251,510,53,]
[64,43,51,11,353,124,13,267,112,326,86,287,146,112,39,57,11,66,141,156,96,105,12,57,6,164,72,41,124,20,146,50,38,154,692,81,166,82,56,210,321,4,39,275,283,306,124,128,5,45,155,674,323,1,7,283,17,98,61,260,51,5,65,110,]
[0,0,0,1,6,1,1,0,0,5,1,1,0,2,0,4,0,0,0,0,0,1,0,1,0,0,8,1,2,4,3,0,1,3,2,2,0,1,0,0,2,1,0,3,1,3,1,1,0,2,3,0,3,1,3,2,1,0,2,0,0,2,3,3,]
[0,0,1,0,1,0,2,1,0,1,0,1,1,3,1,0,0,2,0,0,0,0,0,0,1,1,0,1,0,0,0,0,0,3,2,0,1,0,0,1,0,1,0,2,0,0,0,0,0,1,1,0,3,1,1,0,0,0,1,0,0,0,1,1,]
[1,0,1,0,1,2,0,0,4,1,1,2,0,4,6,3,7,0,1,7,0,2,1,8,0,2,4,1,3,8,3,0,0,1,0,2,2,0,2,4,0,6,2,0,0,0,0,3,0,3,1,0,2,4,2,12,3,1,0,0,4,1,1,1,]
[4,3,5,6,6,6,0,0,0,0,3,2,0,0,4,0,2,1,0,0,0,7,0,12,0,0,14,1,2,2,0,14,0,4,0,10,0,0,0,1,4,6,5,1,0,3,1,3,3,3,12,0,1,4,2,0,2,0,10,0,4,2,1,1,]
[133,189,9,308,159,50,411,45,122,14,86,40,22,123,134,459,23,187,29,14,205,70,3,65,90,355,94,126,21,83,111,21,1,156,329,114,30,71,350,81,33,49,101,54,283,365,6,255,166,123,19,5,41,77,38,18,62,146,15,82,31,18,381,99,]
[31,308,191,19,131,25,38,123,123,165,379,13,39,613,253,211,48,130,75,0,11,44,14,168,459,63,49,601,464,328,27,4,93,1,56,11,113,103,250,26,301,179,22,228,522,138,825,16,480,83,34,76,346,52,94,125,167,254,24,257,464,29,158,101,]
[1,0,0,0,6,0,6,1,1,1,5,4,2,0,2,8,7,3,0,1,0,1,0,2,3,3,0,0,0,1,0,0,2,1,0,0,2,1,6,0,2,5,0,3,1,0,3,1,7,0,0,1,3,1,0,3,4,2,4,1,2,1,0,3,]
[0,0,0,1,0,0,0,0,1,0,1,2,0,0,3,0,1,0,1,0,1,0,2,0,1,0,0,0,0,0,0,0,0,1,1,0,1,0,0,1,1,0,0,0,1,2,2,0,0,1,0,0,0,0,1,0,3,0,2,0,1,0,1,0,]
[0,9,3,2,1,0,3,0,10,1,5,2,0,5,0,4,3,3,3,2,1,0,1,1,8,3,0,1,0,0,2,7,3,0,0,9,1,4,2,5,0,3,3,1,2,0,1,4,2,0,1,1,9,8,0,2,1,6,0,0,9,2,5,5,]
[14,4,2,3,2,7,5,3,0,3,5,4,2,0,7,4,1,0,2,2,1,0,0,2,1,7,0,0,2,0,2,4,6,4,1,0,6,0,10,1,3,2,2,0,1,12,2,0,5,3,2,1,2,15,1,0,1,0,1,15,4,17,0,3,]
[604,14,41,112,23,484,51,886,10,239,442,76,6,31,5,80,159,124,71,126,93,10,9,5,11,356,50,152,14,2,559,38,374,278,92,77,54,182,27,136,103,19,108,547,83,560,187,186,171,20,224,129,156,79,73,88,292,14,25,106,143,6,70,48,]
[15,10,143,18,123,6,82,91,136,114,61,97,116,326,140,57,41,1,23,132,241,177,87,174,30,27,27,116,128,61,50,55,14,518,78,58,357,5,317,215,62,20,184,218,53,257,233,125,268,74,146,320,483,148,82,34,21,39,56,109,76,82,21,361,]
[0,3,0,0,0,1,1,0,0,0,1,1,1,4,1,4,2,0,0,0,1,3,2,4,1,2,1,1,2,1,6,0,0,1,0,0,0,3,2,0,0,2,0,0,0,0,0,6,0,0,2,1,1,0,1,0,1,0,0,1,2,0,0,1,]
[0,0,0,0,4,0,3,1,0,2,0,0,0,2,1,0,1,0,1,0,0,1,0,3,1,0,0,0,0,1,0,0,1,0,0,1,1,1,1,1,0,1,1,1,0,1,0,0,2,0,0,0,0,3,0,2,0,0,0,0,0,3,0,0,]
[0,7,3,0,1,9,13,0,15,5,11,1,3,0,5,7,2,4,5,3,1,10,5,12,3,0,3,12,1,7,11,3,6,1,9,5,20,0,9,5,1,2,2,5,2,22,6,12,3,1,5,9,5,3,2,13,6,2,2,1,1,1,13,1,]
[0,0,0,0,0,0,0,1,0,0,0,0,3,2,1,1,1,2,0,3,0,1,0,2,1,0,1,0,0,0,0,1,1,3,0,0,0,1,2,0,1,0,2,0,0,0,0,0,0,1,0,1,0,0,0,1,0,1,0,0,0,1,2,0,]
[2,1,0,0,0,0,0,0,0,0,0,0,0,0,4,2,0,0,0,1,1,0,4,0,2,0,0,0,1,0,0,0,0,0,0,0,0,0,1,2,1,0,0,0,0,0,0,0,0,0,0,0,0,0,7,2,0,0,0,0,0,1,0,0,]
]
