This is computation ability:
[
[0,0,0,0,0,0,0,0,0,0,0,0,0,0,0,0,0,0,0,0,0,0,0,0,0,0,0,0,0,0,0,0,0,0,0,0,0,0,0,0,0,0,0,0,0,0,0,0,0,0,0,0,0,0,0,0,0,0,0,0,0,0,0,0,]
[0,0,0,0,0,0,0,0,0,0,0,0,0,0,0,0,0,0,0,0,0,0,0,0,0,0,0,0,0,0,0,0,0,0,0,0,0,0,0,0,0,0,0,0,0,0,0,0,0,0,0,0,0,0,0,0,0,0,0,0,0,0,0,0,]
[8,8,6,6,3,6,8,4,4,7,8,7,8,10,6,5,7,5,4,11,4,6,6,4,10,5,10,6,5,8,4,11,6,7,5,7,6,10,8,5,9,4,8,6,5,7,4,5,6,7,6,6,6,3,3,6,7,7,4,7,6,11,3,11,]
[142,122,137,137,162,134,122,117,87,144,150,144,167,133,120,94,157,172,120,70,267,107,134,181,106,104,143,127,113,78,126,107,123,169,113,128,168,93,184,113,167,79,153,195,101,95,190,156,125,122,150,157,73,188,129,164,187,119,99,73,101,89,99,209,]
[41,39,57,37,40,34,43,30,32,38,22,44,53,35,38,62,41,29,56,32,22,34,61,52,40,26,26,53,49,33,40,57,43,48,45,51,54,29,50,25,35,33,48,59,32,41,49,35,42,54,36,45,41,38,52,50,43,40,27,42,57,79,47,28,]
[4,4,7,7,7,3,6,2,6,6,5,5,5,3,5,6,5,4,7,6,6,6,5,5,6,3,6,3,4,6,7,8,5,6,4,3,5,7,7,6,3,6,6,7,6,5,7,5,6,4,4,3,3,4,7,5,5,8,4,6,5,7,4,4,]
[5,4,4,4,6,6,7,6,4,5,6,4,8,5,5,5,3,5,5,4,5,4,9,6,5,4,6,5,5,5,4,6,7,4,8,5,6,5,8,5,5,5,5,8,5,6,6,7,5,4,5,7,6,6,6,6,5,8,8,5,7,9,7,4,]
[3,2,2,2,3,2,3,3,3,2,2,2,2,2,3,3,2,1,2,3,4,4,2,3,2,2,2,4,2,3,1,3,3,2,2,4,3,1,1,2,2,3,3,2,2,2,1,2,2,2,2,3,2,2,2,2,2,1,3,3,2,3,3,2,]
[3,2,1,2,4,2,3,3,3,2,2,3,4,3,2,2,2,2,2,4,2,2,3,2,2,2,3,1,3,2,2,2,2,3,3,2,2,4,4,1,4,2,3,1,3,2,3,3,4,2,2,3,2,2,3,2,3,2,3,2,2,2,3,2,]
[151,173,179,109,198,165,174,133,155,101,192,132,120,69,161,75,172,193,100,174,193,105,115,163,141,147,176,214,153,166,153,192,134,198,214,103,146,208,132,165,136,192,154,143,129,105,186,158,97,125,140,184,123,177,113,148,119,161,233,140,157,114,169,103,]
[129,91,157,130,185,146,132,135,196,111,85,117,120,114,93,164,151,122,159,143,120,86,186,135,218,129,142,152,185,129,142,262,109,217,186,103,164,121,211,113,122,88,188,66,208,119,70,133,151,139,142,197,154,120,127,142,173,112,138,163,185,125,145,199,]
[1,1,2,1,1,2,1,1,1,1,2,1,2,2,0,1,1,1,1,2,1,2,2,2,1,1,2,1,1,2,2,1,1,1,1,1,2,2,1,1,1,1,2,2,3,1,1,1,1,2,1,2,2,1,1,1,2,2,2,1,1,1,2,2,]
[1,1,0,0,1,1,1,0,0,1,0,1,0,1,0,1,1,1,1,1,0,1,0,0,0,0,0,1,1,0,1,0,0,0,1,0,0,0,0,0,0,0,0,1,0,0,1,1,1,0,0,0,0,0,0,0,1,0,0,1,0,0,0,1,]
[3,4,3,2,2,2,3,2,2,2,3,3,3,2,3,2,2,2,2,2,2,2,2,3,2,4,2,2,4,2,2,2,2,2,3,3,2,3,3,1,2,4,2,2,3,3,2,2,2,3,3,2,1,2,2,3,2,2,3,1,3,3,2,3,]
[3,2,4,2,2,2,2,3,2,2,2,2,3,2,2,2,2,2,3,3,3,3,3,2,3,4,3,2,2,2,2,3,3,1,3,1,4,2,4,3,3,2,2,3,3,2,2,1,2,3,3,3,3,3,2,2,3,3,3,3,1,2,2,2,]
[185,182,107,128,122,139,188,190,135,144,177,145,90,170,108,156,163,169,190,120,102,173,154,114,150,142,101,96,144,99,97,215,64,102,109,131,230,161,101,181,111,129,106,119,190,157,149,107,142,166,237,204,145,162,81,100,89,111,140,95,145,76,120,164,]
[135,129,86,190,125,169,93,159,186,114,159,135,152,147,118,130,114,165,189,104,149,145,104,110,153,94,124,146,185,109,120,145,171,119,116,177,131,90,162,146,142,104,188,113,111,131,157,121,166,156,145,87,116,178,81,128,148,131,87,163,144,166,123,123,]
[1,2,2,1,2,0,1,1,2,2,1,1,2,1,1,1,1,1,2,1,2,1,2,2,2,1,3,1,2,1,1,1,2,2,2,1,1,2,1,1,1,1,2,1,2,2,2,1,2,2,2,2,1,2,2,1,1,3,2,2,1,1,1,1,]
[1,0,0,0,0,0,0,0,0,0,0,1,1,1,0,1,1,0,1,0,0,1,1,0,0,0,0,0,0,1,0,0,0,1,0,0,0,0,0,1,0,1,0,1,0,1,1,0,1,1,1,0,0,1,1,1,0,1,0,0,1,1,0,1,]
[3,4,3,2,2,3,1,2,3,3,3,4,3,2,3,3,2,2,4,3,3,3,2,3,3,3,2,3,3,2,2,3,2,2,1,3,3,2,1,2,2,2,2,2,3,2,2,3,3,2,3,3,3,3,5,2,3,3,4,3,2,3,3,3,]
[3,2,1,3,1,2,2,3,3,2,1,2,3,2,3,2,2,3,2,2,3,2,2,2,3,4,2,2,5,2,2,2,3,3,3,2,4,4,1,2,3,2,3,2,2,2,2,3,3,1,2,3,2,2,1,4,3,3,2,3,3,3,3,2,]
[143,132,125,109,167,196,197,184,121,73,191,129,156,141,136,106,170,143,171,106,158,165,130,148,120,137,82,101,210,153,134,151,93,119,122,146,142,184,166,128,162,184,178,106,144,129,96,193,122,100,140,188,93,129,133,136,148,128,149,127,133,154,152,148,]
[112,117,186,143,150,110,135,156,116,113,95,149,133,71,135,181,136,100,187,128,133,135,123,241,103,83,141,61,127,106,122,179,164,200,72,103,158,146,129,155,134,122,166,128,194,130,133,147,117,131,236,157,155,243,196,119,189,165,111,156,119,138,93,104,]
[1,1,2,2,1,2,2,1,1,1,2,1,3,1,1,1,1,1,1,2,1,2,1,2,1,1,1,1,2,1,2,1,1,2,1,2,2,1,1,1,1,2,1,1,2,1,1,2,2,1,1,2,0,2,2,1,1,2,1,2,1,2,1,2,]
[0,1,0,0,0,0,0,0,0,0,0,0,1,1,1,1,0,1,1,1,1,1,0,0,1,1,1,0,0,0,1,0,0,0,1,1,0,0,0,1,0,0,0,0,0,0,0,1,1,0,0,1,0,0,1,1,1,1,1,1,1,1,0,0,]
[2,2,2,2,1,2,2,3,4,4,4,3,2,2,1,2,4,2,1,2,2,4,3,3,3,2,3,3,2,1,1,4,1,2,2,2,2,3,2,3,2,2,2,2,4,2,5,2,4,3,2,2,2,3,3,2,1,3,2,2,5,2,3,2,]
[3,3,2,3,1,2,3,2,2,2,3,2,3,2,2,2,3,3,2,2,3,2,2,3,1,3,2,3,2,2,3,2,3,3,3,1,2,2,2,3,2,2,2,2,1,1,3,2,2,2,2,2,2,4,2,2,2,4,3,3,2,4,2,4,]
[100,163,114,164,98,128,206,86,167,166,109,167,149,126,128,225,162,153,162,166,140,105,141,112,148,99,206,134,139,128,153,148,96,203,204,175,103,173,144,150,146,176,212,125,180,146,140,134,116,83,131,128,140,86,116,125,135,160,100,134,146,161,62,146,]
[122,213,129,108,122,199,181,99,93,130,122,130,160,102,166,121,156,62,108,193,110,140,159,83,168,111,158,109,85,125,136,170,113,115,134,91,145,121,141,172,158,146,150,248,179,135,165,151,103,155,209,172,56,133,110,99,167,171,187,127,94,140,153,179,]
[1,1,1,3,1,1,2,1,2,1,2,1,1,2,1,2,2,2,1,1,1,1,2,1,1,1,1,1,2,2,2,2,1,1,2,1,2,1,1,1,1,1,1,1,1,1,2,2,1,2,2,2,1,2,2,1,2,1,2,1,1,1,1,1,]
[0,1,0,1,1,0,0,1,0,0,0,1,1,1,0,1,0,0,1,0,0,0,0,0,1,1,0,0,0,0,0,1,0,1,0,1,1,1,0,0,0,1,0,1,1,0,1,0,1,0,1,0,1,1,0,0,0,1,1,1,0,0,0,0,]
[6,4,8,6,4,7,7,5,5,4,7,5,6,4,5,9,4,6,5,5,3,3,6,5,5,7,4,5,6,6,7,5,5,7,5,10,4,4,5,7,5,3,6,6,9,6,6,5,4,6,6,5,4,6,5,6,3,4,4,5,3,6,7,4,]
[0,1,0,0,0,1,1,0,0,0,0,0,1,0,0,1,1,0,0,0,0,0,1,0,1,0,0,0,1,0,1,1,1,0,0,0,0,0,0,1,0,1,1,1,0,1,0,1,0,1,0,1,1,0,1,0,0,1,0,1,0,0,1,0,]
[6,9,3,7,7,8,12,5,7,7,7,6,5,7,6,5,8,6,7,6,5,4,4,8,5,10,4,4,6,8,5,5,7,7,9,7,5,6,6,8,9,7,4,4,6,10,11,7,7,7,8,5,8,5,12,8,10,5,9,6,7,9,7,6,]
[135,145,184,128,153,135,103,107,122,75,153,78,166,156,123,167,93,111,203,169,159,149,172,151,121,174,98,134,135,143,95,119,179,179,87,121,136,105,135,130,208,147,129,113,171,116,144,105,95,177,151,152,138,145,173,124,204,133,160,180,186,164,82,114,]
[53,44,46,33,44,47,41,29,30,37,46,43,40,31,45,68,56,31,42,53,28,23,45,44,29,36,52,29,45,47,52,50,50,45,51,27,56,36,59,35,22,44,36,30,50,35,46,45,47,41,34,34,52,68,38,39,44,37,37,62,51,43,44,42,]
[5,4,5,5,5,8,5,5,8,6,4,5,5,3,7,3,6,4,8,5,8,5,7,4,8,8,6,7,6,3,4,8,5,4,7,5,8,5,6,6,4,4,5,7,2,4,5,5,7,7,4,6,6,5,6,6,4,5,5,4,5,4,5,4,]
[8,3,8,4,6,5,6,5,6,7,4,5,5,6,5,4,6,6,4,4,8,7,6,7,9,4,5,8,3,6,5,5,5,6,5,4,5,6,4,3,4,4,4,6,6,7,7,4,5,6,7,6,8,4,6,4,5,7,5,6,8,5,4,4,]
[3,3,3,2,2,3,5,3,2,2,2,2,2,3,3,3,2,2,3,2,3,2,3,3,3,3,5,2,3,2,4,2,2,2,4,3,4,4,3,2,4,3,2,3,3,2,4,2,3,1,3,3,2,2,3,3,3,3,2,3,3,3,2,2,]
[2,2,2,2,3,2,4,2,2,2,2,2,2,2,3,3,2,3,2,2,3,2,2,1,3,4,2,1,2,4,2,3,3,3,2,2,2,4,3,3,3,3,2,2,2,2,2,2,2,1,2,3,2,2,2,3,2,3,2,3,3,3,3,2,]
[90,151,112,84,97,241,118,110,116,169,129,133,198,161,213,196,138,205,115,103,146,87,117,101,93,117,161,121,130,171,107,111,142,139,190,199,187,102,131,156,98,187,236,193,180,131,133,137,148,120,88,165,139,109,94,162,83,106,219,113,151,167,79,116,]
[94,104,201,154,125,122,125,134,191,133,156,181,126,175,194,107,117,104,109,199,94,174,106,133,118,102,157,144,160,117,98,154,148,171,203,158,114,123,118,81,145,191,123,97,145,118,117,127,82,116,146,62,138,207,153,128,98,112,120,166,156,141,110,104,]
[1,2,1,2,1,2,2,1,1,1,2,2,2,2,1,1,2,1,1,1,1,2,0,2,1,2,0,1,3,2,1,1,2,2,1,1,1,1,2,1,1,2,1,2,1,2,2,2,2,1,1,2,1,1,1,2,3,2,3,2,2,1,1,2,]
[0,1,1,1,0,0,1,1,0,0,1,0,0,0,1,1,0,1,0,1,0,0,0,1,1,0,1,1,1,1,1,1,1,0,0,1,0,0,1,1,0,0,0,1,1,0,1,0,0,1,1,0,0,1,0,1,1,0,0,1,1,1,1,0,]
[3,3,2,2,2,2,2,3,2,3,4,3,2,3,3,4,3,2,1,2,2,2,3,3,3,3,2,4,2,3,2,2,2,3,3,2,2,2,2,3,1,2,3,3,2,3,4,2,3,2,2,2,2,2,3,2,1,2,2,3,2,3,2,2,]
[2,3,2,3,2,4,2,2,3,2,2,3,2,4,3,1,3,2,4,3,2,3,2,3,2,2,3,3,3,2,3,4,2,2,3,2,2,3,2,3,3,2,2,3,3,2,3,4,2,3,2,3,1,2,3,2,3,1,2,3,2,2,3,2,]
[146,161,174,123,90,116,121,104,51,134,123,169,123,141,135,177,163,123,125,199,123,160,170,128,126,105,104,130,165,126,141,146,148,129,109,81,141,156,131,133,66,74,99,172,123,149,137,179,136,180,134,143,131,201,115,171,92,149,175,149,163,57,120,154,]
[153,100,146,114,175,180,120,91,161,135,125,124,150,167,96,119,103,146,102,100,172,127,133,172,246,160,77,176,123,107,100,175,144,115,120,173,140,133,101,180,129,97,177,116,150,85,188,139,145,145,164,168,132,118,127,233,163,166,122,130,96,165,98,122,]
[1,2,1,1,1,2,1,1,2,1,2,1,1,1,1,1,1,2,3,1,1,2,2,1,1,1,1,2,1,1,2,1,2,1,1,2,2,1,1,1,3,2,2,1,2,1,1,1,1,1,2,1,2,2,1,1,1,2,2,1,1,1,3,2,]
[1,0,1,0,0,0,0,0,1,0,0,1,0,1,0,1,0,0,1,0,1,1,0,0,0,1,0,0,1,1,1,0,0,0,1,0,1,1,0,0,1,1,0,1,0,0,1,1,1,1,1,0,1,0,0,1,1,1,0,0,1,1,0,0,]
[4,3,2,2,3,3,2,2,2,3,2,2,1,3,2,2,2,2,2,2,3,3,3,2,2,2,2,3,2,1,2,3,3,3,3,3,2,2,3,2,3,3,3,2,2,2,2,3,1,3,4,3,3,3,3,2,3,4,3,2,3,5,2,2,]
[3,2,3,3,3,2,2,3,2,3,3,2,3,3,2,4,2,2,4,1,2,2,2,3,3,2,3,1,2,3,3,3,3,2,3,3,3,2,3,3,3,3,3,3,2,2,3,4,4,2,4,2,2,2,2,4,2,4,2,2,2,2,2,3,]
[133,90,170,165,105,195,124,141,161,91,183,194,139,127,106,209,146,111,169,197,117,116,171,152,137,141,202,165,174,135,126,85,212,148,175,204,128,163,189,132,116,122,138,148,193,247,133,158,106,157,158,85,123,86,148,152,140,74,130,94,121,170,134,99,]
[101,130,158,126,108,149,109,99,229,101,111,174,142,82,111,121,118,131,118,97,262,116,154,147,109,86,140,100,86,135,111,165,182,151,228,156,135,108,123,104,116,163,102,141,106,174,201,212,184,81,186,124,141,141,127,188,185,142,121,139,161,143,49,125,]
[2,2,2,1,2,1,1,2,3,2,1,2,1,1,2,2,1,2,2,1,1,1,1,1,1,2,2,2,2,1,2,2,1,1,2,2,2,2,2,2,1,2,1,3,1,1,1,2,1,2,2,2,1,2,2,1,1,2,1,2,1,1,2,1,]
[1,0,1,0,1,0,0,1,0,0,1,1,0,0,0,0,1,0,1,0,1,1,1,1,0,1,1,1,0,0,0,0,0,0,0,1,1,0,0,0,1,1,0,1,1,0,0,1,0,0,1,0,1,0,0,1,0,0,0,1,1,0,1,1,]
[2,3,2,2,3,3,2,5,3,2,3,1,3,2,3,2,3,2,3,2,2,2,1,3,2,2,2,2,2,2,4,3,2,2,3,2,3,2,3,2,1,2,2,1,2,1,3,2,3,3,3,1,2,2,2,2,2,3,2,3,2,3,2,4,]
[2,2,3,1,3,2,2,2,2,2,3,4,3,2,2,4,2,3,2,4,3,3,2,4,2,3,2,2,2,2,4,2,3,3,3,2,2,3,2,1,2,3,2,2,2,3,3,1,3,3,2,2,3,2,2,3,2,4,3,4,1,2,3,2,]
[138,131,171,145,112,102,131,121,103,162,129,98,131,121,181,108,170,147,167,115,114,165,76,116,155,126,185,132,145,89,117,139,129,125,89,92,146,111,89,160,119,149,147,162,146,181,147,174,113,148,163,115,118,105,179,113,105,96,140,129,112,74,154,106,]
[117,111,138,162,116,132,207,215,164,153,203,112,172,136,92,112,54,115,133,116,128,158,99,128,154,119,232,165,121,107,166,205,153,168,138,119,122,115,166,166,176,237,102,88,198,123,187,118,142,90,167,119,134,250,90,151,150,131,120,204,184,137,170,148,]
[2,1,2,1,1,1,1,1,2,1,1,2,1,1,2,1,1,1,1,2,1,2,1,1,1,1,2,1,1,1,1,1,1,1,2,1,2,1,2,1,1,2,2,2,1,2,1,2,2,1,2,2,4,1,2,2,1,3,2,3,1,1,1,1,]
[1,1,1,1,1,1,0,0,1,0,0,1,0,1,0,1,0,1,0,0,0,1,0,0,1,0,1,1,0,1,1,0,0,0,0,0,1,0,1,1,1,0,0,1,1,0,0,1,0,1,1,1,0,0,1,0,0,1,0,0,0,0,0,1,]
[7,5,10,5,6,3,8,5,2,4,7,6,7,5,8,6,4,4,7,5,5,4,9,7,7,3,6,8,5,6,4,5,7,4,7,6,8,4,5,5,4,5,2,7,7,3,4,3,4,5,5,8,5,4,4,4,5,6,3,6,8,5,4,5,]
[1,1,0,1,1,1,1,0,0,0,0,1,1,1,0,1,1,1,0,1,0,1,0,1,1,0,0,1,0,1,0,1,1,0,0,0,1,0,0,0,0,0,1,0,1,1,0,0,1,1,0,1,1,0,0,1,1,1,0,0,0,1,0,0,]
[6,7,5,8,3,7,9,5,9,7,4,11,7,5,9,6,6,6,5,9,10,4,5,9,5,6,6,8,9,7,8,5,5,7,5,5,5,6,5,7,8,7,7,4,9,5,4,3,9,10,7,7,5,6,6,10,6,10,7,8,8,5,7,10,]
[83,133,122,237,102,122,123,121,185,149,119,119,134,115,134,144,165,92,139,94,143,200,122,129,178,157,92,176,151,111,164,152,143,191,119,162,189,105,115,175,194,128,123,129,87,140,128,105,207,155,126,104,98,120,138,145,202,176,153,105,155,118,108,116,]
[57,42,35,51,43,33,39,25,37,50,44,51,40,31,28,69,38,57,43,49,63,50,38,42,52,25,22,72,31,25,43,30,24,28,40,32,31,26,33,30,57,22,52,66,40,57,38,35,35,41,38,57,46,51,48,48,58,36,35,29,50,53,41,42,]
[3,4,5,4,3,7,5,5,5,5,4,6,6,5,8,4,5,5,7,3,4,4,5,7,4,6,5,8,3,6,3,7,7,7,5,6,7,4,5,5,5,6,5,6,5,6,9,6,4,5,4,5,8,5,7,4,9,8,7,4,8,6,4,5,]
[5,5,6,5,6,6,8,5,7,4,5,3,5,6,7,5,4,6,6,5,5,4,6,9,6,5,3,5,3,4,6,10,4,4,8,4,6,5,5,5,8,9,5,4,5,7,4,9,4,5,9,6,8,4,5,6,3,5,5,7,3,4,6,4,]
[3,3,2,2,3,2,4,2,2,4,2,2,2,3,3,2,2,4,3,3,2,2,3,3,2,1,3,2,4,4,2,3,4,3,2,3,3,2,2,2,2,2,2,3,3,2,4,2,1,2,3,2,3,3,2,3,2,2,2,4,2,2,2,1,]
[2,3,2,1,2,2,3,1,3,2,5,2,3,1,3,2,2,3,3,1,3,2,2,3,1,2,3,3,2,2,2,3,3,2,2,3,2,2,3,3,3,2,3,2,3,3,2,2,2,2,3,4,3,2,2,3,2,1,2,2,1,3,2,3,]
[187,91,123,174,148,126,163,131,105,112,275,139,131,97,138,216,125,136,138,110,166,167,140,167,116,136,127,77,154,210,88,81,76,92,115,73,213,115,77,119,180,233,189,157,136,115,158,212,138,193,107,128,156,164,150,203,191,117,257,174,195,93,131,118,]
[135,88,129,147,114,112,133,116,131,188,168,194,54,154,145,128,130,103,133,152,198,83,234,116,108,107,163,73,115,118,139,214,169,168,109,110,88,128,114,103,161,102,120,100,147,126,145,124,91,170,151,153,152,226,206,130,126,139,103,116,110,151,155,158,]
[1,2,1,1,2,1,2,2,1,2,1,2,2,2,1,2,1,1,2,2,2,1,2,2,1,2,1,1,1,2,2,1,2,1,2,2,1,1,3,2,3,2,1,2,1,1,1,2,1,2,2,1,2,2,2,1,2,1,2,2,1,2,2,2,]
[0,0,1,0,1,0,0,1,1,1,0,1,0,1,0,1,0,0,0,0,1,0,0,1,0,0,1,1,0,0,0,0,1,0,0,0,1,0,0,0,0,0,0,1,1,1,0,0,0,0,1,1,0,0,0,1,1,1,0,0,0,0,1,0,]
[2,2,3,3,2,2,3,1,3,4,3,2,1,3,2,3,3,3,4,4,3,3,4,2,3,1,2,2,2,2,3,3,3,1,3,2,3,2,2,3,2,4,2,4,3,2,1,3,3,3,2,2,2,2,2,2,2,3,4,2,3,3,2,4,]
[2,2,3,4,3,2,2,2,3,2,3,2,2,3,3,2,2,2,3,3,3,2,3,3,3,2,2,2,3,1,2,3,1,1,5,4,3,2,3,3,3,2,3,3,3,3,1,5,2,3,3,2,3,3,2,3,3,1,2,2,2,3,3,1,]
[88,155,118,162,125,80,43,121,125,121,228,149,118,180,158,77,214,171,178,187,228,122,172,157,115,142,120,94,140,157,91,118,136,126,118,100,133,160,106,143,233,183,225,170,127,101,218,172,168,128,90,147,107,272,184,196,121,107,123,133,160,195,153,172,]
[126,170,163,188,111,140,134,191,138,92,120,215,126,193,175,84,196,135,127,150,115,174,158,200,126,129,108,162,212,145,106,100,96,95,238,123,141,127,83,121,210,124,129,74,87,167,180,195,139,160,168,129,143,153,152,87,132,89,130,134,211,99,102,186,]
[2,2,1,1,1,2,2,1,1,2,2,2,1,1,2,1,1,2,1,2,1,1,2,2,1,3,1,1,1,2,1,1,3,2,1,2,1,1,1,2,2,1,1,2,1,1,2,1,2,1,2,2,2,2,2,1,2,2,1,2,2,3,2,3,]
[0,1,0,0,1,1,0,0,1,0,0,1,0,1,1,0,0,0,1,0,0,1,0,0,0,1,1,1,1,1,0,1,0,0,1,0,1,1,0,1,0,0,1,0,0,0,0,0,0,1,0,1,0,0,1,0,0,1,1,1,0,1,0,0,]
[3,2,3,3,2,3,3,3,2,3,3,3,3,3,2,2,2,3,3,2,3,4,3,4,4,1,3,2,1,3,3,2,2,3,2,3,2,2,2,2,2,1,4,2,2,5,2,1,4,3,3,4,2,3,3,3,2,3,4,2,4,2,3,3,]
[2,2,3,3,1,2,3,2,4,4,2,2,2,3,2,2,2,2,2,3,2,2,2,6,2,3,4,3,3,2,2,2,2,3,2,2,1,3,2,2,2,3,3,2,2,2,2,3,4,2,3,3,2,3,2,2,4,2,3,3,2,3,1,2,]
[145,156,150,172,138,121,192,134,160,143,201,199,153,151,116,198,94,132,145,151,144,115,131,87,128,137,160,123,173,137,132,175,105,121,158,133,168,101,183,198,130,114,149,140,116,185,181,157,130,159,157,101,188,165,100,124,133,175,130,130,136,111,143,151,]
[127,105,154,208,106,110,213,132,120,99,215,66,101,133,145,137,102,144,145,106,128,106,89,156,156,102,137,174,149,104,158,135,162,142,143,161,145,95,95,82,128,185,149,115,158,162,195,171,104,87,163,173,142,91,148,112,226,119,150,134,119,129,132,93,]
[1,1,2,2,2,3,1,1,3,2,2,2,1,2,1,1,1,2,1,1,1,2,1,2,1,2,1,1,1,2,2,2,2,1,2,1,1,2,1,2,1,3,2,1,2,2,2,2,2,1,2,2,1,2,1,1,1,2,1,2,2,2,1,1,]
[0,1,1,0,0,1,1,0,1,1,0,1,1,0,0,0,0,1,1,1,1,1,0,0,1,1,1,0,0,0,0,0,1,0,0,0,1,1,0,1,0,1,0,1,0,0,0,0,0,0,0,0,0,0,0,0,0,1,0,1,1,0,0,0,]
[2,3,1,4,2,3,3,3,2,3,3,4,2,3,4,1,2,3,2,3,2,3,3,2,4,2,3,3,4,3,2,2,2,2,3,3,2,2,4,2,4,2,3,2,1,4,2,1,4,2,4,4,2,3,2,3,2,2,3,4,2,2,2,3,]
[3,1,1,2,3,2,2,3,2,1,3,3,2,2,3,3,3,1,2,3,2,1,3,3,3,3,3,2,3,3,3,3,2,3,3,2,3,2,2,2,4,3,3,2,2,3,2,4,3,2,2,3,3,2,2,3,2,3,1,2,3,2,3,2,]
[210,131,106,87,108,122,109,164,65,141,133,107,170,122,142,160,88,169,99,216,218,78,105,176,124,86,146,145,125,167,106,128,225,124,82,103,177,103,82,141,128,209,111,81,119,183,145,162,167,103,140,182,164,131,111,152,113,115,138,116,174,89,128,135,]
[178,188,107,133,104,208,142,119,122,115,120,246,142,128,118,110,131,128,94,159,229,168,157,133,232,94,204,138,166,149,164,100,114,120,120,220,180,200,199,111,157,131,125,302,91,129,187,139,120,130,130,109,163,113,104,249,119,139,95,147,127,114,171,147,]
[2,2,1,2,2,1,1,1,2,1,2,1,2,2,2,2,1,2,3,3,2,2,3,2,3,1,1,1,1,1,2,2,2,2,2,0,1,1,1,1,1,1,2,2,2,1,2,1,1,1,0,1,1,1,1,2,1,1,2,1,2,1,1,0,]
[1,1,0,1,0,0,0,0,1,1,0,1,1,1,0,1,0,1,0,0,1,1,0,1,1,1,1,0,0,0,0,0,0,0,1,0,0,0,1,1,0,0,1,1,1,1,0,1,0,1,1,1,0,1,0,0,0,1,1,1,0,0,1,0,]
[7,5,7,10,4,7,3,7,3,6,5,6,8,7,7,4,6,7,7,5,4,5,6,4,5,4,5,6,5,6,6,5,6,6,7,7,7,3,6,3,5,9,6,6,7,8,4,6,4,5,6,7,4,6,5,7,7,4,5,6,6,6,8,3,]
[1,0,0,1,0,1,0,1,1,1,1,0,1,1,1,0,1,0,1,0,0,0,0,0,0,1,0,0,0,1,1,0,0,0,0,1,0,1,1,1,1,0,0,0,1,1,1,0,1,1,1,0,0,1,0,0,1,0,1,0,1,0,0,0,]
[5,5,7,5,7,6,3,7,8,6,5,8,6,5,8,6,10,4,7,5,5,4,7,7,6,6,7,4,5,5,6,7,5,10,5,3,12,5,7,9,13,5,8,6,5,8,7,8,7,12,4,6,3,7,5,5,6,6,5,5,7,9,6,8,]
[160,129,137,161,170,265,204,165,141,152,218,159,164,265,163,179,90,123,109,105,127,175,154,132,124,262,114,145,123,131,76,157,124,157,110,171,104,75,115,134,92,136,180,169,153,98,160,176,148,170,126,116,197,118,132,146,137,140,178,171,86,151,175,196,]
[45,31,27,43,48,47,44,25,57,50,35,45,29,72,53,31,51,45,38,37,38,36,56,43,59,23,49,71,18,49,37,45,46,55,41,34,43,43,49,56,35,49,46,29,70,32,33,47,41,52,57,65,22,47,38,43,54,28,48,33,38,62,43,59,]
[5,2,6,7,6,7,7,5,6,6,7,7,5,8,5,6,7,5,4,5,10,6,6,5,4,3,7,6,6,8,7,5,6,5,5,11,5,4,5,6,6,6,5,5,8,9,8,8,5,7,4,5,3,6,4,2,5,4,6,6,8,5,4,6,]
[8,6,8,3,4,7,3,6,5,4,5,7,6,6,4,6,3,5,4,7,9,7,5,7,9,6,4,5,4,5,4,4,4,5,5,3,7,7,6,4,5,4,5,6,7,4,4,5,6,3,6,5,4,4,5,5,4,7,3,6,4,4,5,5,]
[2,3,3,4,3,2,3,3,1,2,2,3,1,2,3,3,2,2,2,3,3,4,5,3,3,2,2,2,2,2,3,4,2,3,1,3,2,2,2,2,2,4,2,2,4,3,2,1,2,3,1,1,2,2,2,3,3,3,2,3,2,3,4,2,]
[2,4,3,2,3,2,2,3,4,2,3,5,3,2,4,3,3,2,2,3,3,3,2,3,2,3,2,1,3,3,2,2,1,3,2,3,3,4,3,4,5,3,3,3,3,2,2,1,2,3,2,3,2,3,2,2,1,4,1,2,2,2,2,2,]
[87,152,203,93,159,131,133,157,118,139,152,133,158,175,181,119,134,158,156,140,150,124,184,106,87,143,126,130,170,109,163,141,115,89,166,189,151,134,111,88,122,154,157,143,195,123,119,146,104,122,194,159,118,132,129,134,92,101,100,145,132,116,145,131,]
[93,121,101,255,77,127,172,111,161,140,158,186,182,132,147,142,185,165,151,143,134,137,124,98,164,146,217,161,198,90,173,143,143,136,133,131,156,141,185,160,208,177,168,136,101,133,112,155,160,108,160,143,176,114,159,143,169,201,152,121,120,183,94,111,]
[2,1,2,1,2,1,2,1,1,2,2,2,1,2,1,1,2,2,3,2,1,1,1,1,2,2,1,1,1,2,2,2,3,1,2,1,1,1,1,2,2,2,2,1,2,1,3,1,2,2,2,3,1,2,1,1,2,1,1,2,2,2,2,2,]
[0,1,1,1,1,0,1,0,0,0,0,1,0,0,0,1,0,1,0,2,1,1,0,1,1,0,0,1,0,1,1,1,1,0,0,0,1,0,1,1,0,0,0,1,0,0,0,0,0,1,0,1,0,0,0,0,1,1,0,0,1,0,1,1,]
[4,2,3,2,3,4,3,3,2,2,4,3,5,2,2,3,2,3,1,3,4,3,3,4,3,2,2,2,3,3,2,3,2,4,1,2,3,3,2,3,2,2,2,2,3,2,2,2,3,3,3,2,1,2,1,2,3,3,2,3,2,3,2,3,]
[5,2,2,2,3,3,3,2,3,2,2,2,2,2,3,2,2,2,3,2,3,2,3,3,3,3,3,3,2,6,3,3,3,3,3,3,1,3,3,2,3,2,2,3,2,3,3,3,3,4,3,2,2,3,3,2,2,1,3,3,3,3,3,2,]
[124,172,140,139,121,161,115,73,188,112,130,140,155,101,156,151,151,105,179,105,138,124,141,168,94,171,132,105,110,131,156,118,152,116,146,137,153,131,211,68,112,133,103,164,101,171,141,191,116,198,123,125,119,81,140,212,113,158,100,172,160,191,163,153,]
[121,160,127,138,226,135,127,170,100,152,118,153,121,136,132,128,138,152,101,125,159,190,110,116,103,137,121,141,98,152,112,107,221,141,186,167,103,123,150,81,107,148,159,104,187,163,126,135,185,93,145,129,174,83,162,202,129,142,148,121,201,124,178,143,]
[1,2,1,1,1,2,2,2,3,2,1,2,1,2,1,1,2,1,1,2,1,1,1,1,2,2,2,2,1,1,1,2,1,1,2,2,1,2,1,1,1,1,1,1,2,2,2,2,1,1,2,2,1,1,1,3,2,2,1,1,2,1,1,2,]
[0,1,0,0,0,1,0,1,0,1,0,0,1,0,1,1,0,0,1,0,1,1,1,0,0,0,0,1,0,0,1,0,0,1,0,1,1,0,1,0,0,1,0,0,1,0,1,0,0,0,0,1,0,1,0,0,1,0,1,0,1,1,0,1,]
[2,2,3,2,3,2,3,3,2,3,4,1,3,1,2,3,2,3,1,2,3,2,3,1,3,3,2,3,3,1,2,3,1,3,4,2,4,3,4,2,3,2,3,1,3,3,3,2,2,2,2,2,3,4,2,2,3,3,2,2,2,3,3,3,]
[2,3,2,2,4,4,2,4,3,2,2,2,3,2,4,2,3,3,2,3,3,3,4,2,3,2,3,2,2,2,2,1,3,2,3,1,2,2,3,3,3,3,2,3,3,2,2,3,2,1,4,3,2,3,2,3,2,2,2,3,1,2,3,2,]
[139,176,145,132,163,145,177,179,155,109,149,104,101,230,143,178,117,212,118,162,118,150,134,204,174,128,97,160,144,128,132,133,184,211,176,75,190,135,123,99,128,230,193,125,185,113,132,183,115,147,94,122,174,158,108,67,190,145,108,94,128,111,143,142,]
[182,164,89,107,150,220,175,136,141,154,172,177,82,114,76,168,135,194,132,146,139,174,166,211,151,206,203,168,207,118,95,179,147,204,179,129,110,115,92,120,176,96,118,176,135,100,106,146,112,143,197,131,148,149,100,132,165,168,229,125,119,142,180,117,]
[2,1,1,2,1,1,2,1,1,2,2,1,1,1,2,1,2,2,2,1,1,2,1,3,1,2,1,1,1,1,3,1,2,3,2,2,2,1,2,1,1,1,1,1,1,2,1,1,2,1,3,1,2,1,2,2,2,1,2,1,3,1,2,1,]
[0,1,0,1,1,1,1,1,0,0,1,1,0,0,1,1,1,0,0,0,1,0,0,0,0,1,1,1,0,1,0,0,1,1,0,0,0,1,1,1,0,0,1,1,1,0,1,1,1,0,1,1,1,1,1,1,1,1,1,0,1,1,0,0,]
[3,2,2,2,2,3,3,3,3,3,2,3,2,3,3,2,3,6,2,2,2,3,2,3,2,2,2,3,2,2,2,1,3,3,2,2,2,3,2,2,2,2,1,3,3,2,3,2,3,1,2,4,2,3,3,3,1,4,2,3,4,1,3,3,]
[3,3,2,2,2,3,2,2,3,3,3,3,4,2,2,2,3,3,2,3,3,2,4,2,2,3,3,3,3,3,3,2,2,3,3,2,3,2,3,3,3,2,3,2,2,3,4,3,3,1,2,3,2,3,1,2,3,4,2,2,2,1,3,2,]
[156,125,125,109,123,176,80,119,92,118,154,155,180,118,118,111,109,165,182,145,167,157,100,120,148,183,94,157,143,97,113,179,262,157,165,123,182,108,113,121,149,133,194,244,145,146,137,117,170,143,105,191,172,248,183,201,215,103,211,118,106,133,188,135,]
[149,120,137,180,123,134,125,78,196,168,134,96,139,116,191,87,159,101,113,120,107,141,159,131,140,172,130,164,98,249,152,159,150,141,129,138,129,162,137,123,132,141,212,173,145,150,109,161,107,176,91,200,183,128,138,72,231,158,85,115,155,210,192,131,]
[1,2,2,2,2,1,3,1,2,2,1,2,1,2,1,1,2,1,1,1,2,2,2,2,1,2,2,1,1,1,1,1,2,1,1,2,1,1,2,2,1,1,1,1,1,1,2,2,1,2,1,1,1,2,1,1,1,0,2,2,2,2,2,2,]
[1,1,0,0,1,0,1,1,1,0,1,1,0,0,0,1,1,1,0,1,1,1,0,1,0,1,1,1,1,1,1,0,0,0,1,1,0,0,0,0,1,1,1,0,0,1,0,0,1,0,1,0,0,0,0,0,0,1,1,1,0,1,1,0,]
[6,6,5,7,6,4,9,7,5,5,5,6,4,4,6,4,3,4,5,7,4,7,4,6,5,5,5,2,5,8,5,8,7,6,4,6,6,5,4,5,4,8,5,6,7,4,7,5,7,4,6,7,6,5,7,5,3,4,5,6,6,5,5,7,]
[0,0,1,0,1,0,0,1,1,0,0,1,0,0,0,0,1,0,1,1,1,0,0,1,0,1,1,0,1,0,0,0,0,0,1,1,1,1,0,1,0,1,0,0,0,1,0,1,1,0,1,0,0,1,0,1,1,1,1,0,0,1,0,0,]
[10,8,10,4,11,6,4,8,6,5,6,7,4,5,8,6,5,5,5,7,6,8,5,7,5,8,5,6,8,7,7,4,8,9,4,8,6,7,7,6,7,8,3,6,6,6,5,3,6,11,6,8,9,4,8,7,8,4,6,6,5,6,6,11,]
[134,121,211,95,148,107,133,116,140,120,168,93,181,224,166,153,135,106,110,116,147,159,156,130,158,158,184,132,128,160,106,162,163,160,113,244,146,163,117,157,148,178,157,130,203,163,141,154,158,152,81,191,120,146,162,129,116,117,199,100,176,88,114,97,]
[39,30,41,34,50,41,40,47,54,41,37,49,31,41,41,74,27,57,39,54,52,46,23,45,31,54,34,38,44,41,52,47,50,53,34,48,53,57,66,64,44,49,51,33,34,47,50,48,45,57,40,41,48,45,46,44,47,42,39,43,45,31,42,52,]
[6,3,9,5,5,7,6,4,4,7,6,6,5,5,4,7,8,8,6,5,8,6,5,4,7,5,6,4,4,6,7,7,4,6,4,7,5,6,4,7,5,3,6,6,4,6,5,7,5,5,6,9,5,7,4,4,5,5,6,7,10,5,6,7,]
[5,6,10,6,4,8,4,7,6,4,5,5,6,5,5,3,6,5,5,8,4,7,5,5,4,6,6,6,7,6,6,6,5,6,5,4,8,5,4,5,5,5,4,7,5,5,5,6,5,6,5,7,6,6,5,6,4,7,3,8,8,5,6,5,]
[2,3,2,2,2,2,2,3,2,2,2,2,2,3,3,4,1,2,3,1,3,2,3,2,2,2,2,2,2,3,3,3,4,2,2,1,2,3,2,3,2,1,2,3,2,2,3,3,2,4,4,3,2,3,3,3,3,2,3,3,2,4,3,1,]
[3,3,3,3,3,3,3,3,3,3,3,2,3,2,2,2,2,3,3,2,2,2,4,1,5,4,3,2,4,2,2,2,3,3,2,3,1,4,2,2,3,1,3,2,1,2,3,3,2,2,3,2,3,1,2,3,2,2,4,3,3,2,4,2,]
[123,195,142,186,118,161,95,142,151,178,99,236,112,173,234,89,89,86,127,82,97,138,107,189,153,163,92,171,153,88,114,199,161,192,126,125,93,128,152,118,162,119,90,201,203,157,94,139,144,128,155,115,113,143,138,80,143,144,127,92,105,167,114,121,]
[102,119,150,167,175,210,133,171,195,84,91,118,136,148,143,202,127,125,92,134,124,72,239,132,67,170,84,133,101,149,133,160,217,188,117,123,144,73,127,111,140,232,156,125,159,142,176,127,154,129,129,147,210,149,125,108,123,207,156,168,148,120,195,190,]
[2,2,1,1,2,1,2,1,1,2,2,2,1,1,2,2,2,2,2,0,2,1,1,1,2,2,2,2,1,1,2,1,1,2,2,1,1,2,1,1,2,2,2,1,2,1,1,1,2,1,1,1,2,1,2,2,1,1,1,3,1,1,1,2,]
[1,1,0,0,1,1,1,0,1,0,1,0,0,1,1,0,0,1,0,0,0,0,0,2,0,1,1,0,0,0,1,1,1,0,0,1,0,0,1,0,0,1,0,1,0,1,0,0,0,0,1,1,1,1,0,1,1,1,1,0,1,0,1,0,]
[2,2,2,2,4,2,1,2,2,3,3,3,1,3,2,2,3,3,3,2,4,2,3,2,4,2,2,2,2,3,4,3,2,2,3,2,1,1,2,2,3,2,2,2,3,2,1,2,2,3,2,3,2,2,4,2,3,3,3,4,2,2,2,3,]
[2,4,3,3,3,2,3,2,1,2,2,4,2,2,2,3,1,2,2,3,2,2,3,3,3,2,2,2,2,3,3,2,4,2,4,1,3,2,2,3,2,3,3,2,4,2,1,2,2,3,2,3,2,2,2,4,2,3,2,3,4,2,4,4,]
[133,93,158,137,154,136,113,211,79,175,102,106,156,131,131,83,145,123,113,98,103,116,180,106,143,181,155,117,142,127,184,140,150,159,160,162,77,161,80,98,160,174,173,115,112,153,96,110,100,180,105,164,133,116,171,153,146,129,121,138,173,155,210,179,]
[112,158,170,184,135,72,137,92,163,103,144,131,163,108,115,171,103,140,64,100,134,147,94,116,156,171,183,195,184,118,134,173,110,127,212,107,165,131,136,206,139,103,86,121,153,143,135,125,155,150,152,106,100,216,166,176,155,207,154,141,152,171,135,134,]
[1,1,1,1,2,2,2,1,2,1,1,1,1,1,2,1,2,1,2,1,2,1,1,1,1,1,1,1,1,2,1,1,1,1,1,1,2,1,1,1,1,2,1,1,1,1,2,2,2,2,1,1,1,2,2,3,2,2,1,1,2,3,1,2,]
[0,1,1,1,1,1,1,0,0,1,0,1,1,0,1,0,1,1,0,0,0,1,1,1,1,1,0,0,0,1,0,1,0,0,0,1,1,0,0,0,1,1,1,0,0,0,1,1,1,1,0,0,1,1,1,0,1,1,1,1,0,0,1,0,]
[3,2,3,3,4,3,2,4,2,3,2,2,3,3,3,2,3,3,2,3,3,3,3,4,1,3,3,4,2,2,3,3,3,3,3,3,4,2,2,2,4,2,2,2,2,2,2,3,2,3,3,2,2,2,3,3,2,3,3,3,4,2,2,2,]
[2,3,3,2,3,1,3,1,3,3,3,2,3,1,1,2,3,1,4,1,2,3,3,3,1,1,3,2,3,3,2,3,4,2,3,4,2,3,1,2,2,3,3,2,3,4,2,2,3,3,3,3,2,2,2,2,2,2,3,2,2,2,3,2,]
[88,120,128,282,145,179,148,88,176,90,83,132,99,131,174,109,153,128,109,81,168,184,195,157,104,112,122,130,125,183,124,100,110,130,181,156,120,188,96,152,99,80,159,108,183,178,196,151,134,104,122,159,101,115,193,111,138,160,141,156,109,174,115,162,]
[200,111,148,128,161,153,115,174,160,90,88,196,129,148,149,127,170,112,97,102,116,151,181,185,72,147,151,163,184,111,153,198,135,184,217,160,188,121,120,116,182,118,115,149,148,136,115,190,187,110,180,152,135,68,180,136,167,164,116,114,66,153,165,143,]
[1,1,1,1,2,1,1,2,1,2,2,1,2,3,1,1,1,2,1,1,1,2,1,2,1,2,1,1,2,1,1,2,1,1,2,1,2,2,1,2,2,2,2,1,1,2,1,2,3,2,1,2,1,1,2,1,1,1,1,2,1,1,2,2,]
[0,0,1,1,1,0,0,1,0,1,1,0,1,1,1,0,1,0,0,1,1,0,0,1,0,0,0,0,0,0,0,1,1,0,1,1,1,1,0,1,1,1,1,1,1,0,0,0,0,1,0,0,1,0,0,1,0,1,0,0,0,0,0,0,]
[2,2,2,3,3,3,2,3,4,3,3,2,2,4,3,2,2,2,2,1,2,3,3,2,2,3,2,3,3,3,4,1,2,2,2,4,1,2,2,2,2,2,2,3,5,2,2,2,2,1,2,2,1,2,2,2,2,3,3,2,3,4,3,4,]
[3,3,1,2,2,3,2,3,2,3,2,1,2,2,3,2,3,2,2,3,4,3,2,2,2,1,2,2,1,3,2,4,4,1,3,3,3,2,3,2,3,3,2,2,3,2,3,2,4,2,3,2,2,2,3,2,2,2,3,3,2,3,3,3,]
[187,173,202,170,145,105,167,133,196,114,143,109,89,126,176,137,123,123,197,157,108,164,119,108,171,156,108,187,143,131,125,110,125,152,197,124,182,148,137,186,130,120,174,142,74,136,118,126,104,120,107,127,98,127,145,136,176,149,136,110,127,168,186,106,]
[120,96,157,189,131,146,99,135,110,139,208,151,113,107,109,110,115,170,155,126,72,133,138,158,136,115,205,160,68,175,203,150,199,118,211,148,161,164,127,120,148,107,108,117,187,93,167,173,118,149,169,167,160,197,194,177,145,156,173,134,146,244,161,193,]
[2,1,1,1,1,2,1,1,1,1,1,1,1,1,1,1,1,1,2,1,2,1,1,2,1,1,1,1,2,1,2,2,1,2,1,1,2,1,2,1,1,2,3,2,1,1,2,2,1,2,2,2,2,2,1,1,2,1,1,2,1,2,1,2,]
[1,1,1,0,1,1,0,1,1,0,1,1,0,1,1,1,1,0,0,1,0,2,0,0,1,0,1,0,0,0,0,1,1,0,1,0,1,0,0,1,1,0,1,0,0,0,1,0,1,0,0,1,1,1,0,1,0,0,1,1,1,0,1,0,]
[5,6,4,5,6,5,8,6,7,4,4,5,3,6,5,6,6,4,6,5,5,7,8,4,5,4,5,4,6,5,5,5,7,6,4,6,7,3,8,8,8,6,5,2,4,4,6,4,4,4,4,6,7,5,6,6,11,5,6,4,7,5,5,5,]
[0,0,0,1,0,0,1,0,1,1,1,0,0,1,1,0,1,1,1,1,0,0,0,0,1,0,0,1,0,1,0,1,0,0,1,0,1,1,1,1,0,1,0,0,0,0,0,0,0,0,0,1,1,1,1,0,1,1,0,1,0,1,0,0,]
[6,7,5,8,7,7,4,6,5,9,8,7,10,6,9,7,5,7,5,5,5,5,4,7,7,3,9,11,8,5,5,7,5,4,4,3,7,7,6,8,6,6,5,9,10,6,8,7,4,7,7,8,3,8,5,8,6,9,6,7,10,6,8,6,]
[114,173,131,208,130,88,142,133,159,109,156,156,103,71,138,137,176,134,132,147,185,145,116,182,153,205,115,117,180,145,149,129,145,126,85,153,111,151,122,121,124,196,94,101,124,144,172,80,132,122,108,143,100,159,118,223,121,141,170,166,124,138,122,88,]
[44,37,55,32,21,63,36,68,33,32,38,33,31,42,50,39,50,45,43,49,33,56,33,45,38,30,62,45,43,58,44,32,34,63,40,36,54,28,39,30,41,36,45,33,53,62,45,34,56,51,50,68,57,39,44,49,42,42,59,40,37,34,46,21,]
[6,6,6,4,7,7,8,7,6,4,7,4,3,6,4,6,5,9,7,5,6,5,7,5,4,3,5,7,3,7,6,5,6,7,4,5,8,6,5,6,4,6,7,6,5,5,7,6,6,5,4,6,5,4,6,5,7,4,7,6,5,5,9,6,]
[3,7,5,5,6,4,5,6,4,4,6,4,5,3,6,6,6,6,8,9,2,6,7,5,10,7,5,5,7,4,5,7,6,5,6,7,4,5,6,4,5,6,5,3,7,6,6,6,6,5,3,6,4,8,5,4,3,5,7,4,6,7,7,9,]
[2,2,3,4,4,3,3,4,3,2,3,3,2,2,2,2,2,2,2,3,2,3,3,2,2,4,3,3,3,2,1,4,1,3,2,4,3,2,4,2,4,3,2,1,2,2,4,3,2,1,3,2,4,2,1,2,4,2,4,3,2,4,3,3,]
[1,3,4,5,2,2,2,2,2,2,2,3,2,2,3,3,2,2,2,2,2,4,2,2,3,3,2,3,3,2,2,3,2,3,2,3,2,3,3,3,2,3,3,2,3,2,2,1,1,2,2,3,3,2,4,2,3,2,2,4,3,3,3,3,]
[80,160,112,141,137,107,162,150,162,135,99,201,170,119,196,167,147,193,176,124,163,119,130,123,104,116,178,124,66,139,197,149,120,133,122,114,159,170,132,100,76,167,134,108,153,215,156,193,165,128,91,134,193,105,240,103,129,140,161,68,118,79,123,108,]
[147,126,77,138,215,164,181,110,225,153,164,135,156,110,138,121,107,219,209,198,98,113,176,124,98,127,81,136,114,93,123,103,122,159,155,127,120,163,136,104,139,160,102,212,88,137,200,107,161,265,83,106,137,160,99,161,120,177,169,168,113,111,143,112,]
[2,2,1,1,3,1,1,1,3,2,2,2,2,1,1,2,3,1,2,1,2,1,1,2,1,1,2,1,1,1,1,1,1,2,1,1,2,1,1,2,1,3,2,1,2,1,1,1,2,1,2,1,2,1,2,1,2,2,2,1,1,2,2,2,]
[1,1,1,1,0,1,0,0,1,0,0,0,0,1,0,0,1,0,0,0,0,1,0,0,1,0,1,1,0,0,1,0,0,1,1,1,0,1,0,0,1,1,0,0,1,0,0,0,0,1,1,0,0,0,1,1,1,0,1,1,1,0,0,0,]
[2,2,2,2,2,2,3,5,2,2,2,2,1,1,2,2,3,1,3,3,3,2,3,2,2,1,3,2,4,2,3,3,3,3,1,3,3,2,2,4,4,2,2,1,2,2,2,3,2,2,2,1,2,2,2,2,4,3,2,2,2,3,2,1,]
[2,2,2,4,3,1,3,3,2,2,3,2,3,3,3,3,2,2,3,2,2,3,3,3,3,2,2,3,3,4,4,4,2,2,1,4,3,2,3,2,3,2,2,2,2,3,2,2,2,2,2,2,3,2,3,3,3,1,2,3,2,3,4,2,]
[133,57,195,168,66,119,98,119,224,112,137,143,124,179,123,171,151,128,127,145,98,238,154,187,125,150,159,153,181,156,98,132,169,209,166,83,113,135,116,172,92,161,215,128,133,107,204,196,197,168,141,136,137,153,151,120,187,186,118,174,108,170,106,135,]
[190,147,147,125,145,159,150,93,117,122,127,95,107,107,183,193,202,132,98,93,138,113,153,136,146,151,122,105,119,130,133,145,177,113,182,72,89,199,124,127,144,159,117,108,129,172,133,155,134,149,191,196,132,106,149,122,144,157,137,84,124,153,152,138,]
[2,1,1,2,1,1,1,1,1,2,2,1,2,2,1,1,1,2,1,1,1,2,1,1,1,1,1,1,2,1,1,2,1,2,2,2,1,2,2,1,1,2,1,1,1,2,1,1,2,1,2,2,1,1,1,1,2,2,2,1,1,1,1,1,]
[1,1,1,0,1,0,1,0,1,0,1,1,1,0,0,0,0,1,0,0,0,0,1,0,1,1,0,1,1,1,0,1,1,1,0,1,1,1,1,0,0,0,0,1,0,0,0,1,1,0,1,1,0,1,1,0,1,0,0,1,0,1,0,1,]
[3,4,1,5,4,2,2,2,4,1,3,3,2,3,2,2,2,1,1,4,2,2,2,3,2,2,4,3,3,3,3,2,2,3,2,3,4,1,2,3,4,1,3,2,2,2,3,2,1,2,2,2,1,3,2,3,4,2,2,2,3,2,2,3,]
[4,4,4,2,3,2,2,2,4,3,2,3,2,2,3,2,3,2,1,3,4,4,3,2,3,3,4,2,3,1,3,2,3,2,2,2,3,2,2,2,2,3,4,2,2,2,2,3,2,2,3,2,3,3,2,3,2,4,1,2,2,2,1,3,]
[122,194,142,112,89,122,138,187,150,175,106,165,127,163,137,133,88,117,124,116,159,106,194,116,140,217,168,123,133,150,160,146,110,110,101,145,164,112,161,192,146,137,117,178,106,196,126,103,129,116,96,172,144,196,70,127,114,139,140,148,195,147,92,183,]
[150,168,171,139,98,113,152,111,93,116,148,162,127,122,207,139,91,209,121,104,115,169,164,130,129,177,158,94,161,127,109,125,124,146,158,70,139,193,135,114,133,114,163,149,104,126,88,121,78,188,177,94,157,123,174,161,133,121,158,146,116,115,115,47,]
[1,0,1,1,2,1,1,2,2,1,2,2,2,1,1,1,1,2,2,1,1,1,2,1,2,1,1,1,2,2,1,2,2,2,1,1,3,2,2,1,2,1,1,2,1,1,1,2,1,1,2,2,1,2,1,2,2,1,1,1,1,2,1,1,]
[0,1,1,1,1,0,1,1,1,0,1,0,1,1,0,1,1,0,0,1,1,1,1,0,1,1,1,1,0,0,1,0,1,0,1,1,0,1,1,0,1,1,0,1,0,1,0,1,0,1,1,1,1,0,0,0,0,1,1,0,1,1,0,1,]
[2,4,4,4,2,1,2,3,1,2,3,2,3,3,2,4,3,4,3,3,3,2,3,2,3,3,4,3,3,3,3,2,2,3,2,3,3,2,3,3,2,2,2,3,3,2,2,2,3,2,2,2,2,2,3,3,2,3,2,2,3,2,2,2,]
[3,2,2,2,2,2,2,2,2,3,4,2,3,4,3,3,2,2,2,3,2,2,2,2,2,3,2,1,3,3,3,2,3,3,3,3,4,2,2,2,3,1,2,1,2,3,2,3,5,2,2,3,3,2,2,3,2,2,3,3,3,2,4,1,]
[155,141,231,186,141,122,87,141,130,150,143,151,97,104,191,132,125,161,118,127,192,233,173,191,175,117,208,167,154,138,135,90,159,148,93,129,138,188,186,151,178,154,141,120,136,138,58,181,248,112,145,103,112,137,165,155,151,123,116,166,143,128,172,87,]
[78,92,108,87,163,141,162,148,237,121,143,109,135,176,265,90,264,140,172,138,168,192,194,167,182,142,183,103,122,214,188,124,130,92,144,62,144,158,97,133,132,95,137,139,134,151,101,84,148,100,135,98,138,176,165,135,158,173,100,192,145,143,203,129,]
[2,2,3,1,2,1,2,1,2,0,2,2,1,2,1,2,1,2,2,1,1,2,1,1,3,2,1,1,2,2,2,1,1,1,0,1,3,1,1,2,1,2,1,1,1,1,1,1,1,1,2,1,2,1,1,2,2,2,2,1,3,3,1,2,]
[1,0,1,1,0,1,1,1,1,0,0,0,1,1,1,1,1,0,1,0,0,0,1,1,1,0,0,0,0,0,0,0,0,1,1,1,1,1,0,1,1,0,1,0,0,0,1,0,0,1,1,0,0,0,0,0,0,1,0,0,1,0,0,0,]
[7,8,5,4,4,7,7,3,7,7,7,4,5,6,4,5,4,7,4,6,5,7,7,6,5,7,5,7,8,5,7,6,5,7,5,8,4,9,7,6,4,6,4,5,3,3,5,5,4,4,5,7,7,5,5,6,7,4,7,6,6,5,5,5,]
[1,1,0,1,1,0,0,0,0,1,0,1,1,0,0,0,0,1,0,0,1,0,0,0,0,1,0,0,1,1,0,0,1,0,0,1,0,1,0,1,1,0,1,1,0,1,1,0,1,1,1,0,1,0,0,1,1,0,0,0,0,0,0,0,]
[5,4,5,8,6,8,5,10,5,6,4,9,6,7,5,7,5,6,4,8,5,6,7,8,3,4,4,3,7,7,6,6,4,6,10,6,6,7,8,7,8,8,4,9,5,7,4,7,5,7,8,7,4,3,6,6,7,6,4,5,6,4,7,5,]
[114,117,191,143,115,124,167,121,144,160,149,166,100,80,118,163,160,143,188,140,202,157,234,245,95,91,114,133,134,149,120,121,115,112,118,153,196,119,69,165,137,122,181,166,119,214,119,137,101,205,99,129,188,146,183,159,141,122,194,103,116,159,140,101,]
[35,27,41,46,33,51,58,46,54,40,48,41,41,30,51,40,42,38,66,41,39,31,42,39,52,46,35,44,51,20,52,54,47,63,60,35,37,53,40,27,71,48,32,65,53,55,36,56,38,57,45,37,67,32,42,36,49,48,58,43,39,48,60,26,]
[7,3,4,5,5,4,5,5,6,5,6,8,5,4,6,4,6,10,5,5,6,3,6,4,6,6,5,8,4,6,5,5,6,4,4,7,7,6,5,7,5,4,4,4,8,5,5,7,5,7,3,7,4,8,6,5,5,4,8,8,4,4,5,4,]
[7,7,4,8,5,5,6,6,5,7,8,5,6,5,8,6,9,6,6,5,4,6,7,6,8,7,5,6,8,5,7,6,6,5,4,3,6,6,5,6,6,7,5,5,4,4,8,6,8,7,4,8,4,8,8,5,6,3,6,5,4,6,4,4,]
[1,2,2,2,3,2,2,3,3,2,3,3,3,3,2,3,2,2,5,4,1,2,2,3,2,3,3,3,3,3,2,3,1,2,2,1,2,3,3,2,4,2,4,3,2,2,2,2,3,3,2,3,3,3,2,3,4,2,2,2,2,2,3,2,]
[3,2,2,2,1,2,2,2,2,4,2,4,3,3,3,2,3,2,3,1,3,1,3,3,3,3,3,3,1,2,1,3,2,1,2,3,3,4,2,2,2,2,2,3,2,3,1,4,2,2,3,2,2,4,2,2,2,3,4,4,2,3,2,3,]
[140,130,131,118,181,152,160,139,107,176,109,153,123,164,145,141,187,144,129,186,85,127,105,237,121,108,170,124,146,137,139,95,62,130,166,144,145,147,160,151,109,125,134,163,117,153,133,182,121,88,127,184,164,192,156,114,180,145,120,149,169,88,112,171,]
[134,117,177,119,150,98,123,151,102,145,108,118,91,85,102,127,97,175,118,119,130,232,187,143,87,96,122,173,161,108,173,192,120,116,131,184,133,130,124,91,188,117,126,155,129,134,142,180,94,155,78,182,84,94,215,88,114,195,131,89,80,168,153,159,]
[2,1,1,2,2,1,1,1,2,2,2,1,2,1,2,1,1,2,2,3,2,1,1,1,1,2,2,1,2,1,1,2,2,2,1,2,1,1,2,1,1,2,2,1,2,1,1,1,1,1,2,1,1,2,2,0,1,1,1,1,1,1,1,1,]
[0,1,1,0,0,1,0,1,1,0,0,0,1,0,1,1,1,1,0,0,1,1,0,1,0,0,1,1,1,0,0,0,0,0,0,0,1,0,0,0,1,0,0,1,0,0,1,1,1,0,0,1,0,1,0,0,0,1,1,1,0,1,1,1,]
[3,2,3,3,2,2,1,2,2,3,3,3,2,2,2,4,3,3,4,3,2,1,4,4,1,3,3,2,3,2,3,3,2,2,3,3,3,3,3,2,1,2,3,3,3,3,2,1,2,2,3,3,2,3,3,3,2,3,3,2,2,2,3,2,]
[2,5,2,2,2,3,2,3,2,1,3,2,2,3,3,2,2,3,2,3,3,2,2,2,3,3,4,3,2,2,3,2,3,4,2,3,3,2,3,3,2,3,3,2,1,2,2,2,2,3,1,2,1,3,3,2,2,3,1,3,1,2,2,2,]
[113,166,177,140,158,145,181,134,173,94,137,152,172,127,77,219,153,87,122,170,125,104,163,138,145,119,191,198,150,147,149,117,106,173,216,92,178,112,171,161,127,111,148,143,109,144,104,207,124,108,132,160,110,162,166,174,271,164,135,129,108,147,83,169,]
[143,142,140,113,129,95,138,128,149,101,121,116,72,135,161,121,184,209,204,176,126,180,107,129,151,118,163,144,114,142,203,137,168,191,182,160,98,120,188,139,181,174,178,122,149,156,187,117,113,192,139,203,127,120,134,88,287,150,132,132,76,153,167,88,]
[2,2,1,2,2,1,1,0,1,1,2,1,1,2,1,2,1,2,2,2,2,1,2,3,2,2,2,2,1,2,1,1,1,1,1,1,1,1,1,2,2,1,0,1,2,2,3,1,1,2,2,2,2,1,1,1,1,1,2,2,1,3,2,1,]
[1,0,1,1,0,0,0,1,0,1,0,0,0,1,0,1,1,0,0,0,0,0,0,1,0,0,1,0,1,1,0,0,0,0,1,1,0,1,0,0,1,0,0,1,1,1,0,1,1,0,1,0,1,1,1,0,0,1,0,0,0,0,0,0,]
[3,2,2,2,3,4,2,3,3,2,1,2,1,2,2,2,2,3,4,2,3,2,1,1,3,3,3,3,2,3,3,3,2,2,3,2,2,2,1,2,2,2,2,2,3,2,3,1,3,3,2,4,1,2,2,2,2,2,2,2,2,3,3,2,]
[3,3,1,1,3,3,1,2,3,2,3,2,3,1,4,4,3,2,2,2,2,3,3,4,3,1,2,2,3,4,2,3,3,2,3,3,3,3,3,3,2,2,4,3,3,3,2,1,2,2,3,3,3,2,3,3,2,3,2,3,3,2,2,2,]
[131,190,104,100,134,139,136,119,135,175,193,134,150,64,98,124,135,143,169,192,122,154,184,106,200,109,148,119,154,168,149,177,121,157,112,140,175,128,109,77,100,153,140,159,186,124,96,125,251,143,193,180,132,164,169,143,88,172,73,111,136,152,158,118,]
[103,139,138,130,109,134,138,147,66,298,135,133,163,178,174,140,142,82,95,132,146,157,113,145,146,141,165,180,89,116,133,172,109,118,114,117,178,168,131,181,160,179,151,154,83,119,142,178,129,175,58,208,115,117,91,189,134,152,127,116,169,103,98,151,]
[2,1,1,1,2,1,1,2,2,1,2,1,1,2,1,1,2,1,2,2,1,1,2,2,1,1,1,2,1,1,1,2,1,2,1,2,2,2,1,3,2,1,3,1,2,1,1,1,2,2,1,1,1,1,2,2,2,1,2,1,1,1,2,3,]
[0,1,0,0,0,1,1,1,0,1,0,1,0,0,0,1,0,1,0,1,0,0,1,0,1,1,1,1,0,1,0,1,1,0,0,0,0,1,0,0,1,0,1,0,1,1,0,0,0,0,1,1,1,1,0,0,0,0,0,0,0,1,0,1,]
[3,3,1,3,3,3,3,2,2,3,2,3,2,2,1,2,2,3,3,2,4,2,2,4,2,2,3,4,3,3,1,3,3,2,2,1,2,3,3,1,3,2,2,2,3,3,3,1,3,3,3,2,3,2,3,1,2,3,2,2,2,4,3,2,]
[2,2,4,3,2,2,2,4,3,2,3,3,2,2,4,3,3,3,3,2,2,3,3,2,3,3,1,2,2,1,4,2,2,4,4,3,3,4,4,3,2,2,2,2,2,2,2,2,2,3,3,2,3,2,4,3,2,2,2,3,2,4,4,3,]
[188,275,185,129,191,140,112,100,156,137,169,140,148,206,160,92,137,88,160,102,80,112,160,214,146,136,100,123,126,113,145,134,190,157,208,236,89,153,165,117,117,164,165,138,146,148,127,132,178,121,126,171,151,132,161,175,160,159,117,153,134,117,71,141,]
[183,102,73,148,187,117,126,164,132,230,133,147,165,155,138,141,152,173,126,122,99,208,129,114,142,141,157,169,202,181,163,153,173,190,121,182,145,105,133,141,84,201,127,147,149,111,209,102,134,171,135,134,143,118,192,170,105,206,113,123,54,101,114,107,]
[2,1,1,2,3,2,2,1,3,2,1,2,1,2,2,1,2,2,1,2,2,1,2,1,2,1,2,2,2,1,2,1,1,1,2,1,1,2,1,1,2,2,1,2,3,1,2,1,1,2,2,2,1,1,1,1,1,1,1,1,2,1,1,1,]
[1,1,0,0,0,0,0,1,1,0,0,0,0,1,0,1,1,0,0,0,1,0,0,0,1,1,0,1,0,1,0,0,1,1,1,0,0,0,1,0,0,1,1,0,1,0,1,1,0,0,0,1,1,1,1,1,1,1,1,1,1,1,0,1,]
[9,7,9,5,6,6,4,5,3,5,7,3,3,5,6,7,6,5,7,2,5,7,6,7,5,5,9,5,4,6,6,5,4,6,8,4,4,3,5,4,6,3,4,4,6,6,7,5,4,6,5,4,3,6,5,6,5,6,6,7,5,5,3,4,]
[0,1,1,0,0,0,0,1,0,1,0,1,0,1,1,0,0,0,1,1,1,0,0,0,0,0,0,1,1,1,1,0,0,0,0,0,1,0,1,1,1,1,0,1,1,0,0,1,1,0,0,0,0,0,0,1,1,1,1,0,0,0,0,1,]
[7,7,10,7,5,5,10,4,7,4,8,6,10,7,8,9,4,5,4,4,6,6,4,11,9,6,7,6,7,5,5,6,6,2,3,7,7,9,4,9,6,6,5,9,6,5,4,7,7,4,5,6,6,10,7,13,8,6,8,7,6,8,5,4,]
[101,127,153,145,143,136,174,172,154,114,166,181,96,102,174,85,131,115,144,131,124,170,146,142,66,120,158,172,118,222,171,179,136,122,117,95,128,158,174,129,166,208,132,108,103,162,107,201,126,117,121,149,134,61,170,95,114,110,224,198,173,157,111,141,]
[64,57,35,47,50,46,27,52,51,52,54,25,48,46,45,30,29,44,54,51,50,28,47,39,45,41,60,46,24,34,51,39,34,41,41,45,39,37,55,52,45,49,34,45,50,35,47,59,58,32,36,33,44,54,41,26,33,48,55,31,59,31,58,49,]
[5,5,5,6,9,5,3,4,7,7,6,4,7,7,5,3,6,5,6,6,7,6,6,6,5,5,5,5,5,5,6,5,7,4,6,6,4,5,7,4,4,5,4,7,2,7,5,5,5,5,4,7,6,4,6,8,7,7,7,4,4,6,4,7,]
[7,5,4,4,12,5,3,4,6,8,7,10,10,6,6,7,5,5,5,6,4,6,6,4,4,6,5,5,4,5,6,4,5,7,4,3,4,5,4,7,6,5,5,6,8,4,4,5,5,8,3,5,5,6,5,4,5,3,6,5,4,4,7,4,]
[4,2,4,4,3,3,2,3,1,2,2,3,3,2,1,2,4,2,3,2,2,1,3,5,3,3,4,3,3,2,2,3,3,4,2,2,3,2,1,1,1,2,3,2,3,2,3,3,2,4,3,3,3,2,2,3,3,4,3,2,2,2,3,1,]
[2,1,2,2,2,3,3,2,3,3,4,3,1,2,3,3,2,2,2,2,3,4,2,4,4,2,4,2,2,4,3,3,3,2,3,3,4,2,2,2,2,3,3,3,2,4,4,2,3,3,2,2,3,2,2,2,3,3,1,1,3,1,3,2,]
[107,157,155,213,172,189,131,108,106,138,165,117,101,84,175,115,193,138,156,170,149,120,238,166,169,74,81,112,97,151,141,140,111,169,158,191,99,142,140,169,131,191,201,128,160,126,117,174,102,164,105,164,190,193,111,121,159,126,150,180,106,81,114,121,]
[150,159,114,125,119,102,165,86,127,132,125,216,147,151,143,144,115,91,112,143,127,98,131,126,116,129,140,122,141,167,227,120,176,152,123,123,197,142,123,148,139,169,127,111,152,156,86,130,157,228,130,135,204,141,171,138,99,160,104,104,176,148,122,154,]
[1,1,1,1,1,1,1,1,1,1,1,2,1,2,1,2,1,1,1,2,1,2,2,1,1,1,1,2,1,2,2,2,1,1,1,2,1,1,2,1,2,1,1,2,2,2,2,1,2,1,1,1,1,2,2,2,2,1,2,2,3,1,1,2,]
[1,0,0,0,1,0,0,1,1,1,0,1,0,0,0,1,0,0,0,1,0,1,1,0,1,0,0,0,1,0,1,1,1,0,0,1,1,0,0,0,0,1,0,0,0,1,1,1,0,1,1,0,0,0,1,0,1,1,1,1,1,0,1,1,]
[1,3,2,3,3,3,2,3,2,3,3,5,4,2,2,3,2,2,3,2,2,4,3,3,4,2,3,2,2,3,2,3,2,2,2,3,3,3,3,2,2,1,3,3,1,2,4,2,2,4,4,3,3,2,2,1,2,3,3,3,3,2,2,4,]
[3,1,1,2,3,4,3,1,2,2,4,2,3,2,3,2,4,2,4,4,3,2,2,2,2,3,3,3,3,2,3,2,2,2,3,2,3,2,3,2,2,3,2,2,2,2,3,2,4,2,3,2,3,4,2,3,2,1,4,2,2,3,3,4,]
[220,198,121,134,87,171,116,99,128,163,185,157,155,150,145,205,127,87,149,114,164,192,234,128,104,148,153,247,88,101,164,85,191,137,117,127,166,114,136,158,179,152,211,196,116,156,170,156,146,133,102,136,199,134,169,78,197,132,113,179,116,164,115,134,]
[163,119,136,148,96,97,90,194,126,177,144,177,89,110,113,175,119,189,112,98,96,118,114,200,126,129,137,161,77,151,152,126,203,144,99,76,100,151,137,129,169,121,127,201,181,163,147,133,224,95,172,100,93,89,120,243,106,152,128,143,139,198,144,165,]
[1,1,2,1,2,1,2,2,1,2,1,2,1,2,1,2,1,2,1,3,1,2,1,1,1,1,1,2,1,2,1,2,2,1,2,2,1,1,1,1,3,1,1,1,2,1,2,2,2,1,1,1,2,2,2,1,2,2,1,1,2,1,1,1,]
[0,0,1,0,1,0,1,1,1,0,0,0,1,0,0,0,1,1,0,0,1,0,1,0,0,0,0,1,1,0,0,1,0,1,0,1,0,1,1,0,0,0,1,0,1,1,0,1,0,0,0,1,0,0,1,1,1,0,0,0,1,1,0,1,]
[1,4,2,3,3,3,2,2,2,3,2,2,2,3,4,1,3,3,3,3,3,3,3,3,3,1,3,3,2,3,3,2,1,2,2,2,2,2,4,3,3,3,3,2,2,2,2,2,2,2,2,1,3,4,4,3,3,1,3,2,2,2,4,3,]
[3,2,2,3,2,2,2,2,4,2,2,3,2,3,3,3,2,2,2,4,2,2,2,2,2,2,3,2,1,4,3,2,2,2,1,4,3,2,4,3,2,1,2,2,3,3,3,2,4,4,3,3,3,3,2,2,3,2,2,3,2,3,3,2,]
[153,126,202,120,113,186,111,138,115,107,91,120,188,138,102,145,161,156,219,250,189,214,183,131,91,61,87,128,106,74,110,175,135,181,176,190,87,114,104,175,160,130,136,143,176,147,184,89,140,88,147,114,126,85,193,112,133,168,153,127,158,181,162,103,]
[151,117,204,146,130,146,163,122,88,136,130,158,111,203,204,162,103,205,122,113,104,127,129,255,216,137,148,204,129,240,167,105,182,129,86,202,113,121,92,143,139,149,89,161,133,169,160,145,116,209,153,168,123,104,246,158,155,239,170,73,74,125,102,115,]
[1,2,2,2,1,3,2,1,1,1,2,1,2,1,1,2,2,2,2,1,1,1,2,1,1,1,1,2,1,2,1,1,1,1,2,3,1,2,1,2,0,2,1,1,2,1,1,2,1,1,1,1,1,1,2,2,1,1,1,1,1,1,1,1,]
[1,0,1,0,0,0,0,0,0,0,1,1,0,1,0,1,1,0,0,1,0,0,0,1,1,0,0,0,1,0,1,1,0,1,0,0,1,1,0,1,0,1,1,1,0,1,1,1,1,1,1,0,1,0,0,1,0,1,1,1,0,0,1,2,]
[3,2,1,2,3,2,3,2,3,3,3,3,2,2,3,2,3,3,2,4,2,4,2,3,4,2,4,3,1,3,3,3,2,2,4,2,4,2,2,3,2,3,4,2,2,3,2,4,2,3,2,2,3,3,1,2,3,1,4,4,2,3,2,2,]
[2,1,1,3,2,2,4,3,2,2,3,3,3,3,3,2,3,3,2,2,1,3,3,2,2,3,2,3,3,3,2,2,3,2,2,3,4,3,2,1,3,2,2,3,3,2,4,3,3,3,2,2,3,3,2,4,4,3,2,3,2,4,2,2,]
[127,83,179,110,96,176,118,193,119,101,166,170,143,188,208,177,102,114,153,190,171,144,121,191,144,139,92,122,162,153,206,73,121,191,91,111,146,129,112,95,125,121,132,98,187,115,105,89,136,145,171,131,150,129,136,144,132,73,160,171,96,171,140,133,]
[178,154,147,141,189,198,192,107,95,165,143,184,142,88,178,102,152,143,142,136,115,139,155,107,89,126,122,166,101,162,119,175,195,164,114,135,102,66,221,132,155,162,100,133,118,90,120,121,241,165,149,216,143,147,155,93,83,123,149,145,82,132,110,128,]
[1,2,2,2,2,3,1,2,1,2,2,1,1,1,2,1,1,1,1,2,1,1,0,1,1,2,1,2,2,1,2,1,2,2,1,2,2,1,1,1,1,1,2,1,1,2,1,1,1,2,2,2,2,1,2,2,2,2,1,1,1,2,2,1,]
[0,0,1,0,1,1,1,0,1,1,0,1,0,0,0,0,0,1,1,0,1,0,0,0,1,0,1,0,1,0,1,0,0,1,1,0,1,0,1,1,0,0,0,0,0,0,1,1,0,0,1,0,0,0,1,1,1,1,0,0,0,0,0,1,]
[6,5,4,4,5,5,8,4,6,4,5,5,6,7,4,7,5,6,6,5,5,5,4,4,7,6,5,3,3,6,7,4,5,6,5,6,3,5,7,6,8,8,7,7,8,5,4,5,5,5,6,9,5,5,4,7,5,7,3,5,5,3,8,10,]
[1,1,1,0,1,1,0,0,1,0,1,1,1,0,0,1,0,0,0,0,0,1,0,0,0,1,1,1,0,1,1,1,1,0,1,1,1,0,0,1,0,1,0,0,1,0,0,0,0,0,0,1,0,1,0,1,0,1,0,0,0,1,1,1,]
[6,5,6,6,5,6,9,8,6,5,4,7,7,8,6,6,6,6,7,7,6,4,4,11,5,9,4,3,7,11,7,5,7,5,6,7,7,9,7,7,4,6,6,8,4,4,7,7,8,11,6,6,6,5,4,7,6,6,7,7,7,8,6,5,]
[167,113,162,132,90,122,201,148,163,168,198,164,144,126,131,127,165,167,138,174,140,72,143,140,187,170,136,73,138,99,181,136,129,192,136,155,184,144,205,127,116,151,154,106,209,158,154,111,139,133,226,167,92,153,137,106,55,119,109,130,195,129,194,70,]
[44,44,30,45,29,33,49,36,57,61,27,52,30,47,40,23,46,52,34,42,49,38,51,40,49,43,46,39,64,40,31,53,48,49,44,48,41,48,40,44,58,38,42,47,53,46,55,40,66,65,42,35,43,38,25,40,56,44,46,32,47,37,28,29,]
[5,8,5,6,7,6,7,7,6,5,6,4,5,5,5,5,5,5,10,4,5,7,9,6,2,3,6,7,7,5,6,4,7,5,6,5,3,5,4,7,8,7,5,5,6,6,7,9,5,4,6,6,5,4,3,5,3,6,4,5,6,5,6,6,]
[8,4,3,6,7,4,4,3,4,4,6,7,7,7,5,8,7,5,5,5,6,6,11,5,5,5,7,4,5,5,4,7,5,5,5,6,8,3,4,5,6,4,6,4,7,9,7,5,6,6,7,5,6,4,7,4,6,6,5,3,5,7,8,5,]
[2,3,2,2,3,1,2,2,3,2,2,3,4,2,1,3,5,2,2,2,2,3,1,3,3,3,2,3,3,3,3,3,3,3,2,3,2,3,2,2,2,1,2,2,3,2,3,2,2,2,3,3,3,4,3,2,1,3,2,2,2,2,2,3,]
[3,3,3,2,2,2,3,2,2,3,2,2,2,3,5,3,3,1,2,3,3,2,3,1,2,3,3,3,2,1,2,2,3,3,2,1,1,3,2,4,4,3,2,2,3,4,1,2,2,2,3,1,3,4,2,2,2,3,2,2,2,3,3,2,]
[161,161,204,154,165,184,157,129,161,154,111,120,106,172,125,208,166,137,128,109,84,178,167,142,137,205,140,175,106,84,168,96,136,107,194,137,164,88,113,129,132,148,219,133,162,113,185,127,140,126,166,140,171,171,169,117,175,158,96,100,143,193,190,81,]
[118,141,98,165,140,150,121,131,163,214,115,176,109,123,176,113,117,89,139,84,86,185,161,129,244,139,82,136,94,119,196,179,235,157,118,100,137,138,103,97,163,131,139,120,129,107,142,136,165,130,95,84,208,172,112,206,77,99,141,64,207,127,199,103,]
[1,1,2,1,1,1,2,2,1,1,1,1,2,2,1,1,1,2,1,1,1,1,1,3,2,1,1,2,1,1,1,2,1,1,2,1,2,1,1,1,2,1,2,2,1,2,2,2,2,1,2,1,2,1,2,1,2,0,2,2,2,2,2,2,]
[0,0,0,1,1,0,0,1,1,0,1,1,0,1,1,0,1,0,0,0,0,0,1,0,1,0,0,1,0,0,0,1,0,0,1,1,1,1,0,0,1,1,0,1,0,1,1,0,0,0,1,0,1,1,1,0,1,1,1,0,0,1,0,1,]
[2,5,3,2,4,1,4,4,3,1,2,3,3,3,2,3,3,4,3,1,3,4,4,2,1,4,2,2,2,3,2,2,2,2,1,2,4,3,2,1,1,3,2,3,2,2,3,2,2,3,2,2,3,5,2,3,3,3,3,3,2,3,2,3,]
[3,2,3,3,2,2,3,3,2,3,2,3,3,2,2,3,2,2,3,2,2,2,3,3,1,2,3,4,2,1,3,3,1,1,3,2,2,4,2,3,2,3,1,2,2,2,4,1,3,4,2,3,3,3,4,3,3,2,3,2,2,3,2,3,]
[125,178,156,145,173,104,137,188,113,158,134,140,163,176,155,134,168,130,93,123,83,111,121,109,143,237,176,161,100,110,197,176,86,142,128,123,92,110,176,147,96,123,94,137,194,107,80,126,149,131,168,106,181,174,128,240,123,158,185,133,144,160,130,66,]
[159,130,137,135,88,132,139,192,128,110,123,132,111,163,136,178,168,206,113,195,122,141,128,160,137,110,167,102,183,204,116,121,160,139,96,170,119,127,171,77,93,151,135,147,113,137,105,118,134,126,119,155,73,151,72,226,102,167,130,158,216,143,120,105,]
[1,1,1,1,1,2,1,1,3,3,1,2,1,1,1,1,2,2,1,1,2,1,1,2,1,1,1,2,1,1,2,1,2,1,2,1,1,2,1,1,1,2,1,2,2,2,1,2,3,2,1,1,1,1,1,2,1,1,2,2,2,1,2,2,]
[0,1,1,0,1,0,1,1,1,1,0,1,1,0,0,1,0,1,0,1,0,0,0,1,0,0,1,0,1,1,0,0,0,1,0,0,1,1,0,0,0,0,1,0,0,1,0,0,0,0,1,1,1,0,1,1,0,0,0,0,0,1,0,1,]
[5,2,2,3,2,3,2,2,3,3,1,3,2,2,3,2,2,2,2,3,3,2,2,4,3,2,2,2,2,3,3,2,3,3,3,3,2,2,3,2,4,2,2,3,3,3,2,3,4,2,2,2,2,4,3,3,2,3,2,2,3,3,3,2,]
[2,3,2,3,2,3,2,2,4,2,2,2,2,3,2,2,3,2,2,3,2,1,4,3,3,3,1,2,3,3,3,2,3,3,3,3,3,2,2,3,2,4,1,2,3,2,3,2,2,2,2,3,3,2,3,3,3,2,2,3,2,3,3,2,]
[227,221,99,126,104,170,129,210,109,151,52,121,101,102,153,190,130,83,220,144,117,131,184,142,119,113,128,153,116,150,136,125,96,157,129,221,191,92,140,158,134,214,109,141,193,191,141,152,133,83,93,115,128,171,108,242,157,106,133,151,197,93,80,112,]
[186,127,140,107,94,121,257,227,80,210,111,108,118,96,109,275,181,135,133,129,117,111,100,125,127,143,93,137,187,126,143,116,216,133,110,119,146,140,115,207,190,129,105,120,162,161,160,141,90,154,110,128,128,99,96,106,120,169,104,154,144,64,113,134,]
[2,2,1,2,2,1,1,1,2,2,2,2,2,1,1,1,1,2,2,1,1,2,2,1,1,2,2,1,1,1,1,2,1,1,1,1,1,1,1,3,1,1,2,2,1,1,1,1,1,1,1,1,1,1,2,1,3,1,1,2,2,2,1,1,]
[1,1,1,0,1,0,1,1,1,0,0,1,0,1,0,1,1,1,1,0,1,1,0,1,0,1,0,1,0,1,0,0,1,0,1,0,1,1,1,0,0,0,1,0,1,0,0,1,0,0,0,1,0,1,0,0,1,1,0,0,0,0,1,1,]
[2,2,2,3,2,3,2,3,3,2,2,3,3,2,4,3,2,3,3,3,3,2,4,4,3,2,1,2,2,3,2,3,3,2,3,2,3,4,3,2,1,2,2,3,1,2,3,3,2,3,2,2,3,2,1,2,4,2,2,2,3,2,2,2,]
[1,2,4,1,3,3,3,3,3,2,5,2,2,2,4,2,3,2,3,3,3,2,3,2,3,3,3,2,1,3,4,2,2,3,3,3,3,3,2,3,2,2,2,2,2,2,3,2,2,3,3,2,3,3,3,1,2,2,4,3,2,3,3,1,]
[143,86,99,140,88,164,126,155,128,178,165,99,169,159,96,133,62,182,168,143,161,176,95,127,119,123,143,157,226,116,161,158,131,124,165,160,78,130,202,130,123,146,134,127,150,155,113,121,123,189,244,214,136,137,134,74,141,110,159,177,111,115,125,100,]
[131,162,84,100,209,156,80,87,78,152,171,170,126,147,118,149,127,124,133,196,136,172,216,134,112,108,127,163,163,218,98,154,83,114,101,147,171,158,187,111,214,203,191,164,128,97,123,169,106,111,82,110,181,155,135,126,124,153,126,129,149,110,201,141,]
[1,1,2,1,2,1,2,1,1,1,2,1,1,1,1,2,2,2,2,1,1,1,2,2,2,2,1,1,1,1,1,1,2,2,1,1,3,2,2,1,2,2,1,2,1,2,2,1,1,1,2,2,1,2,1,1,2,1,1,2,2,2,1,2,]
[0,0,1,1,1,0,1,0,0,1,1,1,0,1,1,0,1,1,1,1,0,1,0,0,0,0,0,1,0,0,0,0,1,1,0,1,1,1,0,1,0,1,0,0,1,1,1,1,1,1,1,0,0,1,0,0,1,1,1,0,1,0,1,0,]
[6,9,5,6,3,4,5,6,8,4,4,5,4,4,6,7,8,11,6,5,8,6,7,3,6,9,9,4,5,3,5,4,5,5,9,5,5,6,3,6,5,8,6,8,4,5,4,3,4,5,7,8,5,8,3,8,5,7,5,6,4,5,4,5,]
[0,0,1,0,0,1,1,0,1,1,0,1,0,0,1,0,0,1,1,1,1,0,0,1,0,1,0,1,1,0,0,1,0,0,1,1,0,1,1,1,0,0,1,0,0,1,0,1,1,0,1,1,0,0,1,0,0,1,0,0,0,1,0,1,]
[7,4,9,4,5,6,8,5,5,13,6,6,9,5,10,6,7,10,8,4,9,7,5,5,8,3,6,7,4,6,6,10,6,6,6,9,7,6,5,4,6,6,4,8,6,9,5,6,7,9,6,6,7,5,4,5,8,6,6,8,4,4,6,9,]
[159,183,137,86,180,124,151,115,146,174,128,170,145,227,93,90,132,171,88,212,140,121,67,127,79,144,148,127,143,100,78,121,205,138,181,116,103,174,113,192,175,108,168,136,193,152,130,130,143,152,143,90,152,136,140,106,115,178,112,152,132,138,77,202,]
[39,31,28,50,57,56,14,30,43,52,49,46,43,60,47,47,27,50,33,59,33,56,37,31,29,42,54,40,50,47,60,36,40,56,42,38,27,38,40,34,43,46,37,32,40,48,38,35,49,29,42,55,38,53,50,36,44,46,25,63,55,40,29,38,]
[4,4,5,5,3,4,7,6,4,6,6,3,6,6,6,4,7,6,7,6,7,5,5,5,5,5,4,7,4,4,7,8,5,7,6,6,3,5,6,4,4,6,6,5,4,7,5,5,5,8,5,7,5,7,5,7,6,4,5,8,6,5,7,5,]
[5,2,4,4,4,4,4,7,2,5,7,6,7,6,5,4,4,5,4,6,8,7,7,8,9,5,5,6,7,8,5,5,8,8,4,5,5,8,9,6,4,7,6,6,4,6,4,9,5,6,4,6,6,5,4,5,6,4,4,8,7,4,6,5,]
[3,2,3,2,2,3,2,4,2,3,2,2,4,3,4,3,3,3,2,3,2,3,3,2,3,2,2,3,3,2,3,2,3,2,2,3,2,2,4,3,2,1,3,3,3,3,4,2,3,3,3,2,4,3,2,3,1,3,2,2,2,2,4,3,]
[2,2,3,3,3,3,2,3,2,3,4,2,3,3,2,2,3,1,2,2,1,2,3,2,4,3,1,2,4,4,3,3,1,2,1,4,2,4,2,2,3,2,2,5,2,3,3,2,2,2,2,3,1,3,1,3,2,1,4,2,2,4,3,3,]
[159,193,197,49,138,100,173,134,67,183,115,126,104,114,145,216,118,76,118,136,158,226,148,130,183,145,182,153,140,156,195,93,154,104,142,150,140,92,111,158,124,158,180,104,115,172,179,77,108,164,182,106,147,189,96,124,127,152,160,200,105,155,226,194,]
[135,159,174,149,84,138,138,123,104,168,175,140,86,181,136,114,185,168,182,168,168,191,159,203,90,171,127,118,173,153,105,87,169,136,132,71,137,135,164,173,160,171,119,131,109,74,123,117,125,134,143,187,209,167,176,140,150,80,184,155,206,114,175,149,]
[1,2,1,1,1,2,1,1,1,2,1,2,1,2,1,1,1,1,1,1,1,1,2,2,1,2,1,1,2,2,1,1,2,1,2,1,1,2,2,1,1,1,1,2,2,1,2,1,2,1,1,1,1,1,2,2,2,2,1,1,1,1,2,1,]
[0,0,0,0,0,0,1,0,1,0,0,1,1,0,0,0,0,0,1,1,0,1,0,1,1,1,0,0,1,1,1,0,0,1,1,0,1,1,1,0,1,1,1,0,0,0,1,1,1,1,1,1,0,1,1,0,0,1,0,0,0,0,1,1,]
[2,3,3,2,3,2,3,2,1,3,3,3,2,3,4,1,2,2,4,2,2,3,2,2,2,3,2,1,2,2,1,2,2,2,2,3,2,3,2,2,3,4,1,2,1,1,2,3,1,1,2,2,2,2,2,2,2,2,2,2,4,4,2,2,]
[4,2,3,3,2,3,3,3,2,2,2,2,3,2,3,3,3,1,2,4,1,3,2,3,2,2,2,4,2,3,2,3,3,3,2,1,2,2,4,1,2,3,3,1,2,2,4,2,3,2,3,3,4,2,2,3,3,2,1,3,2,2,3,2,]
[234,115,157,154,147,136,158,206,102,111,164,174,129,142,166,102,149,145,121,164,245,127,135,143,162,135,123,234,200,203,94,115,139,162,126,153,170,153,203,160,113,93,157,122,160,117,108,127,120,164,222,158,110,139,84,140,152,180,139,138,131,135,93,167,]
[124,90,111,155,158,127,102,158,139,137,140,156,154,127,79,189,190,233,173,141,120,152,107,187,128,128,173,112,148,80,133,176,147,97,85,97,93,120,155,183,78,128,163,121,173,129,141,231,229,171,182,170,160,129,128,122,138,169,177,126,163,110,143,168,]
[1,1,2,1,2,2,3,1,1,1,1,1,1,1,1,1,1,1,2,2,2,2,2,1,2,1,2,1,2,1,1,2,1,2,2,1,1,2,1,1,2,1,1,2,1,1,2,1,2,1,2,2,2,2,2,1,1,2,2,1,2,1,1,2,]
[1,1,1,0,1,0,0,0,1,0,0,0,1,1,1,1,0,1,0,0,0,0,0,1,1,1,1,1,1,0,0,0,1,0,0,0,1,1,1,1,0,1,1,0,0,0,0,1,0,0,0,0,0,1,1,0,1,0,1,1,1,0,0,0,]
[3,3,3,3,4,2,2,3,2,3,3,1,3,2,2,3,3,2,1,2,2,3,2,2,3,2,3,2,2,2,5,2,1,3,2,2,2,1,1,3,4,3,2,2,3,3,3,3,2,3,2,3,2,2,2,2,2,2,2,3,2,1,3,2,]
[3,2,2,2,2,4,3,2,2,3,3,1,2,3,3,2,2,2,2,3,3,2,2,1,2,2,2,2,3,2,2,2,3,3,5,4,3,3,4,3,3,2,1,3,3,3,2,2,2,2,2,3,2,2,1,2,2,2,3,3,2,2,2,2,]
[87,121,137,243,189,133,149,167,148,111,137,114,145,110,111,113,63,146,80,90,150,168,191,108,133,156,107,168,147,123,151,142,150,164,126,127,117,148,223,166,126,147,171,83,169,138,120,78,127,132,106,223,139,171,163,107,177,208,160,119,113,108,238,157,]
[96,151,105,171,137,131,127,158,114,179,185,88,127,138,138,120,135,130,104,101,154,153,156,148,100,128,160,152,136,78,166,113,101,117,135,156,143,124,92,143,75,149,127,121,94,134,133,120,166,144,167,94,95,135,172,139,133,130,85,119,129,170,193,130,]
[1,1,1,2,2,1,2,1,1,2,2,1,2,2,1,1,1,2,1,2,1,2,1,1,2,1,1,1,1,1,2,2,2,1,3,2,1,1,1,2,2,1,2,2,1,1,2,2,1,2,2,2,1,1,1,2,1,1,1,1,2,1,2,1,]
[1,1,0,1,0,0,0,0,0,0,0,0,1,1,1,0,1,0,0,1,1,0,1,1,0,0,0,1,0,0,0,1,1,0,0,1,1,0,1,1,1,1,0,1,0,1,1,0,0,0,1,1,0,1,0,0,0,1,0,1,0,0,0,0,]
[1,2,2,2,2,3,3,3,3,1,3,2,3,2,3,2,2,3,2,3,3,2,2,4,2,1,2,3,2,2,2,3,2,4,2,3,2,1,3,3,2,3,1,3,1,2,3,3,2,2,1,3,3,2,2,2,3,2,2,3,4,3,2,1,]
[3,5,2,3,2,3,3,3,3,2,2,3,3,2,3,3,3,2,1,3,2,2,1,2,2,2,1,2,3,4,2,2,2,3,3,3,3,3,2,2,2,2,3,3,3,2,2,2,3,3,3,3,3,3,2,3,2,2,4,2,3,2,3,2,]
[129,181,175,124,189,177,154,163,138,193,95,160,151,101,146,140,122,129,120,168,180,134,134,153,134,148,131,100,153,145,84,106,89,167,109,126,205,136,133,121,155,174,116,102,114,110,164,271,137,113,155,206,170,165,105,93,234,180,173,92,176,163,192,111,]
[126,111,93,176,127,139,146,118,156,209,187,163,89,132,154,156,206,133,149,122,88,108,118,129,219,99,112,106,247,139,266,124,183,156,113,124,222,204,139,125,180,211,90,193,163,121,186,137,142,82,104,172,145,140,130,162,151,101,160,184,173,120,143,106,]
[1,2,0,2,1,2,1,1,1,2,1,1,1,1,1,1,1,1,2,2,3,1,1,2,1,2,2,2,2,1,2,3,1,2,1,1,1,2,1,1,1,2,1,1,1,1,1,2,1,1,1,2,2,2,2,1,2,1,2,2,1,3,2,2,]
[0,1,0,0,1,0,0,0,1,0,1,0,1,1,1,0,0,0,0,1,0,1,0,1,1,1,0,0,1,1,0,1,0,1,0,1,1,1,0,1,1,1,1,1,0,1,0,0,1,0,1,0,0,1,0,1,1,1,0,0,0,0,0,1,]
[7,6,5,5,6,5,7,6,8,8,7,7,8,4,8,15,3,8,7,6,7,5,7,6,6,5,5,5,6,6,6,5,5,4,6,5,6,7,5,4,4,4,4,5,4,4,7,6,4,3,7,7,6,3,6,4,5,3,8,5,4,5,9,7,]
[0,1,1,0,1,0,1,0,0,1,1,0,1,1,1,0,0,0,0,0,0,0,1,0,1,1,0,1,0,1,1,0,0,1,0,0,1,0,0,1,0,0,1,1,0,0,0,1,1,1,0,0,1,0,1,0,0,1,0,1,0,0,1,1,]
[4,7,7,10,7,7,6,6,6,7,10,7,8,6,6,5,7,3,7,6,8,9,7,6,10,5,5,7,5,6,7,6,5,5,7,9,7,8,9,5,8,6,7,5,7,6,8,7,7,6,8,4,5,8,4,6,5,6,4,5,4,8,8,7,]
[143,152,108,134,154,132,110,135,115,67,196,90,120,181,115,163,136,102,147,152,145,153,117,104,132,130,145,212,159,176,177,104,134,101,137,194,118,130,132,213,131,109,178,94,116,132,124,141,112,173,123,182,134,116,122,113,198,119,153,110,228,163,109,146,]
[44,38,33,32,58,31,67,35,40,36,47,56,48,49,49,37,44,45,29,49,38,24,32,37,39,44,43,34,35,56,34,42,51,50,38,53,45,76,39,30,39,52,39,39,68,34,49,30,59,35,52,47,24,36,52,27,50,27,26,36,27,54,33,43,]
[6,4,6,5,6,6,6,4,8,4,7,4,5,5,4,8,3,5,7,6,5,5,6,6,6,6,6,6,5,4,6,6,8,5,6,5,7,3,5,5,6,5,4,7,4,3,6,6,7,6,7,4,6,3,6,7,6,6,6,8,7,6,4,5,]
[6,6,5,6,3,4,6,7,8,6,5,5,3,6,3,5,5,6,3,4,6,4,6,7,4,6,7,5,6,8,8,8,5,6,7,6,7,6,7,7,4,7,4,5,5,7,5,6,5,5,6,6,9,5,8,2,4,5,5,3,4,8,3,6,]
[3,4,2,2,2,2,3,3,2,2,2,3,2,3,3,2,4,2,2,2,2,2,2,2,4,2,3,3,1,2,2,2,3,2,3,3,2,1,3,2,3,3,3,2,2,3,2,3,3,2,3,4,3,3,4,3,3,2,2,2,2,4,3,3,]
[2,1,2,2,3,2,3,2,3,3,4,2,2,3,4,3,2,3,3,1,3,3,1,3,3,3,2,3,3,3,3,2,1,2,2,2,2,3,2,2,2,1,1,2,1,4,3,2,2,2,5,2,3,3,1,3,4,2,3,1,2,3,4,2,]
[167,184,197,124,215,141,102,227,181,108,191,115,154,137,132,118,138,156,190,154,146,120,170,178,100,146,90,89,138,137,204,119,103,91,148,166,143,165,110,155,159,173,183,86,167,81,161,141,114,208,184,151,91,154,189,146,168,129,189,199,135,122,133,138,]
[107,107,135,152,113,168,158,194,179,83,112,155,172,136,171,209,140,149,141,128,128,161,157,125,115,110,142,167,101,130,157,172,164,113,189,102,96,202,208,172,164,119,133,208,164,176,142,122,143,137,162,152,189,112,176,132,147,141,173,78,136,108,96,105,]
[1,2,1,2,2,1,2,1,2,1,2,1,1,2,1,1,1,1,1,2,1,2,2,1,1,1,1,2,1,2,2,2,2,2,1,1,2,1,2,2,2,2,2,2,1,1,2,1,2,1,1,2,1,2,1,3,1,1,1,2,2,3,1,1,]
[1,1,0,0,1,1,0,1,0,0,0,1,1,0,1,0,0,0,1,0,1,0,1,1,0,0,0,0,1,1,1,0,0,1,1,0,0,0,1,0,1,1,0,0,0,1,1,1,1,1,1,0,1,0,0,0,1,1,1,0,0,0,0,0,]
[3,2,3,2,3,3,3,2,4,2,1,2,3,2,2,2,2,3,3,2,2,2,2,2,3,3,2,2,2,4,1,3,3,3,2,3,4,2,3,3,2,2,2,2,3,3,2,4,3,3,1,3,5,2,2,3,3,3,4,2,3,3,2,3,]
[3,3,3,2,2,2,2,2,3,3,4,2,3,3,4,2,3,5,3,4,3,2,2,2,2,3,2,2,1,4,3,2,2,2,3,3,2,1,3,1,2,3,3,4,2,3,3,3,3,3,2,2,2,2,3,2,1,2,2,3,2,1,4,3,]
[165,81,121,125,166,109,134,160,85,137,123,110,157,131,98,151,140,148,140,186,157,145,97,167,144,90,218,159,132,123,184,137,165,132,192,95,103,152,140,125,197,143,141,86,167,142,115,141,168,101,124,135,222,75,66,107,61,117,146,138,213,152,71,156,]
[107,98,145,156,133,166,156,119,142,119,171,136,97,117,115,145,60,160,161,163,175,86,171,147,181,142,107,101,138,173,108,148,187,124,166,148,118,153,106,87,131,130,100,190,99,166,109,116,165,115,112,111,220,176,150,161,130,160,169,182,136,184,129,127,]
[2,2,1,2,1,1,1,2,1,2,2,1,1,1,1,2,2,1,1,1,2,2,1,2,1,1,2,1,1,1,1,1,2,1,2,1,2,1,1,1,1,1,2,2,2,1,3,1,1,1,1,1,2,1,1,1,2,2,2,1,2,3,2,2,]
[0,0,1,1,1,0,1,0,0,1,1,0,1,1,0,0,0,1,0,1,1,1,1,0,1,0,1,0,1,1,1,0,0,1,1,1,1,1,1,0,1,0,0,1,0,1,1,1,0,0,0,1,0,1,1,0,0,1,0,1,0,0,1,1,]
[2,2,3,2,4,3,4,2,3,4,3,2,4,3,3,3,2,1,3,3,2,2,4,2,2,1,2,4,3,3,2,3,3,3,4,3,2,2,2,2,3,3,1,3,3,3,3,2,2,2,3,2,3,2,4,3,2,2,1,2,2,2,2,1,]
[3,3,2,4,4,2,2,4,2,2,2,1,2,2,4,2,2,2,4,1,3,3,3,3,4,2,2,2,3,2,1,3,2,4,2,3,2,3,4,2,2,2,3,2,2,2,3,2,3,2,2,4,2,3,2,2,2,2,4,2,4,4,3,3,]
[161,150,124,124,157,135,161,107,133,165,141,162,200,130,118,116,168,126,130,125,136,107,131,192,112,146,137,156,211,136,142,178,176,210,83,178,55,139,153,104,108,125,148,139,68,146,177,135,160,145,145,181,86,170,105,150,189,93,106,149,120,171,121,176,]
[87,128,123,154,116,82,218,218,105,231,180,153,79,150,114,226,218,118,63,116,145,128,158,174,126,106,159,120,118,148,139,185,116,144,139,141,78,133,119,102,130,135,210,80,127,114,167,160,113,121,130,166,105,111,124,109,99,179,146,166,164,134,146,110,]
[1,1,2,1,2,1,2,1,2,2,1,1,2,1,2,1,1,1,1,2,2,1,2,1,1,1,1,2,1,2,2,3,2,2,1,1,1,2,2,1,2,2,1,2,2,1,1,2,1,2,2,2,2,2,1,3,1,1,1,1,1,3,2,1,]
[1,0,0,1,1,0,1,1,1,0,0,0,0,1,0,1,0,0,0,1,0,0,1,0,1,1,1,0,0,1,1,0,0,0,0,1,0,0,1,1,0,1,0,1,1,1,0,1,1,0,0,1,1,0,1,1,1,0,1,0,1,1,1,0,]
[2,2,2,2,3,3,1,2,2,2,3,3,1,3,3,4,3,3,4,4,2,2,4,3,2,3,3,4,2,2,1,3,2,2,2,2,3,3,3,1,1,2,3,3,2,2,1,3,3,1,2,2,3,2,1,2,2,1,2,1,2,2,2,3,]
[3,1,2,3,2,1,2,2,2,3,3,2,2,2,2,2,1,3,4,2,2,4,2,2,2,3,4,2,2,2,4,2,3,2,3,4,3,2,3,3,3,2,3,2,3,2,2,3,2,2,4,2,1,2,4,2,2,2,2,2,3,3,2,3,]
[176,99,211,130,127,124,140,175,83,178,198,125,171,187,99,177,119,102,106,222,144,114,273,131,158,193,135,97,255,214,104,159,148,226,102,133,155,146,160,177,118,144,130,117,132,217,142,138,135,238,126,189,181,138,168,137,67,151,140,192,175,161,162,116,]
[173,139,206,181,134,189,97,221,158,102,79,177,87,134,171,133,210,140,162,163,128,173,161,160,94,143,135,126,140,159,110,133,115,190,218,155,127,110,137,193,105,141,113,125,148,115,172,105,199,101,113,115,108,135,110,85,185,162,103,126,128,121,166,161,]
[1,1,1,1,3,1,2,2,1,2,2,1,1,1,2,2,1,1,1,1,2,1,1,2,2,2,2,1,2,1,1,1,2,2,2,2,1,1,1,1,1,1,1,2,1,2,2,1,3,2,1,1,1,2,1,2,1,2,1,1,2,1,2,1,]
[0,0,1,0,0,0,1,1,0,0,1,0,0,1,1,0,0,0,1,0,1,0,0,1,0,1,1,1,1,1,0,1,0,1,1,1,0,0,0,0,0,0,1,1,0,0,0,1,0,0,0,0,0,1,1,1,1,1,0,0,0,0,1,0,]
[5,4,7,5,5,6,5,4,7,5,4,9,6,5,8,5,6,5,4,4,7,3,6,6,5,6,4,4,5,5,5,6,5,5,6,7,5,5,8,6,5,7,8,5,4,5,5,5,6,7,5,7,8,5,6,3,5,11,5,7,6,7,7,6,]
[1,0,1,0,1,0,1,1,1,1,1,1,1,1,0,1,0,0,0,1,0,0,0,1,1,0,1,0,0,1,1,1,0,1,0,1,1,1,1,0,1,1,1,0,0,0,1,1,1,1,0,1,0,1,1,0,0,1,1,0,0,0,1,0,]
[4,6,8,7,6,6,7,7,6,5,7,9,10,5,5,5,7,5,5,9,5,8,6,6,8,5,4,5,7,7,8,6,4,6,6,5,8,6,5,6,6,6,7,7,6,7,7,6,7,9,9,6,5,6,8,5,4,4,5,4,6,8,8,7,]
[168,82,73,161,192,132,150,99,99,113,99,204,136,98,106,119,151,120,182,219,97,196,129,168,154,87,94,172,145,163,115,155,136,137,160,149,83,180,84,76,205,134,111,173,108,154,173,173,93,99,183,141,174,183,93,195,80,150,120,144,152,133,162,127,]
[51,34,81,25,39,44,46,64,41,45,34,47,63,44,40,41,34,23,26,43,52,37,28,47,52,36,53,57,62,35,52,58,44,43,61,41,25,42,46,76,36,38,46,35,47,46,42,45,41,21,31,51,31,61,57,33,50,36,60,43,39,36,45,59,]
[5,7,3,6,6,5,4,6,6,5,8,4,4,6,7,6,5,6,4,7,6,5,5,8,6,4,5,4,7,6,4,6,6,5,9,7,4,5,6,6,5,4,6,6,4,4,7,6,5,5,4,5,7,6,6,3,4,5,4,6,3,8,5,7,]
[8,9,5,4,5,7,4,7,6,5,3,4,6,4,7,5,4,4,4,5,8,5,4,7,7,7,5,5,5,7,8,7,6,4,5,5,7,4,4,4,5,4,5,4,4,10,7,4,5,6,4,5,5,4,6,2,4,6,8,4,5,4,5,13,]
[2,1,2,2,3,3,2,3,2,3,4,3,2,2,3,2,2,2,3,3,3,3,3,3,2,3,2,2,1,4,2,2,2,3,1,3,3,2,4,1,2,3,3,3,2,2,3,2,2,3,4,2,3,4,3,2,3,3,2,3,3,2,2,2,]
[3,3,4,1,3,2,3,2,2,1,3,2,2,4,2,3,3,3,3,3,2,3,3,2,3,1,2,3,2,4,3,2,3,2,3,2,3,3,2,3,2,2,4,2,4,2,2,3,2,2,2,1,2,1,2,2,4,1,3,2,2,3,3,2,]
[181,75,112,115,156,99,143,155,152,162,228,122,167,127,189,119,171,261,111,115,95,144,88,186,101,206,83,97,145,100,190,132,179,152,139,74,142,124,158,95,152,185,76,138,207,103,114,125,152,103,105,145,107,110,125,82,170,140,74,81,184,129,157,146,]
[157,103,112,193,176,132,180,107,111,213,202,109,128,99,128,153,94,152,122,135,151,103,143,139,139,104,206,103,133,118,107,167,140,122,132,104,169,108,143,116,189,247,150,100,145,173,147,125,123,123,151,87,211,132,156,166,231,120,139,139,109,166,168,121,]
[2,2,1,1,1,1,1,2,2,1,1,1,1,2,1,1,2,1,2,1,2,1,1,1,2,1,1,1,1,2,2,2,2,1,1,2,2,1,2,2,1,1,1,1,2,1,1,1,2,2,1,3,1,2,1,1,1,2,2,1,1,1,1,1,]
[0,1,1,0,1,1,0,1,1,1,0,1,1,0,0,1,1,1,0,1,1,0,0,0,0,1,1,0,0,0,0,1,0,0,0,1,0,0,0,0,1,0,1,1,0,0,0,0,0,0,1,1,1,0,0,0,1,1,1,0,1,0,0,1,]
[3,2,2,3,2,1,2,3,1,2,3,3,1,2,2,2,2,3,4,2,2,1,2,1,3,2,3,2,2,3,2,3,2,1,2,3,5,2,3,1,2,1,3,2,2,3,3,1,2,2,3,3,3,2,2,3,2,3,3,2,2,2,1,3,]
[3,3,2,2,3,1,2,2,2,3,1,2,2,2,2,3,3,2,3,3,3,2,2,3,2,2,3,4,3,2,2,4,2,3,3,3,2,4,2,3,2,3,3,3,3,3,1,1,2,3,2,3,2,2,3,2,1,2,2,2,1,4,3,3,]
[151,149,110,104,201,125,238,138,114,131,155,130,85,136,161,105,130,118,160,146,135,185,190,136,162,130,138,110,198,123,144,220,169,87,185,184,101,144,112,142,152,171,146,143,131,104,142,290,158,125,199,94,157,115,107,260,79,117,149,140,118,80,73,129,]
[100,189,167,144,84,86,120,134,198,163,105,161,180,186,99,153,116,170,143,124,127,91,148,93,127,120,157,94,132,155,141,189,209,121,138,160,88,126,253,141,104,137,179,108,118,201,139,150,306,184,164,115,174,135,100,127,177,114,110,95,156,105,119,169,]
[2,2,1,2,2,2,3,1,1,1,1,1,1,2,1,1,2,2,2,1,2,1,2,1,1,2,2,1,2,1,2,2,1,1,3,2,2,2,2,2,1,2,1,2,2,2,1,2,1,2,2,2,2,2,2,3,2,2,1,2,1,2,2,2,]
[1,1,0,1,1,1,0,1,1,1,0,0,0,1,0,0,0,1,1,1,1,0,1,1,1,0,1,1,0,1,0,1,0,0,0,0,1,1,0,0,0,1,1,0,1,0,0,1,1,1,0,0,0,0,0,1,0,0,1,1,1,0,0,0,]
[2,4,2,1,3,3,2,2,3,2,2,3,4,2,2,2,1,2,1,3,3,3,1,3,3,2,3,2,2,3,2,2,2,3,3,3,2,2,3,2,3,2,3,2,3,3,2,4,2,2,3,2,3,2,1,3,2,3,4,3,4,2,2,3,]
[2,3,3,2,3,3,2,3,3,2,3,2,3,4,3,3,3,2,3,2,4,2,3,3,3,2,2,3,3,3,2,2,3,3,2,2,2,2,3,3,2,4,5,2,1,3,2,2,3,2,2,2,2,3,3,3,2,3,4,2,3,3,2,1,]
[72,93,168,122,148,117,148,170,106,169,175,228,116,160,153,95,144,99,109,128,136,242,115,112,122,219,163,120,150,166,137,165,132,125,149,140,149,138,158,110,128,129,133,116,148,212,134,153,156,200,88,177,179,133,131,175,142,126,182,104,159,106,102,141,]
[122,156,147,196,152,178,131,96,132,187,125,160,101,127,145,156,115,155,127,151,152,81,232,114,111,114,228,138,117,73,126,88,158,123,160,206,139,123,165,108,125,104,194,109,98,188,114,148,119,122,113,159,112,154,107,163,172,126,152,157,123,139,134,132,]
[2,2,1,1,2,1,2,2,1,1,1,1,1,1,1,2,2,2,1,2,1,1,2,1,2,1,1,2,1,1,2,2,1,2,1,1,1,1,1,1,1,2,1,1,2,2,2,2,1,2,1,1,1,2,2,2,2,3,2,1,1,1,2,2,]
[0,1,0,1,0,0,1,1,1,0,0,0,1,0,1,0,0,0,0,0,0,1,1,0,0,0,1,1,0,1,1,0,1,0,1,0,0,0,1,1,0,0,0,0,1,0,1,1,0,0,1,0,1,1,0,1,0,0,0,1,1,0,0,1,]
[4,3,2,2,2,3,2,3,3,2,2,2,2,2,3,3,2,4,2,3,2,2,4,2,3,3,2,3,2,2,3,2,3,3,3,2,4,2,3,3,4,4,3,3,2,3,3,3,2,3,3,2,3,3,2,3,2,3,2,3,4,3,3,3,]
[3,5,4,2,2,2,1,2,3,2,2,3,2,2,3,4,3,2,2,2,2,4,1,2,1,2,3,2,2,2,3,3,2,2,3,3,5,3,2,4,3,3,2,1,2,2,1,2,3,2,3,4,1,2,2,2,2,2,2,2,3,3,3,2,]
[113,124,261,160,84,110,193,107,66,109,125,93,119,145,156,122,155,151,148,171,102,164,162,135,83,128,167,115,132,158,132,124,158,109,136,276,244,149,157,86,143,140,125,97,151,177,147,99,120,143,141,173,130,78,193,91,114,133,94,73,77,145,126,114,]
[118,175,123,162,117,94,180,155,154,140,104,127,172,138,114,168,109,166,126,134,105,88,121,169,106,122,148,169,142,115,95,109,201,89,136,154,88,120,172,167,212,159,178,157,120,138,154,94,112,87,162,99,82,198,194,124,143,155,152,87,143,154,118,178,]
[2,2,1,1,2,1,2,1,1,3,1,2,1,2,1,1,2,2,1,1,2,1,1,1,1,1,1,2,1,1,2,3,1,1,2,2,1,1,2,2,1,2,1,2,1,1,1,1,2,1,1,1,1,0,2,1,3,1,2,2,1,2,2,1,]
[1,1,0,0,0,0,0,0,0,1,0,1,1,1,1,1,0,1,1,1,0,0,1,0,0,1,0,0,0,0,1,1,1,0,0,0,1,0,0,1,0,0,1,0,0,1,0,0,1,1,0,1,1,1,1,1,1,0,1,1,0,0,0,0,]
[6,5,9,6,6,8,6,6,3,4,5,4,4,5,4,4,4,4,6,4,7,4,8,6,5,5,5,7,3,7,7,4,4,4,4,6,3,4,8,8,7,6,4,3,7,6,4,5,7,5,5,6,6,7,4,7,7,6,5,6,5,5,4,5,]
[1,0,0,0,1,1,0,0,1,1,1,1,1,1,0,0,0,1,0,0,0,0,1,0,0,1,0,0,0,0,1,1,0,1,1,1,0,1,1,0,1,1,0,1,0,0,0,0,0,1,0,1,1,0,1,0,1,0,0,1,0,1,0,0,]
[1,1,0,0,0,0,1,1,1,1,0,1,1,0,0,1,1,0,1,1,0,0,0,1,1,1,1,1,1,0,1,0,0,0,1,1,0,0,1,0,1,1,0,0,1,1,0,0,1,0,0,0,0,1,1,0,0,1,1,1,0,0,0,1,]
]
