This is computation ability:
[
[0,0,0,0,0,0,0,0,0,0,0,0,0,0,0,0,0,0,0,0,0,0,0,0,0,0,0,0,0,0,0,0,0,0,0,0,0,0,0,0,0,0,0,0,0,0,0,0,0,0,0,0,0,0,0,0,0,0,0,0,0,0,0,0,]
[0,0,0,0,0,0,0,0,0,0,0,0,0,0,0,0,0,0,0,0,0,0,0,0,0,0,0,0,0,0,0,0,0,0,0,0,0,0,0,0,0,0,0,0,0,0,0,0,0,0,0,0,0,0,0,0,0,0,0,0,0,0,0,0,]
[10,5,8,11,8,6,15,1,4,8,1,0,5,2,0,1,17,3,2,11,2,7,9,10,8,7,7,4,6,6,7,20,4,13,2,0,5,9,15,10,10,9,3,0,2,2,11,2,5,13,1,9,9,1,6,6,8,7,3,14,5,6,9,3,]
[51,140,77,303,66,186,0,192,248,32,38,383,332,219,7,132,9,291,199,167,52,209,81,222,263,411,48,35,158,93,71,344,94,198,76,133,25,81,181,30,114,194,113,156,14,58,279,101,143,20,19,147,238,300,82,126,72,137,138,62,206,116,126,208,]
[58,10,70,31,27,30,24,9,47,27,65,99,6,11,17,96,22,17,16,29,34,43,26,64,101,15,2,62,74,54,63,46,158,36,15,64,95,15,47,61,107,25,35,162,18,18,16,21,13,25,18,39,5,24,20,107,60,46,17,35,37,97,66,20,]
[18,4,1,7,5,4,3,3,2,3,6,7,3,0,14,5,2,5,7,11,6,4,2,2,5,5,5,5,7,1,9,0,10,1,4,7,5,6,3,2,2,7,0,6,1,6,1,2,5,3,6,6,3,7,3,0,21,2,0,5,4,2,3,1,]
[4,13,1,1,3,22,9,2,13,5,2,5,9,0,17,1,6,0,6,6,1,4,10,1,3,12,2,9,4,9,12,5,6,3,1,4,0,5,1,1,2,10,15,2,6,6,10,8,11,6,1,18,7,3,3,3,7,3,10,4,19,3,4,9,]
[0,0,1,1,0,0,0,1,6,6,0,3,3,3,6,2,11,1,5,0,4,0,0,1,1,3,3,1,7,4,2,4,2,2,0,1,6,2,0,3,0,2,1,4,7,1,1,5,10,5,3,2,0,0,2,2,1,2,1,7,2,4,2,2,]
[2,6,3,3,1,0,2,2,1,8,1,0,1,3,4,1,1,0,2,1,7,2,0,0,8,2,0,7,0,5,1,8,3,0,2,3,1,1,4,5,3,1,3,5,2,0,2,2,4,4,4,0,0,4,2,2,0,2,2,2,2,7,0,1,]
[276,429,15,38,66,140,108,109,89,288,260,101,214,166,46,190,40,60,77,448,248,45,240,73,34,237,146,252,252,311,114,141,42,178,106,104,563,181,98,382,156,212,89,128,218,59,188,102,144,51,24,149,144,129,76,21,123,114,230,119,72,155,180,151,]
[413,224,65,105,13,138,130,28,163,174,229,61,248,173,421,112,39,66,311,159,160,160,269,94,45,100,241,176,158,218,49,261,36,150,162,171,109,48,228,176,247,210,53,13,52,64,36,48,241,158,37,26,61,181,14,106,242,53,61,83,209,37,261,20,]
[4,1,3,1,0,0,0,0,0,0,1,0,1,3,0,0,0,0,2,0,0,0,2,2,2,7,1,0,3,2,2,1,0,2,3,2,2,0,1,2,0,0,2,0,2,1,0,0,0,2,1,0,3,2,3,0,0,0,2,1,0,1,3,1,]
[1,0,1,2,0,1,1,1,2,2,0,1,0,0,0,1,1,0,0,0,0,1,0,0,0,0,1,0,0,0,0,2,0,1,2,1,0,0,0,0,0,0,2,0,0,0,0,1,0,2,0,0,0,0,2,1,2,0,0,0,1,1,1,0,]
[1,1,7,1,7,1,2,1,4,5,3,4,0,1,1,3,4,2,2,5,6,3,6,3,2,3,0,1,0,0,3,6,3,0,3,1,1,0,0,0,1,9,3,2,0,3,8,3,2,3,3,1,3,4,0,1,3,3,1,2,8,5,5,4,]
[8,0,2,1,9,1,3,0,2,2,5,4,2,9,5,3,0,0,5,3,4,3,0,4,3,1,3,6,1,1,1,1,7,4,3,3,1,3,2,1,3,6,6,5,1,2,3,3,2,2,5,2,1,0,2,0,0,4,4,9,0,4,1,1,]
[4,262,96,137,74,80,51,25,43,9,238,178,49,56,9,75,476,79,175,75,366,373,84,122,69,118,264,206,324,228,104,131,525,210,72,241,132,12,158,9,5,49,82,187,178,196,59,82,191,47,96,112,32,9,39,190,147,137,500,42,27,20,57,171,]
[166,171,96,138,249,8,123,65,102,158,329,254,0,31,218,711,60,37,226,117,198,37,86,121,143,263,149,130,115,57,138,103,198,9,259,155,63,125,188,40,72,114,162,155,21,278,46,44,19,151,99,42,98,63,99,218,39,240,164,268,143,75,117,380,]
[0,3,1,1,1,1,0,1,3,2,0,0,1,0,2,0,0,2,2,1,0,3,3,4,0,2,0,2,2,2,1,1,0,0,2,2,6,3,1,1,4,1,0,0,3,0,0,0,0,1,4,2,2,1,1,1,3,3,1,1,2,3,1,2,]
[0,0,0,2,0,1,0,0,1,1,0,2,0,0,0,1,1,0,0,1,1,0,1,1,1,2,0,0,0,1,1,1,0,1,0,2,0,1,1,2,0,0,0,0,1,1,1,3,1,0,3,0,0,0,2,0,0,0,1,0,1,2,0,0,]
[0,2,4,2,0,1,5,0,1,3,0,4,7,6,0,2,5,4,5,1,4,1,2,0,0,2,2,0,2,0,3,2,1,0,0,0,5,0,1,1,1,2,6,6,2,2,0,0,4,2,4,4,0,2,0,9,4,5,1,8,1,2,0,2,]
[1,3,3,6,1,0,3,2,6,1,2,3,2,4,3,2,0,3,5,1,4,2,1,1,0,1,3,4,2,4,4,0,3,3,0,9,3,1,1,2,1,2,7,7,3,1,2,7,5,0,2,8,1,1,0,0,1,11,6,2,0,0,1,2,]
[44,91,78,61,136,42,52,185,123,323,21,222,47,94,21,59,123,161,167,79,72,40,98,17,198,249,82,272,85,178,136,173,147,212,136,237,66,149,446,281,74,55,47,33,60,81,123,108,31,558,96,346,58,104,202,174,127,93,41,206,132,140,61,89,]
[59,43,35,251,47,116,125,21,112,228,280,232,161,151,82,37,102,234,44,27,66,84,103,16,51,117,379,126,28,322,42,68,111,132,20,120,55,73,29,93,65,136,139,86,166,179,450,25,94,53,229,137,234,143,52,87,62,144,62,337,77,182,512,58,]
[0,4,0,2,4,0,1,1,1,2,1,1,1,3,0,2,1,2,1,3,1,1,0,5,1,6,0,1,0,1,4,4,0,2,0,2,4,3,2,2,1,5,0,0,1,2,4,1,2,1,0,1,1,0,2,3,1,1,1,1,1,1,0,3,]
[0,1,1,0,0,0,0,1,0,1,2,0,0,0,0,0,0,1,2,2,0,0,0,0,0,0,2,0,0,1,0,1,0,1,1,1,0,0,0,1,1,1,1,3,1,1,1,0,0,0,2,2,1,1,2,0,2,2,2,0,0,3,0,0,]
[0,3,0,2,1,2,1,1,2,5,3,3,0,0,0,5,3,6,3,2,6,5,1,4,3,5,8,1,0,2,1,6,1,1,1,2,0,1,5,3,9,2,0,3,5,0,2,1,4,6,1,2,1,1,0,4,2,4,1,0,0,8,3,3,]
[0,3,4,5,2,2,2,1,3,2,6,7,3,4,1,0,2,0,3,3,3,4,2,4,3,2,3,2,1,1,1,3,7,2,0,3,2,4,3,0,5,3,8,2,2,3,2,0,0,0,1,5,1,4,1,6,0,2,2,5,0,1,5,3,]
[8,106,278,355,54,18,153,117,138,108,508,171,14,333,42,217,21,80,150,214,81,305,54,284,145,325,729,86,100,109,149,65,116,195,121,106,97,145,462,197,107,77,269,334,206,52,40,141,44,115,267,47,351,33,69,160,60,276,134,75,14,239,441,135,]
[196,73,261,235,57,107,66,100,12,139,412,436,45,127,228,218,27,220,144,137,169,129,133,340,213,62,87,198,18,557,142,224,163,174,37,121,180,163,27,75,325,125,264,13,132,105,81,92,141,183,139,263,191,201,44,142,139,308,74,150,99,283,210,43,]
[1,0,5,4,0,0,0,0,0,0,1,0,2,1,1,8,3,3,2,3,1,2,0,2,0,2,1,2,1,0,1,0,1,0,0,3,1,2,0,3,2,1,0,0,1,0,1,2,0,0,3,4,1,2,0,0,5,2,0,1,2,2,2,5,]
[1,0,0,0,0,0,0,1,1,1,0,0,0,1,0,0,1,1,0,0,0,0,0,0,0,1,0,0,1,0,1,1,0,1,0,0,2,0,0,0,0,1,0,2,1,1,0,1,0,0,0,0,1,1,1,1,0,0,0,1,0,0,0,1,]
[1,1,5,3,6,1,0,10,4,2,5,6,6,13,3,2,6,1,2,9,7,8,3,5,2,5,8,2,4,8,1,1,1,7,12,3,2,2,6,3,1,10,10,1,0,1,7,5,5,2,4,1,0,6,1,2,4,14,17,0,7,5,10,1,]
[0,0,0,0,1,2,0,1,0,0,2,1,0,0,1,0,0,1,0,1,0,0,0,0,0,0,1,1,2,1,0,0,1,1,0,2,1,0,1,1,1,2,1,0,0,1,1,2,0,0,1,0,0,1,0,0,0,0,1,2,0,0,0,0,]
[14,14,19,8,7,0,1,1,6,5,9,18,6,4,6,4,4,9,11,6,12,16,10,2,10,8,5,5,12,11,6,13,3,10,4,1,6,16,10,7,2,1,9,3,1,8,1,1,5,6,16,9,4,2,9,4,4,4,4,0,0,14,5,9,]
[32,2,70,98,80,25,150,73,6,228,126,80,150,229,63,130,89,88,162,183,67,42,118,34,43,81,10,171,275,87,154,214,261,256,44,267,169,376,267,149,78,151,157,183,176,56,46,56,127,310,187,115,55,46,157,71,94,57,137,90,82,123,193,67,]
[71,17,47,46,53,55,40,14,125,14,23,26,52,9,72,28,69,34,48,159,30,18,83,41,78,100,9,91,42,36,51,41,147,56,89,66,16,45,54,26,61,52,7,45,15,44,26,36,29,20,33,38,25,10,3,34,33,13,46,82,81,105,27,27,]
[16,24,1,10,3,7,5,6,1,11,12,11,2,10,1,6,0,3,0,4,2,10,8,7,4,2,5,6,1,3,6,13,9,15,8,1,30,7,4,2,12,4,1,6,1,4,7,22,7,22,9,11,1,1,3,1,6,4,1,0,3,2,14,2,]
[8,11,3,7,6,4,0,8,17,1,6,0,6,19,10,2,10,3,6,5,4,2,5,3,5,8,2,1,3,1,3,7,4,19,9,13,3,9,1,6,3,2,5,0,6,5,0,6,4,9,4,5,13,5,11,9,3,4,4,7,2,8,4,8,]
[5,0,6,1,4,1,2,1,1,0,3,0,1,5,0,0,2,2,3,1,4,7,1,4,3,1,2,3,5,4,4,4,1,2,6,0,0,2,0,2,3,0,2,2,0,1,4,1,4,2,1,1,2,2,0,8,1,1,1,1,4,7,3,1,]
[10,5,1,3,2,2,6,4,5,2,2,0,5,1,2,1,2,1,1,1,1,6,3,5,1,2,3,1,0,5,2,4,8,5,3,2,1,0,2,2,6,5,1,0,4,4,1,2,1,0,2,2,3,2,1,2,2,3,10,6,0,2,2,3,]
[30,119,179,320,117,342,88,64,109,372,95,103,125,94,12,283,56,64,244,64,48,86,185,184,30,227,235,218,113,26,388,138,252,161,88,113,175,93,89,58,53,199,57,187,184,310,111,64,772,206,279,113,60,73,162,114,254,321,72,26,62,18,309,202,]
[274,179,300,167,70,141,183,264,143,134,15,159,138,79,62,164,56,104,133,114,135,64,244,238,119,35,24,386,62,84,3,176,223,322,186,94,57,129,330,272,87,162,129,290,102,44,39,59,254,150,85,48,102,16,55,64,99,30,34,113,89,52,35,29,]
[0,0,4,1,0,1,1,1,3,0,2,3,1,0,5,0,4,1,0,4,2,0,2,0,4,1,2,0,2,1,1,5,0,0,3,3,3,0,1,0,0,0,3,0,1,1,2,2,2,2,0,2,1,2,2,1,3,2,1,1,5,0,1,5,]
[2,1,0,0,0,1,1,0,0,0,0,1,0,0,0,1,0,1,2,0,0,0,1,1,0,1,1,1,2,0,0,1,2,1,0,1,1,0,0,0,1,1,1,0,0,2,1,0,2,0,0,0,0,2,1,1,0,0,2,0,0,0,0,2,]
[4,0,10,4,3,9,1,3,1,2,2,1,2,0,5,1,2,5,2,5,4,2,7,3,4,2,0,1,3,0,2,1,8,0,5,6,2,1,8,4,3,3,0,3,1,6,1,0,2,1,0,7,2,2,2,3,2,2,3,0,5,0,1,4,]
[3,1,0,0,6,7,2,2,6,7,1,4,5,1,1,0,5,3,1,5,2,8,1,2,2,5,1,0,2,1,3,1,0,1,1,2,0,5,4,4,2,2,5,3,3,1,1,2,5,1,4,3,0,3,1,2,1,2,2,0,4,7,1,6,]
[201,149,94,272,103,69,30,55,222,8,9,182,158,61,182,362,318,119,88,122,120,51,90,166,39,584,60,34,100,430,31,154,130,74,98,256,154,56,213,47,213,96,104,32,159,254,301,115,61,63,126,456,50,34,51,28,75,336,95,167,305,134,346,101,]
[283,67,106,90,76,176,171,58,129,107,65,106,104,67,92,529,57,84,138,66,196,64,418,224,265,95,166,148,144,347,163,103,60,263,203,107,151,230,166,172,213,41,20,152,174,300,195,108,19,36,24,293,45,68,92,127,213,7,254,197,3,104,239,234,]
[1,0,1,3,4,1,2,1,0,1,0,2,3,0,5,1,0,3,1,3,1,2,0,3,3,0,0,0,4,1,1,0,0,0,2,0,3,3,2,2,1,2,3,1,0,1,2,1,6,3,0,2,0,1,2,1,4,2,4,2,3,2,3,1,]
[0,1,0,0,0,0,2,0,0,0,0,2,0,0,1,0,0,1,2,1,0,3,1,1,1,0,3,1,1,0,0,0,1,0,0,0,1,0,0,0,2,0,0,0,1,0,1,0,0,0,0,0,0,0,1,0,0,0,0,1,0,0,0,0,]
[7,2,1,0,3,1,2,2,4,1,0,0,5,2,1,2,13,0,4,7,3,10,3,1,6,0,2,3,1,1,3,4,4,0,7,5,2,5,2,7,4,0,5,2,3,0,3,0,1,0,2,1,6,3,1,2,2,1,2,3,3,1,2,0,]
[0,6,1,2,1,0,2,6,2,1,0,4,1,0,0,3,1,0,2,2,0,4,0,3,2,1,7,2,9,0,4,5,1,3,3,0,0,3,11,0,7,5,2,0,1,6,3,0,1,0,2,0,1,2,7,0,6,2,1,12,0,7,1,3,]
[261,309,426,418,245,156,213,59,82,280,21,178,155,533,264,44,205,192,39,209,115,513,78,188,147,25,169,90,94,130,150,120,154,84,46,420,221,150,36,51,137,142,171,40,196,24,24,230,59,298,138,123,90,242,81,38,44,188,113,73,80,152,190,219,]
[276,125,262,50,107,169,217,87,71,283,71,223,186,61,294,25,98,164,100,189,109,174,396,61,137,221,88,42,25,40,76,116,49,43,256,352,221,153,81,87,160,292,156,54,238,57,150,207,271,132,97,32,112,111,185,85,40,330,44,241,303,306,161,58,]
[0,0,0,1,3,2,1,1,3,0,2,0,3,2,2,2,1,2,2,2,1,3,2,3,1,2,1,3,0,1,0,1,0,2,0,1,1,0,1,1,2,0,0,0,3,0,3,0,2,0,5,2,0,1,0,3,1,2,3,1,1,0,1,0,]
[0,0,0,0,0,2,5,1,0,0,0,0,0,0,0,1,1,1,0,1,0,1,1,0,2,0,0,1,0,2,0,0,0,0,0,0,0,0,0,0,0,2,2,0,1,0,0,0,2,0,0,0,0,0,0,2,0,0,0,0,0,0,1,0,]
[5,3,2,1,1,1,2,2,3,3,1,0,2,3,2,3,1,5,7,5,0,2,0,2,6,1,7,3,1,4,4,2,1,1,4,1,3,1,0,9,3,7,1,0,1,2,5,6,5,2,1,4,0,1,2,2,1,0,0,4,3,1,1,2,]
[3,0,5,4,0,2,4,1,5,1,1,5,5,1,9,1,1,2,3,0,0,1,7,0,2,1,6,7,2,3,4,1,5,1,12,5,0,4,0,4,1,5,1,8,3,9,3,7,1,0,2,2,5,0,5,2,2,3,8,2,5,1,3,3,]
[69,157,177,244,184,375,213,176,125,30,172,111,232,189,137,421,73,435,13,215,104,137,53,112,106,25,224,28,119,211,462,93,140,61,131,85,36,157,41,291,27,96,109,164,210,25,12,130,12,219,158,77,326,85,118,154,395,38,285,50,67,48,162,74,]
[283,262,2,64,340,277,507,141,22,108,90,106,143,157,128,296,171,396,41,46,29,125,97,169,203,49,317,107,13,88,236,274,30,61,83,36,75,23,39,88,236,67,225,53,110,65,310,418,121,344,17,182,138,69,77,105,37,28,309,116,60,92,49,80,]
[1,0,1,0,0,0,0,2,2,2,0,2,0,1,1,4,1,3,2,3,1,3,0,1,3,0,0,0,2,1,1,3,3,0,1,1,4,0,2,0,3,2,0,1,2,1,0,0,1,1,4,2,3,2,0,0,4,2,1,1,6,3,1,0,]
[0,3,0,0,0,1,0,2,1,1,0,2,0,1,0,1,0,0,0,1,0,1,1,0,0,0,1,0,1,1,2,1,0,0,2,0,1,1,2,1,0,1,0,3,0,1,1,0,0,1,1,1,0,1,0,1,0,1,0,1,0,0,2,1,]
[0,3,0,4,10,13,4,11,9,3,7,8,8,6,4,0,1,15,0,4,4,3,5,12,0,12,1,5,6,8,1,4,20,3,10,4,5,0,2,11,6,4,9,1,4,4,18,10,5,1,8,2,3,9,2,1,3,5,2,4,5,0,4,10,]
[0,0,1,0,1,1,1,0,2,3,0,1,1,0,1,1,0,0,1,0,0,1,0,0,0,0,0,2,0,1,1,0,1,0,0,0,0,0,0,0,2,2,1,0,1,0,2,1,0,0,0,1,0,1,1,3,1,0,0,0,0,0,1,0,]
[6,6,4,3,5,4,2,6,5,2,8,8,1,13,28,1,4,9,3,5,8,2,1,4,3,14,8,16,4,2,3,7,2,2,20,1,7,2,8,4,10,5,6,11,10,12,8,1,3,2,8,2,4,6,16,3,4,1,4,12,2,0,5,7,]
[71,238,183,26,260,58,260,58,221,353,255,113,45,117,161,79,59,73,282,58,77,190,48,45,150,89,427,153,71,36,105,63,55,103,214,196,109,80,300,25,153,171,232,74,44,88,75,61,226,233,176,41,95,121,103,249,230,264,243,110,188,240,128,243,]
[35,6,38,48,38,84,13,157,84,26,23,113,60,47,103,46,9,32,17,31,57,55,43,17,46,18,26,45,23,138,71,18,137,29,53,19,38,21,122,15,50,2,50,32,35,22,25,52,3,19,24,64,72,17,24,35,35,9,38,75,21,8,60,34,]
[2,8,8,4,15,2,9,0,3,3,22,2,2,0,9,8,0,15,11,16,7,3,13,3,14,8,10,1,13,1,5,3,3,3,1,10,5,1,1,1,1,1,1,7,2,5,3,10,4,4,4,1,8,11,9,4,13,6,10,6,4,3,6,18,]
[9,1,3,1,3,4,17,1,0,7,5,5,3,3,4,5,1,5,4,6,5,3,2,5,3,0,4,5,6,2,3,10,3,1,4,7,10,5,3,22,2,9,8,0,4,5,7,11,5,1,5,4,17,1,3,5,5,9,7,1,17,4,12,18,]
[2,5,6,1,1,2,9,2,0,0,3,5,3,0,3,2,1,3,0,0,3,5,2,1,6,5,3,3,3,0,0,0,2,3,6,1,0,2,3,1,3,1,5,3,8,2,2,4,6,2,1,0,0,1,1,5,1,5,0,3,5,4,2,0,]
[1,0,2,3,4,11,0,3,2,2,5,2,1,2,0,2,1,4,2,2,2,0,1,5,1,4,4,0,2,13,2,3,1,2,1,2,2,4,4,10,2,1,1,3,0,2,1,6,2,2,5,1,2,2,3,1,2,0,2,4,1,1,1,1,]
[66,42,128,187,27,191,373,99,299,324,334,186,146,231,34,51,74,32,98,417,156,137,105,156,187,84,53,114,140,78,126,125,32,206,101,60,14,152,175,241,90,29,114,107,33,23,23,23,197,148,76,268,38,63,293,167,77,42,56,37,70,94,398,54,]
[81,75,117,141,337,16,34,147,6,14,190,196,50,238,248,174,142,182,26,94,33,69,10,118,130,63,58,124,15,320,58,111,436,24,280,73,85,76,229,31,402,84,320,107,62,346,150,185,40,205,106,48,29,262,83,32,71,84,117,100,34,116,143,333,]
[1,4,1,5,0,1,3,1,3,2,0,0,1,1,0,1,3,5,0,3,2,2,1,1,1,0,2,1,3,1,1,1,1,1,0,1,1,0,1,2,0,0,1,0,3,1,4,3,1,0,7,1,1,0,1,2,4,1,0,0,3,0,0,0,]
[2,0,0,1,1,1,0,0,1,1,0,1,1,1,1,0,0,1,0,0,0,0,2,2,0,0,0,0,1,1,0,0,0,0,0,0,0,0,0,1,1,0,0,0,0,0,2,0,0,1,1,2,1,0,1,1,2,2,1,0,0,0,1,0,]
[2,2,2,4,2,9,4,2,5,2,1,2,0,0,4,5,2,2,2,0,0,2,0,2,3,0,0,1,2,1,1,3,4,3,3,2,2,1,0,2,3,1,2,4,0,1,1,2,8,2,0,0,2,1,2,6,0,8,1,0,3,1,0,6,]
[1,6,2,7,1,3,2,5,3,4,13,1,1,3,1,0,6,1,2,2,1,1,1,0,2,0,5,2,1,1,2,3,1,1,5,2,1,3,0,0,3,2,1,1,5,2,3,7,5,1,1,3,1,6,7,2,2,1,1,2,5,4,1,3,]
[215,79,581,72,166,52,38,85,148,191,6,108,43,209,85,231,45,100,267,80,297,160,205,187,214,41,534,45,237,103,480,35,250,66,24,263,267,236,111,161,85,30,404,34,225,190,66,46,20,87,80,18,195,48,206,131,42,153,228,99,100,73,57,199,]
[86,182,65,109,122,185,38,223,143,203,128,24,246,27,82,95,165,36,114,25,119,29,234,123,438,49,28,473,120,155,103,217,115,9,224,42,201,57,289,73,237,169,152,149,11,105,112,119,58,117,175,116,65,73,60,308,86,195,84,214,142,167,36,367,]
[0,0,1,7,0,1,3,2,1,2,1,3,2,1,1,3,0,3,1,0,5,2,0,4,1,2,1,3,1,1,3,1,0,2,2,1,1,0,2,4,1,0,0,1,0,0,0,1,2,1,0,0,1,2,1,2,2,0,4,1,0,2,1,4,]
[0,1,0,1,0,0,0,1,2,0,1,0,0,1,2,1,1,2,0,2,1,1,0,0,1,0,0,0,1,1,1,0,0,0,0,3,0,0,0,0,0,0,1,0,1,2,1,1,1,1,0,0,0,0,0,1,1,2,0,0,0,0,0,0,]
[7,2,0,2,1,2,1,1,1,3,2,5,8,3,1,3,1,4,5,5,2,4,3,1,0,7,1,2,3,2,1,1,1,1,0,5,2,3,1,5,3,6,2,2,5,10,4,1,1,2,2,0,6,4,2,3,4,2,3,2,2,2,1,2,]
[2,3,2,3,0,3,2,0,0,1,0,9,3,1,7,6,2,2,0,2,1,5,1,1,3,2,1,8,1,4,2,0,3,4,1,2,0,1,7,0,0,3,1,6,1,3,3,2,9,8,1,8,5,1,7,3,0,1,2,1,4,2,1,2,]
[293,129,77,54,66,515,50,115,320,218,342,107,117,275,61,119,65,174,251,72,68,35,57,82,290,51,146,113,85,178,428,183,79,19,485,59,69,26,62,40,127,39,298,118,196,189,75,56,330,55,101,31,191,99,209,82,104,60,265,108,232,86,94,424,]
[44,314,202,36,84,98,62,239,59,73,17,80,71,42,159,108,98,21,203,162,67,165,146,90,136,326,351,237,128,154,190,140,67,408,163,65,123,75,95,41,123,85,124,41,68,118,102,215,70,86,78,74,40,41,240,110,114,108,313,21,30,62,107,16,]
[1,0,0,2,1,1,1,1,1,1,1,1,3,1,0,0,0,0,2,2,1,0,0,3,1,1,2,0,0,3,0,1,0,3,0,1,2,1,3,0,4,0,1,2,3,1,1,4,3,6,2,1,0,0,2,4,2,2,3,4,0,3,3,3,]
[0,0,0,1,0,2,0,0,1,0,0,1,0,1,0,3,2,1,0,0,0,2,0,0,0,0,3,0,0,0,2,0,1,0,1,0,3,0,1,0,1,0,0,1,1,2,0,0,0,1,0,1,1,1,0,4,0,0,0,1,1,0,1,0,]
[3,0,6,3,0,1,8,1,6,3,1,0,0,0,4,4,1,1,3,4,3,0,0,5,0,3,5,1,3,1,4,10,2,1,2,1,0,2,0,5,1,2,2,0,4,0,0,1,0,4,1,5,4,1,4,9,6,1,0,0,0,1,3,5,]
[3,0,0,1,2,0,0,3,2,10,3,0,3,0,3,1,1,3,4,0,2,1,4,6,1,8,0,1,7,4,0,7,1,4,0,1,1,1,3,4,1,4,4,2,2,1,0,1,3,1,3,2,2,0,3,6,3,4,0,3,2,2,6,3,]
[39,121,12,65,56,37,193,65,8,75,84,81,75,82,105,389,209,111,53,18,254,64,104,16,133,140,97,95,67,323,167,118,145,189,17,170,420,30,136,524,148,164,48,58,118,85,119,34,276,128,114,286,95,145,91,136,165,125,271,55,90,129,48,104,]
[348,142,102,10,175,247,171,124,129,85,257,69,226,93,36,73,185,253,501,408,43,25,86,153,63,100,91,139,84,63,151,133,537,84,90,204,198,41,439,87,84,55,99,30,285,186,201,472,71,296,102,23,383,39,72,188,21,28,143,190,115,42,150,98,]
[1,1,1,0,1,0,0,2,1,1,0,0,2,0,3,0,3,3,0,0,0,3,2,4,1,2,3,1,1,0,0,3,1,1,0,2,2,0,3,3,3,1,2,2,3,0,2,1,0,2,0,2,1,1,0,1,3,2,1,0,0,1,3,0,]
[2,0,0,1,0,2,0,2,0,0,2,0,0,0,1,1,0,0,0,0,0,0,0,1,0,1,1,0,1,1,0,1,0,2,0,1,0,1,0,1,1,0,0,1,0,0,1,0,1,1,1,0,0,1,0,0,1,0,0,0,0,0,1,1,]
[5,13,5,1,2,4,2,8,7,2,3,5,6,2,9,6,2,5,1,2,14,3,7,2,2,0,3,3,5,0,5,9,1,14,13,2,3,7,3,1,7,2,1,24,1,1,10,4,1,6,7,0,2,10,10,6,1,3,3,4,0,0,6,5,]
[2,0,0,2,0,0,0,0,1,2,1,0,3,0,1,0,0,1,1,1,1,0,3,0,0,0,0,1,0,0,1,2,0,0,0,0,3,2,0,1,0,1,0,2,0,0,0,0,0,0,1,0,0,0,0,0,0,0,3,2,1,0,1,1,]
[5,1,5,5,6,10,10,3,16,4,12,12,13,8,2,4,3,4,5,10,14,10,1,11,6,6,14,3,21,0,7,2,2,4,5,8,2,13,13,20,9,5,7,5,22,10,7,5,2,8,5,9,11,3,12,2,3,10,12,12,9,3,14,1,]
[78,35,204,641,24,26,253,104,166,22,196,142,341,181,111,283,8,88,192,85,147,110,171,218,206,149,45,338,245,250,121,185,210,115,48,61,77,96,30,76,8,230,162,137,149,76,234,187,186,56,162,200,4,71,46,66,28,209,64,102,37,155,552,134,]
[40,64,44,13,8,10,16,80,39,22,41,55,20,29,33,34,81,47,67,51,71,82,34,12,5,25,20,19,80,11,15,23,40,45,133,36,50,19,93,8,17,21,118,48,37,15,20,28,17,70,30,18,96,13,25,24,130,18,102,47,25,100,20,4,]
[13,5,1,1,5,0,8,18,3,9,6,2,14,9,8,9,2,1,5,5,2,7,4,6,6,10,7,5,15,4,3,12,14,7,9,7,5,4,10,2,5,18,3,3,0,1,4,2,6,1,14,1,4,6,1,1,3,9,1,3,9,1,6,6,]
[5,8,2,1,7,1,2,8,0,13,5,13,16,9,9,2,0,0,5,12,2,8,9,13,25,13,5,6,6,11,4,17,4,7,5,12,0,9,9,4,8,8,1,5,4,4,1,18,0,5,4,0,4,1,15,1,2,15,1,4,7,1,11,2,]
[3,0,3,5,0,1,2,3,3,4,4,0,1,4,0,2,4,0,1,4,2,3,1,1,1,4,1,2,8,2,0,2,0,1,3,0,1,3,2,4,1,5,2,7,7,3,4,0,1,1,5,3,3,0,0,3,1,11,0,6,3,3,0,1,]
[2,2,3,8,4,6,0,2,5,2,5,2,0,5,3,1,2,10,2,3,0,0,15,4,2,10,0,6,1,2,0,5,3,1,0,0,3,1,1,1,3,3,4,5,0,6,4,4,3,5,2,1,4,3,4,3,8,6,3,1,0,3,5,1,]
[71,128,121,124,98,51,50,139,91,90,35,135,168,42,67,62,100,166,109,121,124,20,39,3,41,102,87,139,107,44,53,162,211,125,167,450,141,11,129,231,500,129,321,45,204,365,10,107,200,194,61,115,81,145,202,225,194,31,57,126,33,33,147,36,]
[243,273,130,183,131,93,102,95,14,154,537,60,156,305,46,98,233,123,48,90,111,399,173,128,22,18,6,171,64,149,414,240,42,44,194,12,120,329,67,166,330,164,73,291,294,84,3,66,55,254,133,288,191,203,183,167,43,32,232,26,126,79,88,176,]
[2,1,1,1,1,1,2,1,1,2,3,3,0,0,1,0,2,0,0,3,2,0,0,1,2,1,0,0,1,3,7,0,0,1,0,9,0,0,0,3,2,3,1,0,1,0,5,0,2,1,1,0,0,0,0,5,1,2,0,2,1,0,1,2,]
[1,0,0,1,0,0,0,0,0,0,0,1,1,0,0,0,0,0,1,0,1,0,0,0,1,2,1,0,0,1,1,0,1,0,0,0,0,1,1,0,0,0,2,2,0,1,0,0,0,0,1,3,1,1,0,0,0,0,0,0,0,0,1,0,]
[4,4,1,2,3,4,4,3,1,6,5,1,2,3,4,2,0,0,1,4,3,1,2,2,11,7,1,1,3,4,0,0,4,0,3,9,0,4,0,3,0,3,1,2,0,0,1,0,3,3,4,5,5,0,4,2,0,3,2,5,3,4,5,1,]
[2,2,5,1,2,1,3,2,0,3,1,3,0,1,3,1,0,3,3,2,3,3,1,1,7,6,6,8,1,4,1,1,4,0,1,1,0,2,2,4,5,2,5,3,1,3,8,0,0,1,3,1,4,4,0,0,12,3,4,0,3,4,3,1,]
[195,109,815,98,54,138,94,65,50,99,100,75,145,203,81,109,146,64,114,121,107,164,257,367,33,39,53,89,248,171,111,119,78,91,112,155,58,142,39,135,227,238,58,47,520,151,171,279,113,40,364,318,102,201,126,272,87,43,85,167,25,311,149,109,]
[75,143,231,176,373,159,57,289,89,45,44,342,34,52,57,150,83,90,80,14,92,113,65,55,158,169,51,75,78,66,27,33,65,229,194,21,454,184,42,254,25,196,19,256,237,150,47,46,59,156,227,320,63,51,95,104,80,50,40,136,29,10,89,399,]
[1,4,4,0,0,6,0,1,4,1,1,0,1,2,2,0,0,0,0,2,0,2,2,0,1,3,3,2,3,0,4,1,1,0,1,0,5,1,1,2,0,1,1,1,1,2,2,1,0,4,6,0,2,2,1,0,1,2,2,0,2,4,3,1,]
[3,0,0,1,2,0,0,1,1,3,1,1,1,0,0,0,1,2,0,1,0,1,2,1,0,1,0,1,1,0,0,0,0,0,1,1,2,0,0,0,1,0,0,0,0,1,0,0,0,2,0,0,1,0,3,0,1,1,0,1,0,1,0,1,]
[6,1,0,1,1,0,2,6,3,2,4,2,3,3,1,0,7,1,2,0,1,2,3,3,6,4,1,1,3,3,3,5,5,10,0,1,0,2,0,6,1,3,0,1,2,2,2,13,3,4,7,2,3,2,0,1,3,3,2,4,5,6,5,4,]
[4,0,2,1,1,0,2,1,2,3,0,1,2,0,0,5,2,3,1,1,1,1,0,0,9,3,2,2,2,5,6,8,2,2,1,3,1,2,2,0,0,3,0,4,3,7,3,4,2,4,2,1,0,2,1,1,0,1,1,2,2,1,1,0,]
[60,78,99,132,135,30,116,121,179,180,207,368,23,126,26,30,84,42,494,149,44,159,135,40,83,46,144,144,29,97,339,102,108,259,36,15,88,53,154,69,317,56,224,265,42,106,68,287,279,51,302,306,16,207,137,47,184,186,45,163,196,129,327,111,]
[70,343,208,336,41,186,145,105,228,58,130,399,78,202,106,248,142,193,104,112,176,65,68,350,177,175,92,164,198,76,74,22,46,26,40,35,61,135,100,120,16,63,124,149,220,284,157,58,95,114,155,193,181,226,155,255,157,178,135,199,200,152,111,84,]
[1,3,3,1,3,2,0,1,3,0,1,1,1,4,0,4,0,0,1,0,0,1,6,2,2,0,2,0,1,1,3,1,0,0,3,1,2,0,1,0,3,1,2,2,0,1,1,2,0,2,0,2,0,2,0,2,2,0,3,1,0,0,0,0,]
[2,5,0,1,0,1,1,0,0,2,0,1,0,0,0,0,1,1,1,0,0,0,1,0,1,3,1,1,0,1,0,0,0,0,1,0,0,0,0,0,1,0,0,0,1,0,1,0,0,2,0,1,0,0,1,3,0,0,0,0,0,0,1,0,]
[2,4,5,0,8,1,3,3,0,7,1,0,2,0,3,3,3,1,0,7,2,1,1,6,1,0,0,4,6,2,4,3,2,2,4,2,5,6,1,1,2,4,5,1,6,2,3,1,0,1,1,2,3,4,1,4,4,1,2,0,0,4,0,3,]
[2,4,2,1,3,0,1,0,3,3,3,0,1,4,0,2,3,4,15,1,3,0,1,6,1,1,2,2,4,2,0,1,5,1,0,3,4,1,11,0,2,4,5,3,3,2,2,0,3,5,5,0,1,0,0,7,1,12,1,1,1,7,2,1,]
[32,65,101,223,75,179,86,82,724,113,34,42,82,41,305,228,91,46,127,80,30,241,136,31,107,64,140,345,87,239,127,36,66,226,79,231,44,202,78,478,300,198,133,125,94,207,125,170,107,87,104,409,231,93,100,194,142,12,118,135,132,67,32,208,]
[179,270,41,190,58,151,40,155,197,184,48,313,45,51,132,156,162,70,81,37,131,110,405,33,132,50,151,51,364,373,209,101,34,40,225,15,47,20,391,173,180,221,76,126,88,8,130,121,60,150,206,229,16,78,249,489,301,168,288,148,109,190,161,54,]
[1,2,2,5,0,1,0,2,0,1,1,1,2,3,2,0,0,0,0,1,4,1,0,1,4,1,2,7,2,1,0,1,2,1,1,3,2,0,4,1,5,3,2,2,1,4,1,2,0,1,0,4,2,7,1,1,2,2,0,1,5,0,0,1,]
[0,0,0,1,0,0,1,0,2,0,0,1,1,1,0,0,1,0,0,1,0,1,0,0,1,0,0,0,0,0,0,0,0,1,2,0,1,0,1,0,0,1,0,0,1,0,0,0,0,1,0,0,1,0,1,0,0,0,1,0,0,0,0,0,]
[1,7,15,3,1,0,6,2,8,5,4,6,1,6,4,8,5,1,5,8,4,4,3,2,8,9,7,5,11,3,2,2,1,3,2,12,2,14,1,0,2,7,4,1,4,3,4,16,4,3,5,4,7,12,3,2,3,6,6,7,5,0,11,6,]
[1,1,0,0,0,0,1,0,1,0,3,0,1,1,0,0,0,0,1,1,1,0,1,1,0,0,0,0,0,0,0,1,1,0,0,0,0,0,0,1,0,2,0,0,0,0,1,0,1,0,1,1,1,0,1,1,2,1,0,0,0,2,1,0,]
[2,3,11,3,0,5,9,17,8,6,0,15,8,2,10,10,0,2,2,8,1,1,4,10,4,9,5,2,5,2,1,14,1,6,6,11,11,12,3,22,6,14,17,3,1,12,13,5,6,2,4,13,9,5,3,10,5,0,3,5,5,3,0,1,]
[97,73,123,43,84,259,23,72,340,66,310,16,34,91,221,187,27,15,249,98,37,36,71,195,171,124,91,96,137,172,29,113,157,31,118,87,58,64,8,85,126,269,6,123,109,187,448,45,215,52,71,59,52,190,60,31,193,122,180,144,9,207,54,51,]
[76,42,155,22,31,35,12,22,42,78,114,4,65,9,2,22,39,88,11,31,124,9,23,9,97,26,6,83,35,17,14,5,18,16,36,68,43,32,126,33,27,82,39,82,26,23,61,14,31,13,79,109,17,75,59,168,11,6,32,47,82,43,29,10,]
[14,2,2,12,4,1,1,2,1,7,2,2,3,12,0,0,2,15,0,5,4,0,9,2,7,2,0,11,0,4,8,5,4,5,1,1,2,0,8,9,3,6,1,3,3,3,4,15,9,5,6,5,2,0,4,9,6,14,11,4,3,0,14,11,]
[9,5,9,6,2,6,9,1,0,4,2,0,6,4,2,0,12,7,17,0,10,3,3,5,1,7,11,4,2,2,2,1,1,5,8,1,12,3,8,2,4,6,5,5,10,9,3,2,7,5,14,9,1,13,0,4,2,7,16,3,14,10,4,3,]
[1,3,3,1,1,1,2,2,6,8,0,2,5,4,1,4,2,0,2,0,5,4,3,1,4,3,2,2,2,0,1,1,2,0,1,1,1,0,0,2,1,1,3,4,8,3,3,7,2,0,2,4,2,3,3,2,3,4,6,6,0,2,0,1,]
[6,4,2,13,3,2,6,1,0,2,1,6,3,0,1,1,3,2,2,1,8,1,0,1,0,1,2,0,1,0,2,2,7,4,3,0,1,1,5,3,2,5,1,2,2,5,4,4,1,5,2,0,1,2,11,0,0,7,3,0,2,6,1,4,]
[75,143,51,146,86,60,176,120,27,154,83,43,230,68,559,13,52,200,354,69,75,149,48,43,206,24,122,39,144,22,469,48,94,71,241,19,164,23,77,29,205,84,31,63,60,555,130,72,83,62,241,263,45,43,130,510,384,123,227,356,123,400,100,25,]
[196,50,39,335,108,447,50,42,107,211,76,237,42,73,253,102,85,149,125,127,122,35,66,78,195,27,17,83,172,257,499,77,46,259,155,118,63,93,172,39,28,180,148,268,219,114,174,90,170,187,43,157,141,81,140,103,205,121,297,105,412,207,140,63,]
[0,0,0,0,1,1,1,0,0,1,1,1,1,1,1,7,2,6,0,1,0,2,0,3,4,0,2,0,2,0,1,1,1,2,0,0,1,1,0,0,1,1,0,0,7,0,7,1,1,3,0,0,1,1,1,0,2,0,5,2,1,0,0,0,]
[0,0,1,0,1,0,1,0,1,0,0,1,0,0,0,0,1,0,0,0,0,1,0,2,1,0,0,1,1,0,0,0,2,0,2,2,0,0,0,0,0,0,1,0,0,2,0,1,0,2,1,0,0,0,1,0,0,0,0,1,0,0,0,0,]
[2,1,1,3,5,1,0,6,2,4,6,0,0,7,0,1,3,9,1,2,6,1,1,1,4,2,0,1,0,4,5,5,1,1,3,0,0,2,2,2,2,1,2,4,5,1,0,2,0,2,0,0,3,1,0,10,7,4,7,1,1,0,0,4,]
[3,3,3,3,0,5,1,3,4,4,3,4,1,1,1,0,1,7,4,2,6,0,0,2,2,4,3,1,2,3,0,4,1,5,2,2,1,0,2,1,5,3,5,6,2,8,7,4,2,1,2,2,0,4,1,3,0,3,4,1,0,10,3,1,]
[133,98,77,6,23,57,120,142,104,146,94,198,53,137,242,70,11,86,136,84,95,33,50,20,255,118,238,67,505,64,102,85,83,46,102,162,52,165,72,94,73,188,116,96,225,141,66,135,285,53,81,35,323,186,188,298,153,83,92,95,82,83,127,152,]
[209,156,108,105,280,20,216,39,304,29,136,9,22,223,238,71,181,135,346,193,180,28,306,61,127,13,170,348,104,44,104,272,147,63,368,59,142,118,116,181,294,173,17,156,169,242,18,149,5,96,169,267,16,64,209,77,119,155,170,155,265,84,79,45,]
[1,2,2,4,0,0,1,1,0,4,2,0,1,1,2,1,2,1,2,2,2,3,3,0,0,7,3,1,1,1,2,0,0,3,1,1,0,0,0,3,3,2,2,1,0,1,0,7,0,1,0,1,3,0,5,1,0,6,1,2,2,2,1,2,]
[0,1,0,0,0,0,0,1,1,0,0,2,0,0,0,0,1,0,2,1,1,0,0,1,0,1,1,1,3,1,1,1,0,0,1,0,2,1,0,1,0,0,0,1,0,0,1,0,0,0,0,0,0,0,2,1,1,0,1,0,0,0,0,0,]
[5,0,2,2,0,4,1,1,3,1,5,5,1,3,2,2,4,4,4,3,4,1,4,2,2,2,2,1,7,4,5,1,2,0,3,0,3,2,7,1,4,6,4,3,4,0,3,0,6,4,2,2,0,5,1,3,1,2,2,2,9,6,2,1,]
[0,3,2,5,5,7,0,2,2,0,2,4,8,3,0,0,3,0,1,2,0,2,5,4,6,3,1,4,4,3,0,3,2,4,1,0,0,2,3,3,1,1,0,4,1,1,9,0,3,3,6,0,4,2,4,1,2,0,3,3,2,0,3,7,]
[211,139,8,97,228,110,53,99,119,207,117,104,133,81,50,96,115,42,91,36,29,183,38,655,82,150,132,83,109,232,183,146,186,199,61,238,31,249,21,90,140,93,67,71,75,149,319,53,67,96,222,118,43,148,205,111,200,83,52,65,71,55,36,79,]
[154,149,45,209,77,309,130,350,267,200,33,49,300,4,141,14,70,159,108,89,169,56,74,50,270,90,28,204,234,60,67,386,29,43,68,142,308,441,97,142,100,45,38,29,75,363,37,252,93,120,194,204,54,482,180,26,9,302,172,35,59,65,130,40,]
[2,2,1,5,1,5,0,2,1,1,0,3,0,1,1,0,1,1,2,1,0,1,1,1,0,3,0,2,1,0,1,2,4,2,0,0,1,0,1,1,2,1,1,1,0,0,0,3,3,1,2,0,0,2,3,1,1,0,1,3,3,1,2,2,]
[1,0,1,2,0,0,0,0,1,1,3,0,1,1,0,0,0,0,1,1,1,0,0,0,0,0,0,0,0,0,0,4,2,2,0,1,1,0,0,2,1,1,0,1,0,2,0,0,2,0,1,0,0,0,0,0,1,0,2,0,0,0,0,0,]
[0,1,1,0,5,2,5,0,1,0,2,0,3,10,2,2,1,6,1,6,6,2,3,8,3,5,2,0,3,4,2,0,2,1,2,0,1,1,1,2,1,1,5,4,2,3,1,1,2,1,8,1,2,6,1,3,1,4,1,1,1,1,0,2,]
[0,2,3,2,1,4,5,3,3,0,3,5,1,4,3,2,1,3,0,2,1,4,2,0,0,2,1,4,0,2,6,0,7,0,2,1,1,1,4,7,2,3,0,5,0,0,6,4,1,5,1,0,3,3,3,2,6,0,1,0,0,1,3,0,]
[31,46,141,59,241,285,69,145,332,282,104,209,110,122,180,116,122,58,79,134,43,376,372,58,89,82,100,76,261,160,112,166,30,342,364,201,57,358,35,93,134,95,142,21,214,31,109,14,22,124,205,167,322,232,191,167,122,68,202,74,126,111,257,180,]
[7,8,80,243,82,28,142,172,67,168,256,98,168,125,476,375,74,85,290,130,43,22,24,143,153,251,101,160,21,196,159,299,134,303,67,39,123,184,52,116,245,26,62,21,54,81,437,75,4,282,188,344,73,45,151,39,253,10,146,179,242,55,66,40,]
[1,1,1,3,3,0,1,0,2,3,1,1,1,1,0,1,5,4,3,3,2,2,3,4,2,3,1,5,3,4,0,0,0,0,3,5,0,0,0,5,0,1,2,1,0,1,2,3,1,1,2,2,7,2,2,0,2,3,1,5,1,0,1,1,]
[1,1,1,0,0,0,0,0,2,1,0,0,2,0,1,1,1,0,0,0,1,0,1,1,0,0,0,0,0,1,0,2,2,0,0,1,0,1,0,0,0,1,1,1,0,1,0,1,1,0,0,1,0,1,1,1,0,0,0,1,0,0,0,0,]
[3,6,16,14,1,18,3,6,3,7,14,3,1,0,1,7,4,2,4,3,8,3,2,16,6,7,11,2,6,7,6,7,4,3,1,17,2,4,19,4,1,2,0,11,14,5,7,2,13,13,4,0,12,5,15,4,13,7,4,5,1,3,9,1,]
[0,0,0,0,0,1,1,0,0,0,1,0,0,0,0,0,1,0,0,0,0,0,0,1,2,1,0,1,3,0,0,2,0,0,0,0,0,0,0,1,0,0,1,0,0,0,2,0,0,1,0,0,1,1,0,1,1,1,2,0,0,1,1,0,]
[5,10,5,10,3,3,5,4,16,4,35,1,1,16,15,4,1,5,1,11,9,5,20,9,5,13,2,5,10,18,3,9,4,7,2,0,1,3,7,6,9,5,17,3,11,12,4,1,3,5,5,17,2,16,14,4,25,1,11,6,2,4,13,1,]
[53,20,10,94,222,95,571,94,115,202,185,174,35,163,35,106,68,139,56,365,35,40,469,105,61,332,68,79,84,131,95,12,233,338,344,331,179,140,307,167,512,185,9,100,106,87,147,79,5,165,295,40,87,9,149,392,120,90,180,187,74,31,172,130,]
[14,201,56,69,41,20,72,52,9,85,28,35,17,61,64,6,141,18,37,24,43,30,51,38,35,36,22,151,9,13,78,16,51,57,70,10,31,29,4,70,71,51,62,49,84,46,15,50,22,26,9,4,37,80,74,29,19,18,46,19,11,44,24,29,]
[14,3,2,11,2,3,7,6,4,5,4,12,5,10,0,1,9,3,4,5,10,8,20,7,3,5,0,5,6,4,8,17,2,5,11,1,1,1,14,10,7,5,5,1,4,2,3,3,0,6,8,4,2,5,12,2,7,5,12,2,20,2,2,13,]
[3,0,4,4,1,1,4,17,6,4,3,11,8,10,7,9,10,2,11,5,7,1,5,7,4,2,7,7,19,1,5,3,8,6,2,1,4,3,4,3,3,5,0,3,0,1,3,3,18,4,10,10,5,5,4,1,6,11,3,3,12,10,3,7,]
[0,1,4,2,0,1,0,1,1,2,5,0,5,4,1,1,1,0,6,5,2,6,3,0,8,1,6,1,1,1,1,2,0,2,2,0,1,6,0,0,1,3,0,1,2,9,5,0,0,0,1,1,3,1,1,0,2,3,1,2,1,2,2,1,]
[2,0,2,5,8,0,2,4,1,3,2,0,0,1,4,3,10,6,1,1,1,0,0,2,0,2,1,2,4,1,5,4,4,1,6,2,1,1,1,2,2,3,2,0,3,3,5,3,3,2,1,1,0,0,0,3,0,2,3,3,1,5,2,0,]
[294,262,102,265,15,18,388,49,302,58,62,221,562,37,130,64,145,81,186,26,103,292,142,97,247,148,26,140,72,83,74,91,132,88,42,112,98,173,47,108,274,301,247,545,14,61,155,48,88,60,66,44,112,177,62,36,136,227,53,84,90,67,32,119,]
[14,56,181,45,274,41,155,29,87,507,19,51,116,134,248,136,253,57,69,216,97,118,138,30,101,225,64,135,93,141,131,25,123,141,82,64,181,155,16,199,55,238,172,125,48,20,325,117,16,112,35,172,246,125,105,196,56,26,137,177,74,476,18,286,]
[0,2,0,0,3,4,3,0,0,7,0,2,1,3,3,2,4,0,3,0,1,1,0,0,0,0,1,3,2,1,4,1,1,0,2,2,1,1,1,0,1,1,0,2,3,3,0,1,3,2,2,0,1,2,1,0,0,0,4,2,0,1,7,1,]
[1,0,0,0,2,1,0,0,0,0,0,1,0,4,0,0,2,1,2,0,1,3,1,1,0,1,0,1,1,0,0,1,1,0,0,0,0,0,1,0,0,0,1,1,0,1,0,0,0,0,0,2,0,1,0,1,0,1,0,0,0,0,0,0,]
[0,3,0,0,4,2,1,3,3,3,4,2,0,2,1,0,3,2,11,2,9,5,7,3,1,15,2,6,1,1,3,3,0,0,0,3,1,2,1,2,2,2,0,1,0,5,12,3,2,1,3,0,0,2,4,1,3,2,4,0,1,1,3,7,]
[1,0,0,5,5,5,5,1,2,0,3,5,3,3,3,0,2,2,5,0,1,7,0,1,1,1,1,3,0,2,5,1,1,1,4,6,0,3,1,1,1,4,2,2,1,5,5,0,3,1,0,6,3,3,2,2,1,2,3,2,2,4,0,0,]
[114,124,132,26,407,78,49,175,75,185,159,243,221,138,137,58,349,8,45,97,145,91,96,174,28,198,81,293,90,118,227,29,61,84,101,164,113,137,107,187,112,159,20,64,45,70,16,184,197,81,71,54,48,67,228,138,186,51,239,613,68,17,161,171,]
[167,102,189,29,128,37,35,47,102,170,34,113,112,106,32,258,151,135,84,34,179,168,106,108,214,38,142,224,12,558,144,51,99,55,114,1,165,112,119,187,258,46,113,33,67,338,215,417,195,320,10,42,124,18,178,29,21,96,62,108,336,254,36,63,]
[1,5,1,0,1,2,5,0,1,1,4,1,2,2,1,1,0,2,1,2,0,3,1,0,1,1,0,4,3,1,5,0,3,0,0,0,0,4,4,0,3,3,0,2,1,1,0,3,5,0,2,3,2,1,0,3,1,1,2,3,0,3,2,1,]
[1,1,0,0,0,1,0,0,0,0,0,0,1,0,1,0,0,0,6,0,1,1,0,3,1,0,1,0,0,1,0,0,0,0,3,0,0,0,0,1,1,0,0,0,0,0,0,0,0,0,0,0,2,0,0,1,0,0,0,0,1,0,1,1,]
[2,6,4,4,2,3,12,3,1,4,0,5,5,3,2,0,0,2,1,1,0,1,2,0,0,3,1,0,3,1,0,0,2,3,5,8,3,1,4,2,3,4,4,2,1,0,3,1,4,2,2,4,4,1,1,2,8,0,1,3,0,1,2,3,]
[0,4,2,3,1,6,3,0,6,0,2,8,4,0,0,1,0,3,0,1,1,5,1,1,1,3,3,7,9,3,2,5,5,3,0,4,2,1,3,6,5,3,3,2,3,1,1,2,1,4,1,1,0,1,5,4,2,6,3,1,2,1,5,4,]
[139,110,385,27,487,87,80,174,161,16,169,221,116,193,120,46,102,127,222,148,99,4,231,64,173,84,71,99,317,126,186,160,138,98,188,246,28,87,294,245,65,166,243,194,305,199,285,302,228,139,139,43,82,204,71,349,98,70,293,33,40,16,263,43,]
[88,361,267,73,168,87,181,116,261,15,112,324,98,204,36,129,190,80,29,110,90,171,85,15,85,75,112,30,69,121,194,226,108,30,282,75,111,39,188,143,335,92,16,283,234,138,196,154,78,80,192,99,87,96,208,68,69,19,147,43,14,56,105,359,]
[0,0,7,2,5,2,0,3,1,1,0,0,2,0,2,0,2,1,0,1,1,0,1,1,3,0,0,2,2,1,0,2,0,1,1,1,2,0,1,2,4,2,0,2,2,1,2,1,1,2,1,4,4,3,1,1,2,1,1,2,0,3,2,0,]
[1,0,0,0,0,2,1,0,0,0,0,0,2,0,1,1,0,0,0,0,1,0,0,2,1,1,2,2,0,1,1,0,0,2,0,1,0,1,2,1,0,0,2,1,2,0,0,1,0,0,0,0,1,0,0,0,0,0,1,0,1,0,1,2,]
[1,0,2,4,1,7,3,0,0,3,1,3,3,3,1,2,0,1,1,1,6,3,2,4,3,7,1,4,2,0,5,3,0,3,3,1,10,1,1,1,0,1,3,8,5,1,3,3,1,2,0,2,0,1,6,0,8,3,3,4,0,4,1,2,]
[4,6,0,1,2,2,3,5,7,1,2,1,6,5,2,1,5,0,2,0,4,3,11,0,5,0,1,0,3,4,4,2,0,1,2,2,3,0,0,3,3,2,1,1,0,5,3,2,3,0,4,2,1,2,0,3,4,3,1,4,3,5,0,2,]
[82,222,26,128,138,52,86,227,47,182,54,225,77,41,32,166,322,126,564,174,178,126,40,28,162,48,198,17,155,19,45,274,78,138,171,166,17,6,365,114,43,205,53,66,110,469,208,100,140,25,157,77,94,27,487,206,106,126,62,31,136,287,48,201,]
[70,211,54,129,127,344,328,60,83,55,163,147,81,133,103,53,25,20,259,191,177,188,32,173,102,82,129,63,105,15,157,125,68,16,27,144,400,238,65,233,97,134,322,40,278,184,330,116,73,137,129,163,95,60,100,18,172,28,35,59,150,51,130,247,]
[0,2,0,1,2,1,2,1,1,3,0,3,1,3,0,1,2,2,0,2,1,1,0,2,1,0,1,2,2,1,1,1,1,1,0,1,1,0,1,0,3,1,2,1,2,0,1,4,2,2,1,1,2,3,3,0,1,2,2,1,5,3,1,0,]
[1,0,0,0,0,0,0,1,0,0,1,1,2,1,1,0,0,1,1,0,0,0,0,0,0,0,0,0,0,1,0,2,0,0,0,1,1,1,1,0,0,0,2,0,1,2,0,1,0,0,1,1,0,1,0,0,0,1,1,0,0,0,0,1,]
[9,10,8,1,4,1,5,13,5,8,3,7,3,7,6,4,13,1,15,2,5,7,7,3,17,6,13,11,2,15,8,0,4,7,9,4,2,7,1,4,6,14,4,4,2,15,4,8,2,6,10,7,0,1,5,4,18,5,4,1,1,7,4,6,]
[0,0,0,0,0,0,3,0,1,0,1,0,1,0,0,2,1,1,0,0,0,0,0,1,1,0,0,0,0,2,0,1,0,1,1,1,1,0,0,0,1,0,2,0,0,1,0,1,1,0,1,0,1,0,1,1,1,0,0,0,1,2,0,0,]
[8,6,19,5,17,6,1,0,12,8,5,1,3,8,2,4,1,0,12,1,0,8,9,1,8,8,17,0,1,1,8,5,3,4,7,5,12,2,10,5,12,11,2,11,11,1,10,2,3,11,11,3,4,12,5,1,0,14,4,6,17,10,4,1,]
[129,83,63,143,76,50,215,238,63,280,200,105,206,155,344,90,85,222,13,197,234,230,178,330,207,83,51,3,26,56,471,238,90,155,88,157,421,121,145,435,147,48,109,326,246,87,25,275,59,251,31,92,199,105,155,187,58,368,159,229,162,39,171,105,]
[85,12,36,78,85,63,47,36,34,87,53,71,87,26,86,33,61,9,101,29,37,12,75,14,64,117,33,41,57,15,35,8,30,130,20,16,4,13,10,2,43,24,57,4,2,44,21,38,46,50,59,27,28,17,21,27,20,41,18,31,91,45,8,46,]
[0,3,7,1,4,1,4,4,3,10,7,2,5,11,1,3,2,0,6,1,18,19,4,0,1,8,4,5,1,4,13,1,10,2,5,6,8,8,10,4,3,4,12,9,3,6,7,12,8,4,1,3,5,4,19,15,1,3,8,6,3,9,5,9,]
[6,6,11,0,7,21,14,9,2,5,16,4,6,2,3,3,4,0,1,14,5,8,1,9,4,0,7,1,0,2,4,2,4,2,6,3,13,3,0,19,6,2,7,5,2,10,4,6,0,6,2,14,2,4,1,2,2,2,6,2,1,9,4,10,]
[6,2,3,4,5,1,2,6,2,4,2,3,4,13,2,2,3,3,2,2,3,5,1,0,10,2,4,1,4,0,3,3,0,1,0,13,0,3,0,4,2,0,3,2,3,6,1,4,3,3,3,5,1,2,2,4,7,8,0,4,2,11,0,1,]
[1,6,4,5,5,2,6,0,0,3,2,1,4,1,2,0,3,10,0,3,1,1,1,3,3,4,1,3,2,5,3,2,1,2,0,0,0,2,10,4,1,2,4,1,1,7,3,4,2,1,2,2,3,1,0,1,2,5,1,2,5,2,1,0,]
[32,80,349,32,88,18,181,85,91,331,48,14,68,137,17,38,379,193,88,193,169,419,135,36,43,138,215,506,122,85,86,281,72,99,12,44,134,117,165,37,79,31,67,189,68,62,38,152,54,190,45,129,172,167,113,122,270,75,151,81,70,234,257,119,]
[101,150,161,3,185,132,201,163,54,68,87,132,122,182,81,156,146,35,69,126,58,34,80,95,190,163,72,179,246,148,133,159,99,71,118,80,286,200,292,139,474,224,52,30,42,259,39,71,97,92,31,193,412,23,241,71,29,112,252,235,99,31,37,106,]
[1,0,2,1,3,1,1,0,2,1,1,1,1,0,0,4,4,5,2,1,2,1,2,1,3,3,1,3,0,1,2,1,2,0,2,1,0,1,3,2,0,1,1,2,4,2,5,0,1,5,0,1,0,0,0,2,3,2,1,2,1,3,2,3,]
[1,0,0,0,0,0,1,0,0,1,1,1,0,0,1,0,2,0,1,1,0,0,1,0,0,0,2,0,1,1,1,0,1,1,1,1,1,1,0,1,1,0,0,0,2,2,0,1,2,0,2,2,0,0,0,0,0,0,1,2,0,1,0,0,]
[10,7,0,1,1,3,1,4,2,1,4,0,6,3,3,1,2,1,4,3,0,1,5,2,2,4,2,5,2,6,4,6,0,15,4,4,6,2,2,1,0,6,3,0,5,9,1,2,3,0,5,0,3,1,4,2,4,1,5,2,0,7,6,1,]
[3,0,1,4,1,0,3,7,1,2,4,4,1,3,6,1,2,1,0,6,3,0,2,2,7,2,8,1,0,2,3,2,3,0,2,3,1,2,3,2,1,1,3,1,1,2,0,9,2,2,2,2,1,2,1,0,3,4,3,3,3,1,0,5,]
[374,107,198,87,165,401,130,119,164,181,276,100,91,219,40,95,170,95,194,39,414,74,188,84,175,148,308,150,10,100,52,137,223,66,188,137,171,205,132,221,112,304,94,72,143,155,152,58,190,313,72,18,199,67,173,257,199,123,145,91,90,99,171,203,]
[345,89,107,132,87,370,51,51,106,214,101,194,192,154,117,213,120,266,51,22,380,179,299,285,121,66,105,175,412,247,52,183,27,177,114,76,38,31,41,218,6,157,202,417,100,153,323,12,203,19,136,120,274,120,153,187,176,146,91,136,45,44,21,136,]
[0,3,0,0,7,0,2,1,0,1,0,3,2,2,1,1,1,1,2,1,4,1,1,1,2,3,2,3,0,4,1,0,2,1,2,0,0,0,0,0,3,3,0,2,1,2,3,2,4,2,4,0,1,1,1,1,2,1,2,2,1,1,5,0,]
[1,0,0,2,0,0,0,0,0,0,1,1,1,1,2,0,1,0,0,0,2,1,2,0,0,1,1,0,0,0,0,1,0,0,0,1,0,1,1,0,3,0,1,0,0,4,0,1,0,1,0,0,0,0,1,1,0,0,2,0,1,1,1,0,]
[4,1,7,1,3,5,0,3,9,2,0,1,0,5,0,1,1,0,3,5,0,1,1,0,1,1,0,0,3,0,1,3,1,5,1,1,0,6,0,0,3,5,0,3,1,0,1,3,0,1,2,2,0,5,0,3,2,5,8,6,3,3,2,2,]
[1,7,4,3,7,4,4,2,2,4,1,1,2,1,5,0,1,1,2,1,5,6,1,2,1,3,5,4,4,4,1,2,2,3,8,3,9,5,2,6,0,2,4,1,2,3,1,4,1,2,0,3,3,0,0,1,1,4,1,0,0,6,1,5,]
[80,352,291,212,120,81,105,180,108,62,207,101,148,90,208,339,226,47,116,60,248,52,174,450,246,102,86,9,63,323,5,259,159,145,113,203,70,151,206,100,65,38,83,175,40,67,185,298,223,72,14,131,98,138,224,156,136,134,92,97,88,5,338,123,]
[154,55,191,189,98,178,91,400,56,251,29,54,132,323,102,95,82,58,79,90,124,68,99,38,103,65,93,191,39,100,120,201,101,512,134,160,126,132,351,68,189,401,55,22,46,239,150,3,101,50,1,85,45,58,110,179,82,158,37,106,87,176,91,19,]
[0,1,0,2,1,1,2,1,3,5,2,1,0,1,1,2,2,2,3,0,3,3,0,1,0,2,1,0,0,2,2,1,2,3,0,1,2,0,2,2,1,1,1,3,2,1,0,0,1,0,3,1,0,4,3,0,1,2,0,2,3,4,1,0,]
[3,0,0,0,0,1,0,0,0,1,0,1,1,0,1,0,0,0,0,0,1,1,1,0,1,0,0,0,0,0,2,0,1,1,0,0,2,0,0,0,1,0,1,1,1,1,2,0,1,1,0,2,1,1,0,0,0,1,1,1,0,0,0,0,]
[9,0,7,1,7,6,1,1,4,1,5,1,0,6,2,4,0,1,0,0,0,1,2,1,1,4,1,2,0,1,5,3,3,5,1,0,6,7,0,5,4,1,7,3,0,2,6,3,4,1,3,0,4,5,2,4,0,6,2,1,1,4,1,12,]
[3,2,4,4,0,0,1,2,1,4,1,4,1,4,2,1,2,4,4,2,0,4,1,3,3,0,2,0,8,7,3,2,3,1,2,0,6,1,8,3,1,5,4,5,2,3,0,1,1,4,2,6,8,7,2,5,1,1,4,5,1,0,4,2,]
[106,17,372,4,171,71,244,214,17,74,185,108,135,298,82,209,198,127,263,34,187,54,81,140,45,96,44,35,204,96,319,56,286,147,64,0,3,41,44,40,132,141,194,70,36,135,13,72,91,100,137,152,180,43,218,63,91,133,114,73,360,37,592,404,]
[6,458,170,146,255,80,64,45,40,129,159,414,57,463,325,78,56,41,79,89,102,24,339,92,218,128,440,416,182,39,105,23,201,72,373,35,216,66,56,42,130,217,17,366,56,53,58,150,235,285,52,32,223,29,406,66,259,99,176,237,175,155,91,134,]
[2,4,4,4,0,5,1,5,2,0,1,0,2,2,0,2,1,1,4,4,0,2,1,0,3,2,3,8,1,3,0,2,0,4,0,1,1,3,3,1,0,1,0,2,2,2,1,1,0,0,1,0,2,1,0,4,1,2,3,0,1,2,3,3,]
[2,0,0,2,0,0,0,1,0,0,0,0,2,0,0,0,0,0,1,0,0,1,0,2,0,0,2,1,1,0,2,0,2,1,0,0,1,1,0,1,0,0,0,1,2,0,1,3,1,1,0,0,1,1,2,0,0,0,1,0,0,2,0,1,]
[3,5,1,4,2,6,0,6,1,3,4,10,0,3,7,2,7,13,13,2,8,6,16,6,2,2,6,9,0,1,6,2,2,4,5,11,1,4,4,3,6,7,3,0,2,1,3,14,2,16,5,4,11,2,2,5,7,8,1,8,5,8,5,8,]
[0,1,1,0,0,0,0,0,0,1,0,1,0,2,3,0,0,1,0,1,2,1,1,1,0,1,0,0,0,0,0,2,1,0,0,0,1,0,0,0,0,1,1,0,0,0,1,1,2,1,0,0,0,0,0,0,0,0,0,0,0,1,0,1,]
[7,9,3,21,14,7,5,1,8,1,2,5,4,4,4,6,6,8,17,3,1,9,2,11,3,7,3,24,3,20,7,3,9,2,3,15,14,2,13,15,8,4,11,4,11,10,6,10,8,3,0,3,5,9,0,2,11,6,2,11,2,9,1,8,]
[30,13,72,56,385,99,400,230,231,61,63,240,243,297,45,279,102,43,200,68,59,332,152,115,114,133,22,27,149,87,310,98,45,141,7,185,57,45,151,259,28,149,156,262,78,182,18,55,90,67,48,60,166,70,74,56,8,39,18,211,153,125,365,108,]
[13,31,4,34,57,98,29,15,36,91,11,39,122,124,15,40,99,6,41,91,34,32,26,243,28,17,25,93,8,58,7,25,43,82,68,57,8,5,16,48,29,18,104,20,33,115,31,104,11,22,39,17,21,150,8,38,42,183,49,22,34,26,25,38,]
[8,8,5,3,6,0,14,2,2,3,6,2,7,1,5,7,3,2,6,0,2,2,5,2,5,15,5,8,6,0,1,6,5,1,6,7,2,3,3,4,5,16,2,4,3,4,5,6,1,6,3,3,7,8,7,12,2,3,7,18,8,5,0,7,]
[6,0,1,7,1,2,2,5,5,2,0,1,3,1,4,4,2,5,3,9,1,2,6,3,10,8,1,1,1,7,10,2,3,7,4,2,4,1,1,1,1,5,4,3,4,4,4,11,4,5,1,2,5,13,3,7,4,8,2,6,6,2,4,1,]
[5,1,1,1,3,1,2,2,1,7,2,3,0,2,3,9,1,2,2,3,1,5,0,2,1,4,1,4,3,2,0,3,3,7,2,4,0,3,2,1,3,1,4,2,1,4,0,0,4,6,2,0,5,3,3,5,2,0,5,2,4,1,1,0,]
[5,4,0,1,1,0,1,2,2,1,2,3,0,3,2,1,1,3,5,4,7,4,5,2,1,10,10,1,1,0,1,2,0,2,9,3,1,7,1,2,3,2,2,0,1,5,1,5,1,2,6,3,8,1,1,2,1,2,4,2,5,1,1,3,]
[382,305,422,161,130,236,3,29,183,185,153,74,250,69,288,53,136,17,126,160,12,86,32,135,196,111,416,552,135,120,124,200,94,21,152,188,33,184,61,84,351,51,277,132,44,248,72,64,296,49,286,115,85,76,224,193,227,114,95,41,95,197,151,41,]
[221,297,51,350,364,134,253,198,122,92,328,348,288,122,58,21,149,87,135,84,33,52,213,69,190,142,68,113,72,99,221,41,181,64,101,78,50,127,32,259,186,67,146,32,203,89,56,16,82,86,193,125,397,181,402,194,240,242,171,431,122,68,114,241,]
[4,1,0,3,0,2,0,4,0,1,3,1,3,3,1,3,1,0,0,1,2,2,0,3,1,3,4,1,3,2,5,0,1,1,1,1,1,1,0,1,1,0,0,4,0,0,1,2,1,4,1,1,1,0,2,1,2,1,1,1,0,0,3,0,]
[1,0,0,1,1,1,0,1,0,0,1,2,1,0,0,0,0,0,0,1,0,0,3,0,0,0,0,0,1,2,0,0,0,0,0,0,0,1,1,0,0,1,2,0,1,0,1,0,0,1,0,0,1,0,0,2,1,1,0,0,0,2,1,0,]
[2,6,1,2,6,0,3,2,0,1,4,10,2,1,2,6,5,3,2,5,3,2,3,3,0,6,5,1,2,3,3,3,4,0,3,2,4,1,3,2,6,2,0,3,5,1,3,3,0,5,1,8,0,7,1,1,4,0,2,4,0,3,1,0,]
[1,1,7,3,1,3,3,1,2,4,1,1,1,4,0,5,0,1,1,1,0,1,0,2,1,2,4,9,1,3,5,0,1,1,4,4,3,5,0,1,4,0,8,0,0,1,0,3,1,1,0,2,2,1,1,3,2,1,3,2,1,6,2,6,]
[244,221,6,137,62,175,13,23,69,282,140,78,354,59,134,70,26,7,171,140,310,91,141,244,108,205,223,156,63,195,266,118,59,67,105,104,58,76,166,164,257,362,168,119,48,170,74,236,208,154,178,89,69,54,139,45,267,131,93,83,143,70,245,98,]
[408,198,53,21,96,70,67,152,167,149,51,42,371,62,172,249,242,45,347,123,170,25,91,250,115,23,48,109,300,79,86,95,54,0,133,356,267,42,253,11,183,66,107,345,60,132,70,158,198,194,95,109,93,231,70,202,233,133,88,205,346,53,322,10,]
[3,1,0,3,1,1,0,1,2,0,0,4,1,0,1,2,3,1,0,1,2,3,3,2,3,1,1,5,2,0,2,1,2,1,0,1,1,1,0,0,6,0,1,1,2,1,0,0,1,1,3,0,1,1,3,1,1,2,1,1,2,3,1,2,]
[0,0,0,0,0,2,1,1,1,2,0,0,3,0,0,0,0,0,0,3,0,2,0,0,0,0,0,0,0,1,3,0,1,0,0,0,0,2,0,0,0,2,1,1,1,0,0,2,0,3,1,0,0,1,0,0,4,0,0,0,0,1,0,1,]
[3,1,3,1,1,2,2,1,2,2,1,5,2,3,0,4,1,3,7,1,2,6,4,1,1,0,1,3,2,2,2,1,0,2,10,0,3,3,0,1,0,3,4,1,1,1,4,1,2,3,0,4,2,7,2,2,4,3,2,2,2,1,5,0,]
[2,0,3,0,2,4,1,2,4,3,0,4,1,8,12,1,4,2,0,9,7,3,5,1,3,3,1,5,1,1,3,1,5,6,2,1,7,5,1,0,1,9,2,0,3,1,2,4,1,3,2,4,6,1,2,0,3,2,2,1,0,2,1,0,]
[115,22,41,127,45,109,58,52,186,44,147,131,60,264,198,17,29,187,212,200,182,148,22,206,67,154,80,174,251,269,29,257,63,172,24,57,70,68,286,100,6,50,218,203,139,193,206,114,45,224,292,154,125,139,398,122,183,69,258,127,55,128,79,196,]
[257,204,18,376,163,15,149,172,66,73,141,54,51,67,89,145,58,212,138,319,167,102,107,278,23,151,162,280,101,22,72,220,87,18,32,21,91,43,140,206,116,210,84,243,42,162,92,92,33,245,144,83,69,23,236,38,81,214,358,113,350,11,177,80,]
[2,1,1,2,0,2,3,1,1,0,1,1,1,4,0,1,1,0,2,1,3,1,0,0,2,0,0,0,1,0,4,1,6,2,1,6,1,1,0,5,0,4,0,2,0,0,1,0,0,2,2,1,1,0,1,2,4,3,1,1,3,0,1,0,]
[0,0,0,1,1,1,0,0,2,2,0,0,1,1,0,1,2,0,1,1,0,1,0,1,0,1,0,1,0,0,1,0,0,1,0,1,0,1,1,1,1,1,2,0,1,0,1,0,0,0,2,0,0,2,1,0,0,0,1,0,0,1,1,2,]
[0,2,0,6,1,4,5,2,6,0,1,2,2,3,4,1,3,3,1,2,1,2,0,6,1,3,7,1,6,2,7,0,12,3,0,2,5,0,0,2,1,1,2,2,4,5,4,2,3,6,6,2,5,0,1,2,1,1,4,2,0,1,4,3,]
[6,4,2,1,1,1,1,0,0,8,8,2,6,1,3,5,8,1,1,0,0,1,8,3,0,1,0,1,2,4,0,1,1,0,2,0,3,1,1,7,3,2,1,2,2,0,2,1,1,2,5,1,7,0,2,0,0,8,0,0,0,1,2,0,]
[101,233,201,48,78,570,203,201,29,321,39,41,333,134,229,73,38,105,75,59,193,38,94,25,109,101,28,104,13,158,266,95,34,189,76,168,488,44,477,35,101,165,80,216,31,123,162,222,313,36,540,70,50,47,165,252,207,120,156,179,465,26,170,98,]
[160,203,198,62,357,50,28,119,433,199,187,260,334,86,69,41,276,162,84,132,144,85,23,280,113,359,146,79,250,314,234,60,70,120,112,79,156,267,161,652,341,218,94,167,93,52,117,16,15,43,321,164,392,151,79,164,239,232,24,155,126,98,149,155,]
[0,1,0,2,0,2,1,1,3,2,0,2,1,2,2,1,3,2,3,2,1,2,1,2,0,0,1,3,1,3,6,1,0,0,2,1,1,2,0,1,0,0,0,5,1,0,1,4,5,0,1,1,0,3,0,3,3,2,6,1,1,2,0,1,]
[0,1,2,2,0,1,0,0,0,1,0,0,0,0,0,1,5,1,2,0,0,0,0,1,0,1,0,0,0,3,0,4,3,0,0,0,1,0,0,1,0,1,1,2,0,0,0,0,0,0,0,1,0,1,1,1,1,0,0,2,0,0,0,0,]
[3,6,13,3,6,2,4,10,8,4,6,2,15,3,2,5,10,12,3,9,4,2,2,1,3,9,1,3,7,8,11,5,1,1,3,5,1,3,3,1,6,18,9,5,9,1,4,2,2,5,10,4,5,3,11,1,2,10,5,9,4,1,2,1,]
[2,1,1,0,0,0,0,0,0,0,1,1,0,1,2,0,0,0,0,0,1,2,0,0,2,0,0,1,0,0,1,0,0,1,0,0,0,0,1,0,0,0,0,0,0,3,0,0,0,1,0,0,0,0,0,0,2,1,1,0,0,0,0,0,]
[1,3,2,23,6,5,10,2,2,2,5,4,2,5,2,13,3,6,1,16,2,3,17,1,13,11,6,12,19,10,6,3,0,10,8,7,3,24,0,3,11,0,8,3,9,8,3,4,10,6,4,4,3,4,3,3,13,2,13,5,5,3,2,7,]
[195,33,72,110,26,113,27,216,183,143,402,167,143,134,125,11,69,62,247,418,81,172,110,120,215,251,150,40,113,10,99,107,58,70,156,313,230,424,37,388,44,51,68,169,21,113,403,166,217,29,33,234,27,199,124,155,324,46,179,462,73,40,125,238,]
[27,78,11,22,18,26,23,47,13,11,23,44,8,30,16,28,17,133,25,17,32,9,81,20,10,25,11,32,72,40,10,19,6,27,14,146,9,19,32,26,28,38,90,20,33,31,107,52,31,36,126,25,24,52,28,30,27,20,153,42,95,28,17,39,]
[5,4,9,6,16,3,2,9,2,15,5,1,1,0,5,12,15,1,9,7,11,7,1,5,1,2,12,9,4,3,14,7,2,1,4,29,13,1,2,1,8,4,2,3,9,8,8,0,1,6,3,5,8,2,12,5,7,3,14,20,10,1,4,1,]
[4,0,2,7,18,10,7,6,6,4,8,7,6,12,19,4,3,12,4,11,1,1,0,3,0,15,3,4,2,4,0,11,5,2,12,6,14,4,9,0,6,11,8,9,2,27,10,3,0,7,1,2,1,6,14,8,12,18,8,7,0,10,4,2,]
[3,4,2,2,1,3,4,4,7,3,3,5,1,1,9,3,2,3,3,4,1,5,4,0,1,4,0,6,1,1,2,1,4,1,1,2,5,9,0,1,6,2,0,0,2,4,5,4,3,1,0,0,1,7,6,2,1,2,2,4,1,3,1,5,]
[7,2,3,0,0,2,5,8,4,1,11,0,1,1,8,5,0,5,3,5,3,1,0,2,5,2,4,3,2,3,8,2,3,5,0,1,1,12,2,4,3,4,3,1,7,3,1,0,3,2,1,1,2,1,0,1,1,0,2,3,2,2,1,2,]
[150,127,47,65,401,144,63,112,193,161,65,26,185,561,133,108,116,252,104,93,198,180,191,342,144,61,75,122,162,96,13,175,358,74,59,179,13,123,67,133,164,92,200,85,96,27,101,121,314,137,269,186,98,66,137,91,186,90,87,30,145,101,35,281,]
[181,54,29,129,24,265,116,159,97,163,108,14,250,219,71,336,203,89,62,48,164,105,114,35,127,87,161,110,44,80,107,286,146,85,87,276,6,203,247,98,152,183,261,175,192,71,138,193,334,151,313,182,198,7,3,167,247,99,135,175,39,81,78,106,]
[2,0,1,0,0,0,5,2,3,0,0,3,0,2,0,0,2,1,5,1,2,3,1,1,0,0,0,0,2,2,1,0,1,2,1,1,1,1,1,1,1,7,1,1,2,1,0,0,1,4,0,2,1,3,0,1,2,2,0,2,2,0,0,2,]
[1,0,0,0,0,0,0,1,4,0,1,0,1,0,0,3,1,0,1,1,0,0,0,0,0,1,1,0,0,1,1,0,0,0,0,1,0,0,0,0,0,0,1,0,0,2,0,1,0,0,1,0,3,0,1,2,0,2,0,1,2,1,0,1,]
[0,1,4,5,5,1,1,3,6,9,0,4,1,2,5,5,5,6,1,0,1,1,2,0,4,4,1,2,3,1,2,2,2,3,1,4,2,1,0,1,3,3,1,1,2,2,4,5,4,0,4,1,3,4,1,1,3,1,0,0,0,3,3,0,]
[0,0,6,1,3,0,0,2,5,1,2,2,1,0,1,1,1,2,1,1,5,3,1,2,2,1,0,4,1,1,1,0,2,2,2,3,3,0,1,1,4,3,4,2,2,2,1,2,3,0,2,0,7,0,5,1,3,1,5,0,3,4,2,1,]
[295,136,43,83,449,288,171,24,156,74,129,300,25,93,60,84,112,157,37,205,99,61,106,142,137,197,48,44,54,64,24,413,178,49,136,332,426,299,65,42,220,153,135,199,56,269,277,26,110,7,13,170,56,59,359,76,39,259,116,267,165,56,136,49,]
[321,19,236,27,64,76,412,221,66,201,178,74,188,193,194,115,334,147,328,59,98,138,9,191,23,370,26,119,185,177,200,247,76,59,36,87,67,70,126,183,36,148,193,303,82,168,291,10,258,52,57,147,33,56,444,93,152,555,147,270,563,108,68,82,]
[0,0,3,2,2,3,0,1,2,4,2,1,1,2,2,1,0,1,3,2,7,3,0,0,0,1,2,0,1,3,2,2,0,5,1,1,1,1,1,0,5,4,2,1,3,2,0,5,1,2,0,4,1,3,4,0,1,0,4,1,4,0,3,1,]
[2,0,0,1,0,0,0,0,0,1,2,0,0,0,0,0,1,1,0,0,0,0,0,0,1,0,0,0,0,2,1,1,0,1,0,1,1,1,1,0,1,0,0,0,0,2,0,0,2,0,3,0,1,0,1,1,1,1,0,0,0,0,0,0,]
[1,1,0,4,3,1,0,2,4,1,3,3,4,8,0,2,3,2,3,5,2,1,3,0,5,0,1,1,9,0,3,1,3,1,7,6,4,6,0,3,1,3,4,2,3,1,7,0,1,2,3,2,1,2,0,5,0,2,1,2,3,0,1,4,]
[4,1,0,2,5,2,1,3,2,2,2,2,7,7,1,3,2,8,7,1,1,15,5,9,2,3,3,0,0,6,2,1,4,3,7,1,2,2,1,2,1,3,2,0,4,5,1,2,1,0,4,1,3,1,3,1,1,5,3,8,1,1,3,1,]
[76,142,66,181,65,98,233,87,140,97,152,115,115,360,161,156,52,74,14,253,82,140,147,89,141,178,205,5,86,63,118,95,25,97,173,5,17,108,84,226,148,110,82,31,209,610,418,51,105,50,60,217,193,286,95,239,126,84,325,331,255,173,177,2,]
[155,338,75,75,187,300,264,526,61,51,107,174,172,390,73,178,237,22,52,172,91,97,114,61,92,41,661,263,320,118,29,103,69,104,162,37,199,34,308,123,183,118,173,85,112,32,78,90,221,271,65,77,208,88,17,131,367,146,141,57,286,44,26,163,]
[1,3,0,1,2,0,3,1,0,0,6,0,4,2,0,2,1,1,5,4,4,1,1,1,1,2,0,1,1,0,1,0,0,0,1,2,2,1,2,0,0,0,0,1,2,1,1,0,0,2,1,1,1,2,0,3,2,1,2,2,1,0,0,2,]
[0,0,2,0,1,0,0,0,0,0,1,0,0,1,2,1,1,0,0,1,0,0,1,1,1,1,0,1,1,0,0,0,1,0,0,0,0,1,1,0,0,0,0,1,0,0,0,0,1,0,1,0,2,0,1,0,0,1,0,0,0,0,1,2,]
[3,1,9,4,0,2,2,4,3,2,0,4,1,5,1,0,4,8,0,0,0,5,3,3,1,4,2,0,5,3,1,1,2,8,3,0,2,0,2,0,3,1,0,1,2,1,5,3,2,10,1,2,2,2,1,4,10,1,2,1,2,6,2,3,]
[1,11,6,0,1,1,4,1,8,0,3,1,0,1,1,4,1,1,3,2,0,3,3,3,4,0,2,6,3,2,0,1,1,3,1,3,9,1,2,3,1,2,3,1,3,3,0,2,3,0,2,1,7,1,1,2,2,4,3,3,1,1,0,1,]
[84,186,129,147,134,111,329,172,220,158,68,374,18,19,56,315,24,37,126,168,127,53,188,158,159,23,275,88,77,272,71,403,179,181,17,55,223,229,200,114,87,103,237,32,99,85,29,117,31,37,246,44,106,222,14,56,204,123,142,315,57,155,117,77,]
[213,38,185,413,83,120,106,120,197,165,172,199,31,209,320,53,61,138,118,307,88,39,242,133,284,146,86,137,43,26,49,153,44,106,636,165,30,63,292,117,229,366,364,89,198,284,119,173,5,149,73,89,119,49,84,111,224,38,41,165,8,103,12,97,]
[1,3,1,1,2,0,1,0,1,1,2,6,3,2,4,0,1,0,0,2,0,0,1,0,0,5,2,4,2,6,1,4,3,1,6,5,1,0,1,0,0,1,0,0,1,0,5,0,2,1,0,1,0,1,3,0,2,2,0,2,2,3,0,0,]
[0,0,0,0,0,0,1,1,0,1,0,0,0,0,0,1,1,0,0,1,0,0,2,1,1,0,0,1,0,0,2,1,1,0,0,0,0,0,1,2,1,1,1,0,0,0,1,0,1,0,0,0,1,0,0,2,0,0,0,2,0,1,0,0,]
[3,4,1,2,3,3,9,2,12,1,0,9,5,13,2,3,3,2,1,4,8,9,2,9,3,2,4,12,3,3,11,6,8,3,3,18,19,2,5,1,0,1,4,6,6,3,14,20,6,12,7,9,0,0,2,10,6,3,11,11,11,0,0,6,]
[0,0,0,0,1,0,0,0,1,0,1,1,0,0,1,0,2,2,0,0,0,0,0,0,2,1,1,0,1,1,0,0,0,2,1,1,1,1,0,0,0,1,1,0,1,1,0,0,0,0,0,2,0,1,1,1,0,0,1,2,0,0,0,0,]
[3,12,10,11,13,0,0,3,6,7,6,5,14,22,3,1,0,3,1,8,10,6,4,2,1,4,7,10,0,2,5,14,8,2,1,2,1,8,1,6,10,7,12,9,5,1,10,8,6,4,5,25,2,10,2,5,11,14,5,8,12,17,2,7,]
[137,36,107,24,269,190,13,55,4,71,93,14,71,207,36,18,191,52,178,24,156,26,70,88,134,260,41,48,310,363,333,65,67,11,307,309,268,73,119,50,93,3,60,229,75,82,104,57,51,67,160,244,268,77,32,24,129,204,93,289,8,30,99,14,]
[30,20,22,66,3,10,137,39,4,61,41,29,80,18,24,3,97,21,41,49,16,49,29,12,43,87,32,62,82,26,64,35,61,94,28,27,2,26,8,126,62,7,121,32,65,8,29,61,63,97,14,41,94,14,93,14,37,51,15,22,26,34,52,13,]
[4,5,3,0,2,5,6,2,9,12,1,2,15,4,8,3,3,1,7,2,26,6,16,2,10,3,2,5,4,3,1,1,3,7,19,2,3,2,21,9,7,2,6,1,4,7,1,3,3,1,7,8,5,16,4,3,3,2,0,4,6,17,0,4,]
[1,4,3,2,6,11,2,5,4,1,0,3,2,3,8,7,4,1,3,2,2,1,8,0,9,0,4,4,2,3,7,2,8,2,13,5,4,7,2,3,9,5,11,8,4,1,10,5,4,0,8,6,6,7,2,3,4,6,2,1,7,1,6,2,]
[5,1,0,4,4,14,2,6,1,9,0,2,4,1,2,6,3,0,5,3,0,2,2,3,2,14,1,3,3,0,0,3,2,3,8,0,0,0,4,2,2,1,4,1,5,2,8,5,0,4,2,1,4,3,4,0,1,0,0,3,3,4,6,1,]
[9,3,7,4,3,6,0,1,2,1,0,0,1,2,1,3,4,0,0,2,1,0,0,3,1,0,4,0,2,4,2,1,1,0,5,0,8,1,1,4,5,3,3,4,5,0,2,0,2,2,3,1,0,2,5,1,2,0,2,3,4,16,4,2,]
[49,222,31,17,93,285,646,100,510,81,88,147,38,63,222,41,107,78,25,138,292,53,100,153,442,131,356,269,152,125,107,133,325,39,123,250,53,382,123,92,161,59,288,98,65,451,41,161,40,330,86,108,38,150,142,125,56,102,86,68,52,88,377,172,]
[338,78,3,100,136,153,131,51,34,97,123,142,279,153,147,147,259,60,128,186,56,239,64,222,180,316,71,114,147,18,156,166,172,204,96,127,150,37,131,183,101,169,180,566,90,55,116,100,44,169,113,171,81,66,347,41,64,196,104,107,58,203,292,289,]
[3,3,4,1,3,2,1,0,0,0,1,1,6,1,2,1,0,2,5,0,1,0,0,1,1,1,0,0,2,1,0,3,5,0,2,0,2,5,1,5,0,2,2,1,2,2,1,0,0,2,1,1,2,2,1,1,1,1,4,2,0,1,2,1,]
[0,1,0,0,0,1,1,0,2,1,0,0,1,0,0,0,0,0,0,1,1,0,0,0,1,2,0,0,0,1,0,0,3,0,0,0,1,0,1,0,1,0,0,1,1,1,0,0,1,1,1,1,0,0,0,0,0,0,0,0,0,0,0,1,]
[1,3,1,0,2,2,1,3,6,5,0,0,1,2,3,2,2,1,5,0,0,3,6,2,0,1,5,1,2,3,4,3,7,1,2,1,1,4,1,5,1,0,3,1,3,5,2,7,4,4,1,0,1,1,7,2,8,1,4,1,6,0,4,1,]
[5,0,5,5,2,3,1,2,3,3,2,1,1,2,7,0,2,2,2,2,1,5,1,1,3,0,4,5,0,3,3,0,4,2,0,1,3,7,0,4,2,0,1,1,4,3,0,5,3,4,1,0,1,3,2,2,2,1,4,4,1,1,6,3,]
[251,87,140,103,31,198,50,179,160,147,38,407,132,390,158,161,131,372,60,61,170,251,77,180,36,57,425,119,47,65,31,42,54,31,111,155,209,82,185,338,137,180,72,48,379,63,56,379,53,55,157,66,103,260,120,51,117,58,444,523,272,62,186,247,]
[59,264,177,53,176,24,242,36,183,67,185,37,137,258,75,321,212,25,115,24,39,125,59,248,27,310,173,184,121,7,70,105,17,96,187,235,110,46,170,133,383,78,25,52,62,199,59,23,84,150,115,78,98,167,92,436,82,2,27,216,134,84,215,51,]
[2,1,0,5,1,1,2,4,2,0,0,3,2,2,0,0,2,0,1,2,1,2,1,1,0,1,0,2,1,1,2,3,3,0,0,0,2,2,2,1,0,1,4,1,3,0,2,0,1,1,0,4,1,1,0,1,0,2,2,4,0,6,2,2,]
[0,0,0,1,0,0,0,0,0,0,1,0,1,0,0,0,0,0,1,1,2,2,0,1,0,0,0,0,0,1,0,0,0,2,0,0,0,0,0,1,0,1,0,0,1,0,2,1,0,0,0,0,1,3,1,0,0,1,0,2,1,0,0,0,]
[0,1,1,1,4,6,3,3,1,7,3,1,4,6,5,5,5,3,3,2,1,0,2,0,2,0,1,2,0,0,5,3,0,0,1,2,1,5,5,1,5,3,3,4,3,5,0,3,1,1,4,1,4,1,0,2,1,15,1,4,0,0,0,3,]
[1,8,0,2,1,6,1,4,4,3,3,1,3,5,2,2,2,0,1,10,4,1,5,3,1,2,2,0,8,0,4,1,1,4,4,3,1,6,7,4,4,1,4,0,5,8,1,3,1,0,0,4,1,6,2,6,1,0,2,2,0,6,0,1,]
[124,81,262,194,301,70,89,85,47,116,196,230,99,55,132,137,30,80,30,14,60,71,231,39,17,214,53,42,75,145,77,3,183,85,190,165,16,216,146,338,87,241,107,447,151,30,164,206,77,164,182,42,51,72,120,91,440,41,327,124,242,115,198,75,]
[121,116,196,351,125,95,131,372,71,43,74,79,103,69,164,301,93,210,210,188,39,29,38,98,98,77,87,7,275,92,82,273,262,28,123,53,119,89,39,96,104,104,144,121,33,49,135,84,57,216,55,114,188,162,212,60,103,164,174,43,65,101,354,289,]
[1,0,3,1,4,1,1,5,0,4,4,4,3,0,1,1,1,0,1,0,0,1,3,1,1,2,5,0,2,3,1,5,2,0,2,1,1,0,0,1,0,1,0,4,2,3,1,1,4,3,2,0,0,1,2,2,0,5,0,1,1,1,2,5,]
[0,0,0,0,2,0,1,0,1,1,1,1,0,1,1,0,0,1,0,0,1,0,1,0,0,1,0,1,4,0,1,1,0,1,0,1,0,1,1,1,1,0,0,1,0,2,0,0,0,0,1,2,0,0,2,0,0,1,0,0,0,0,0,2,]
[1,2,7,3,6,1,3,2,0,4,1,3,0,0,1,5,6,0,3,0,11,1,2,2,0,3,4,4,1,4,1,0,1,6,1,0,0,0,0,1,3,4,2,5,5,1,2,3,1,14,2,2,3,2,6,3,1,2,3,3,0,6,1,6,]
[3,6,4,8,3,2,5,3,6,7,4,1,3,2,4,5,2,1,2,2,1,2,0,11,1,4,0,1,0,1,0,6,0,7,5,3,5,1,1,1,1,5,3,2,12,1,5,4,1,7,5,1,3,2,4,3,0,4,4,1,0,2,0,1,]
[126,142,222,74,319,57,110,61,57,80,40,25,26,17,300,101,121,347,67,100,92,35,32,106,96,242,31,171,377,302,163,62,203,95,53,203,166,127,47,78,75,66,169,135,293,142,358,312,142,92,27,40,88,201,99,143,112,91,178,68,329,86,10,322,]
[127,183,326,52,117,65,88,249,174,321,89,53,95,429,254,120,51,286,43,46,57,133,168,264,146,94,94,109,183,42,128,55,20,189,115,186,58,33,61,216,152,465,277,240,22,47,135,250,90,131,57,60,259,135,23,332,239,207,15,78,35,89,235,240,]
[2,1,3,0,5,4,2,1,2,2,1,2,2,2,1,2,1,0,1,5,0,0,0,1,1,0,6,0,1,1,1,0,1,2,4,2,8,1,2,2,1,1,0,4,2,3,0,0,2,2,2,2,0,1,2,1,1,6,0,5,9,0,1,1,]
[0,1,0,1,1,0,0,0,0,1,2,0,0,2,0,0,0,2,0,1,0,0,0,2,1,2,1,0,1,0,0,0,1,0,0,1,1,1,0,1,0,0,2,2,2,1,0,0,1,0,0,1,0,0,1,1,0,0,0,1,1,0,1,2,]
[3,2,8,10,21,3,15,6,4,3,8,1,5,14,16,1,4,6,8,19,4,2,2,31,17,5,0,6,3,1,0,4,6,1,6,1,5,8,1,2,4,15,6,12,11,1,7,5,1,0,7,16,0,2,7,15,6,2,5,5,2,5,6,2,]
[0,1,0,1,1,0,0,0,1,3,0,1,0,3,0,0,1,1,1,1,0,1,1,0,2,0,1,0,0,1,1,0,1,0,0,0,0,0,0,0,0,1,0,0,0,0,1,0,3,1,1,0,2,0,0,1,1,0,1,0,2,0,1,0,]
[5,3,4,11,5,2,5,2,9,2,3,6,8,9,2,3,12,11,2,6,11,4,7,13,22,8,3,19,7,11,3,7,7,0,7,2,9,1,9,7,7,3,6,4,6,8,2,0,12,5,18,2,0,2,10,5,12,1,6,11,1,8,22,5,]
[51,114,63,136,77,189,14,177,140,251,128,31,284,92,386,410,91,417,260,62,30,73,151,188,145,115,25,155,197,27,134,130,62,67,93,112,146,345,39,21,146,36,62,8,233,196,464,241,418,104,121,280,34,142,56,364,54,269,33,28,43,286,44,208,]
[72,25,37,113,40,44,33,12,53,23,42,22,50,3,43,32,20,75,8,55,68,27,7,4,64,30,86,38,9,20,112,40,14,9,26,7,71,44,38,35,4,38,13,45,70,47,23,32,35,35,44,77,22,111,24,4,43,16,85,136,56,20,18,64,]
[3,0,3,5,0,3,2,20,1,7,18,5,6,0,1,3,5,4,8,7,4,12,4,1,2,6,3,9,3,9,1,10,2,5,4,12,12,10,4,9,8,6,7,12,1,1,3,2,5,2,8,6,8,3,3,12,3,6,5,2,2,8,9,3,]
[6,2,3,5,6,5,4,2,5,6,5,9,16,15,6,5,3,8,0,2,4,8,6,5,3,1,9,12,6,19,8,5,0,1,4,13,5,2,8,8,12,10,4,9,3,5,3,3,4,4,5,5,8,5,3,1,2,21,2,7,7,17,3,0,]
[5,3,2,3,0,2,8,1,8,1,3,4,5,7,1,6,5,6,1,2,4,7,4,2,0,0,1,5,0,0,4,5,1,2,0,1,1,3,2,3,2,1,1,1,1,2,3,0,4,2,3,1,1,1,4,3,5,7,0,2,0,1,5,4,]
[12,2,1,2,8,1,5,4,0,2,2,2,4,7,3,3,1,2,2,1,0,2,6,0,0,4,4,2,1,4,1,2,7,1,1,3,1,5,1,1,5,6,0,2,4,9,5,1,1,2,1,4,6,2,0,0,1,11,4,1,2,5,0,2,]
[75,195,142,20,130,86,240,170,45,460,84,246,52,68,307,208,235,48,96,99,90,166,264,37,237,100,52,138,269,65,11,70,200,10,290,25,246,23,312,243,182,294,47,128,251,151,177,88,145,40,331,148,123,29,196,76,291,91,92,191,227,61,63,195,]
[182,144,132,113,27,131,79,192,41,147,50,117,70,71,170,195,285,121,38,225,90,142,190,243,59,116,64,237,117,68,204,194,174,220,150,43,309,144,718,55,51,51,101,126,162,114,140,165,43,225,277,41,81,148,82,186,191,331,170,72,83,290,90,145,]
[0,0,1,0,0,0,1,0,3,0,0,2,9,2,3,1,2,0,0,1,0,2,2,1,0,1,1,2,4,0,0,0,0,0,1,0,2,0,1,0,1,0,2,1,2,0,1,3,2,1,0,1,3,1,2,1,8,1,1,1,0,1,4,1,]
[0,1,0,0,0,0,2,0,1,0,1,0,0,1,0,0,0,0,1,0,3,0,0,0,0,0,1,0,1,0,1,0,1,0,1,1,2,0,1,0,1,0,0,1,3,0,2,0,0,0,1,0,1,0,0,1,0,1,0,0,2,2,1,0,]
[6,1,2,0,2,2,2,2,3,1,2,1,1,2,1,0,1,4,3,7,2,6,1,2,5,0,4,2,5,1,4,4,2,3,5,1,6,3,5,3,1,7,5,4,7,2,3,1,2,3,6,1,8,5,2,4,1,3,3,4,4,0,1,3,]
[1,4,5,0,6,2,5,9,5,1,4,1,3,1,0,2,4,0,0,7,1,5,6,0,2,2,2,0,2,1,1,4,2,1,1,2,0,1,0,2,0,5,5,2,0,4,0,6,5,1,2,1,1,1,1,2,1,4,2,2,0,2,9,1,]
[10,129,16,38,71,172,44,71,80,358,48,40,62,49,184,119,272,168,100,76,151,262,74,29,145,134,246,6,83,118,118,153,21,79,175,201,324,283,95,195,38,266,341,171,31,54,77,96,32,151,206,216,73,32,83,140,175,395,77,117,320,65,277,143,]
[104,148,155,21,150,80,42,87,113,15,355,7,230,241,63,191,339,12,74,257,63,27,22,27,18,104,152,38,292,197,270,401,501,17,122,82,62,103,9,185,99,129,467,177,75,54,347,84,329,48,234,233,873,293,33,163,35,169,245,142,225,105,148,145,]
[4,0,1,3,0,1,1,2,0,8,1,0,0,4,0,1,2,1,5,0,1,4,2,0,4,3,3,1,2,0,2,1,3,1,1,2,3,2,1,0,0,2,1,1,0,0,3,0,2,1,1,1,0,1,0,2,0,0,2,2,2,0,0,4,]
[2,0,0,5,1,1,0,0,0,1,0,0,1,1,0,1,0,4,0,0,1,1,0,1,1,1,0,0,0,1,1,0,1,0,0,0,0,0,1,0,0,2,2,0,1,0,0,0,1,0,0,0,0,0,0,0,0,1,0,2,0,0,3,0,]
[3,2,1,3,1,4,5,1,2,0,6,0,1,1,0,2,0,0,2,0,1,5,7,2,1,2,2,4,0,4,2,1,1,9,1,1,0,1,4,1,2,1,6,3,1,0,6,4,0,2,1,2,2,0,5,2,2,0,1,1,0,6,2,0,]
[0,5,6,1,3,1,7,6,4,1,1,3,2,8,2,4,2,4,1,0,1,1,4,1,0,2,7,3,0,2,4,0,1,3,3,1,1,1,0,2,1,1,1,1,2,3,4,3,0,2,5,2,2,2,1,2,1,4,2,9,2,7,0,1,]
[59,37,44,118,22,98,150,381,57,54,66,50,183,38,23,15,39,52,160,356,185,47,21,216,84,50,241,149,55,126,98,175,175,56,55,113,226,45,130,161,183,153,57,100,5,334,76,157,192,244,20,45,201,33,226,308,221,266,37,197,130,91,168,563,]
[55,41,182,87,171,240,101,15,143,31,80,96,170,184,157,38,205,70,261,276,54,91,57,105,300,37,131,11,75,12,136,548,12,94,169,122,42,181,79,141,268,368,8,178,198,212,103,94,349,164,400,41,125,83,68,188,138,83,79,101,207,50,148,82,]
[1,2,2,0,1,1,2,3,0,2,3,2,1,2,2,0,3,2,1,0,2,1,1,0,0,2,2,1,0,5,0,4,1,2,0,7,3,2,0,0,2,1,0,2,2,3,1,5,0,2,3,0,1,4,1,2,2,6,0,1,2,2,3,4,]
[0,0,0,1,0,0,0,0,0,1,2,0,2,0,0,1,1,1,0,0,0,1,0,0,0,0,0,3,1,3,1,0,1,0,3,2,1,1,0,0,1,0,0,0,0,0,1,1,1,1,2,1,0,0,0,0,0,1,0,1,0,1,0,0,]
[2,1,2,2,10,0,2,3,2,2,2,3,7,1,1,9,1,0,1,2,1,3,2,2,0,1,1,1,2,5,3,1,3,0,0,2,2,0,2,8,1,1,5,0,1,3,1,1,2,1,2,4,0,5,2,2,4,1,1,4,3,5,4,5,]
[1,1,1,3,5,0,2,3,5,4,1,4,0,3,2,2,2,1,1,3,1,5,6,7,2,1,5,0,17,4,7,2,0,1,0,0,2,3,1,1,2,3,1,0,1,3,3,1,1,2,2,3,1,4,0,3,2,2,2,3,2,13,2,3,]
[309,211,83,208,263,71,190,202,74,202,82,318,137,5,137,252,19,112,48,76,62,49,72,19,70,83,462,125,62,257,141,100,82,98,195,451,193,272,180,253,58,46,94,31,126,109,366,194,110,226,96,203,130,37,85,45,77,105,76,256,25,434,163,258,]
[128,9,41,50,55,56,107,156,97,120,85,63,29,365,69,421,110,73,323,77,145,148,67,79,98,54,112,9,53,49,190,85,47,146,188,83,239,228,142,126,88,314,93,139,111,30,146,190,199,5,151,165,187,115,254,114,135,67,129,221,37,69,127,6,]
[0,1,1,2,7,4,1,0,4,2,0,0,0,2,4,0,1,3,0,4,1,0,3,0,1,2,1,1,0,1,2,1,1,2,6,2,1,0,2,2,1,1,0,0,1,3,6,1,4,1,2,2,0,3,3,0,6,2,2,0,0,0,5,1,]
[0,3,1,1,3,0,0,0,1,1,0,0,0,2,0,0,0,0,0,0,0,1,1,0,0,0,0,1,0,1,0,0,0,0,0,0,2,1,0,0,4,0,0,0,0,1,1,1,0,0,0,1,2,1,0,2,0,1,0,2,0,0,1,0,]
[0,3,1,3,12,15,1,1,5,4,2,10,6,2,1,1,6,1,11,9,10,8,2,5,8,8,6,1,3,1,2,10,8,6,7,7,9,3,2,6,5,7,9,9,11,9,8,19,5,16,4,21,14,2,8,5,4,4,2,2,2,17,2,4,]
[0,0,2,1,1,0,0,1,0,1,2,0,0,0,0,1,0,2,1,1,1,1,0,0,0,0,1,1,1,1,0,0,0,1,0,0,0,0,1,1,0,1,0,0,0,0,0,1,0,1,1,1,0,0,0,0,0,0,0,1,0,0,0,0,]
[7,8,10,2,6,4,6,2,1,7,4,11,3,13,6,6,6,12,5,4,12,10,0,4,8,8,3,17,2,8,9,16,15,6,4,2,2,3,1,2,9,11,5,11,13,4,17,9,6,3,8,2,4,1,8,0,10,6,16,23,4,11,15,6,]
[35,177,40,32,107,185,353,130,347,357,151,56,246,132,59,196,47,123,69,73,322,100,127,202,262,115,77,145,62,69,289,28,120,29,272,213,12,216,88,298,21,140,137,136,24,17,68,211,409,9,137,45,270,399,15,103,245,234,82,24,66,178,193,99,]
[57,51,42,72,23,19,58,35,49,37,38,98,69,91,75,39,53,131,80,21,31,47,4,27,11,42,14,55,40,18,25,47,47,30,51,59,37,50,45,67,20,70,51,11,30,29,10,70,35,59,9,52,21,26,21,83,20,20,46,20,21,84,30,11,]
[7,6,6,3,3,7,0,6,6,7,21,3,5,3,2,3,5,10,3,8,16,6,8,1,13,14,4,0,5,2,2,6,4,10,6,5,5,6,12,14,14,7,0,4,5,6,5,10,4,14,3,6,6,6,6,1,4,11,3,1,4,7,2,7,]
[4,4,6,22,1,7,9,3,9,1,10,13,1,2,6,5,12,1,5,12,3,9,9,0,1,6,10,8,3,14,10,3,12,0,15,7,3,11,13,2,5,0,6,16,3,7,11,15,3,15,8,6,2,0,3,7,10,8,4,1,3,0,1,9,]
[1,0,2,0,4,3,1,4,0,3,1,4,4,1,3,2,7,11,1,1,5,1,3,3,1,2,10,3,0,1,0,0,7,2,3,2,2,4,6,3,2,2,1,2,1,1,3,2,6,6,2,2,2,3,1,1,1,1,1,2,3,1,5,0,]
[1,0,5,4,2,0,2,0,1,2,7,0,5,0,2,7,5,0,2,1,2,3,0,4,0,1,2,6,1,6,0,4,1,3,2,1,1,3,1,1,5,2,1,4,1,1,3,2,4,2,6,2,3,4,2,0,0,2,8,8,0,1,2,1,]
[132,60,377,85,155,83,205,250,107,245,83,205,200,190,5,74,204,198,496,105,252,27,57,78,140,211,116,220,182,44,133,34,104,248,136,167,145,241,90,46,304,217,8,134,50,247,11,179,178,93,190,64,560,78,231,238,426,117,62,303,59,81,76,120,]
[27,36,133,31,47,653,239,262,91,64,142,157,223,240,30,43,29,84,165,109,37,14,121,207,163,27,10,13,117,182,106,47,169,217,318,42,107,41,103,120,369,77,149,239,87,19,95,52,124,93,398,55,63,54,183,144,186,43,15,129,425,309,96,217,]
[3,0,0,1,2,1,3,0,1,0,0,2,1,1,1,5,1,1,5,3,0,2,0,0,4,0,6,1,4,0,2,4,1,6,1,4,5,1,0,1,1,3,2,1,4,0,1,1,0,1,1,4,0,4,4,1,3,1,0,0,3,1,1,1,]
[1,1,0,0,2,0,0,0,0,0,1,2,0,0,0,0,1,0,1,0,0,0,0,1,4,0,1,1,0,0,1,1,2,0,0,1,1,1,0,0,0,0,0,0,1,0,0,0,2,0,1,0,1,2,1,0,0,0,1,3,0,1,1,0,]
[1,0,4,0,1,4,5,3,2,0,0,1,1,3,1,1,2,3,8,4,0,2,1,5,2,3,1,2,1,1,10,1,1,2,1,1,0,2,4,8,1,4,3,0,1,1,1,6,1,2,2,0,4,4,0,0,1,0,1,3,0,2,1,2,]
[3,3,3,1,1,0,9,5,2,0,1,2,2,2,4,3,4,0,3,4,1,2,6,1,4,3,2,8,7,4,0,1,1,0,1,5,6,3,0,10,0,6,4,1,2,1,3,3,1,0,3,2,1,0,2,2,1,1,3,2,0,3,1,0,]
[292,213,120,310,80,80,222,92,105,239,296,201,55,97,49,143,57,115,127,418,274,138,127,234,365,217,234,54,348,220,145,327,168,95,68,170,155,122,88,376,86,18,124,78,72,54,120,192,60,72,107,155,314,283,275,318,70,272,7,102,69,135,28,53,]
[53,84,76,29,162,1,363,252,155,219,10,511,97,195,114,659,1,129,50,198,78,96,258,81,43,24,238,11,59,67,517,114,67,208,253,161,263,196,31,165,88,92,136,62,237,142,84,67,52,210,40,228,27,60,83,34,208,117,109,78,200,103,43,183,]
[4,2,0,1,0,1,3,0,1,0,3,1,3,1,4,2,7,2,1,3,1,1,1,0,3,1,2,2,4,1,0,0,1,0,0,2,0,1,2,1,0,1,0,1,1,0,0,0,2,0,3,1,1,5,0,3,0,4,0,0,0,3,2,1,]
[1,1,0,0,0,0,1,2,0,0,1,0,1,1,1,0,1,3,1,4,0,1,0,0,0,0,0,1,0,1,0,0,1,3,0,0,1,0,1,0,0,3,0,0,1,1,0,0,0,0,1,0,1,0,0,1,1,1,1,0,0,0,0,1,]
[0,5,1,0,4,2,1,3,3,3,5,4,0,3,6,1,3,0,7,6,0,0,3,3,1,0,5,4,2,6,4,1,2,2,2,2,0,5,1,0,1,1,1,6,0,0,1,1,2,4,4,2,1,1,2,6,0,1,6,1,7,1,2,5,]
[2,9,3,3,0,7,1,4,5,0,1,5,1,3,0,3,0,6,8,3,1,1,0,1,1,5,1,1,3,1,1,0,2,2,0,1,0,0,1,0,2,2,0,2,2,1,2,1,7,5,4,0,5,4,2,3,0,6,2,2,3,2,1,0,]
[141,183,349,194,132,86,51,113,124,13,105,99,15,93,43,82,182,62,150,110,196,235,179,139,263,112,253,96,51,48,162,223,168,224,48,254,602,55,121,28,91,146,195,226,53,150,209,106,150,118,93,104,67,138,180,122,522,98,217,95,266,248,70,43,]
[194,223,49,308,23,97,47,223,289,89,151,31,131,31,123,277,126,260,99,91,121,159,307,71,70,299,75,17,51,130,149,61,30,46,147,70,24,224,22,19,391,315,195,84,288,92,132,51,160,63,81,377,34,77,36,222,214,357,40,36,26,120,45,99,]
[1,2,3,1,1,2,0,1,0,0,3,3,0,0,1,0,2,1,3,0,1,2,1,0,0,0,1,0,7,4,1,4,0,4,5,2,1,0,1,1,2,3,2,2,0,2,1,0,1,0,0,0,1,1,0,0,0,1,1,0,0,5,2,1,]
[0,0,0,0,1,1,1,0,3,0,1,0,0,0,1,0,0,2,0,2,0,0,4,1,0,1,0,0,2,0,1,2,0,1,0,0,0,1,0,0,0,0,1,2,0,1,2,0,0,1,0,1,0,1,1,0,1,0,1,2,2,1,1,0,]
[1,1,4,3,0,3,6,0,5,4,6,4,2,2,5,4,3,2,2,1,0,4,2,5,1,3,2,8,2,1,4,1,1,0,1,0,7,2,2,6,0,1,1,6,1,5,0,9,0,8,8,4,2,2,10,3,1,2,1,1,1,0,2,3,]
[1,8,3,3,1,2,3,0,1,3,0,3,2,3,4,3,3,0,4,0,0,1,1,2,1,2,7,2,0,2,6,2,1,8,1,1,1,1,2,1,3,6,1,1,0,0,2,6,0,2,1,4,2,1,4,1,0,4,8,8,4,6,3,2,]
[145,84,19,72,268,79,144,235,44,125,169,225,136,208,283,7,246,257,179,34,134,372,178,148,252,128,49,95,35,97,29,52,68,71,72,199,49,133,233,288,208,60,92,130,95,47,4,15,110,27,61,277,68,2,57,249,191,180,151,102,91,48,40,76,]
[725,340,251,96,79,58,168,166,223,324,143,280,279,299,175,138,34,175,136,23,171,93,186,40,11,15,255,187,211,200,134,50,113,108,38,146,68,329,100,174,70,88,103,36,160,131,52,79,44,67,442,334,130,59,176,76,163,59,97,57,159,61,327,212,]
[0,1,0,0,4,2,1,4,0,2,1,6,2,0,0,0,4,2,3,1,2,1,3,2,1,0,1,1,0,1,0,0,1,0,1,0,1,1,4,2,6,1,2,1,2,1,1,0,3,7,6,1,2,1,0,1,1,0,0,1,2,1,0,4,]
[1,1,3,1,1,0,0,1,0,0,0,1,0,0,1,1,0,0,0,1,0,0,0,0,0,0,0,1,1,0,0,0,0,1,1,1,1,0,0,0,0,1,0,0,0,0,0,1,0,0,0,0,0,1,0,0,0,0,0,1,0,0,1,0,]
[1,13,4,1,3,8,4,7,1,10,10,4,3,8,4,7,2,4,5,3,4,6,4,4,9,7,4,4,1,9,3,7,3,6,0,2,5,6,2,3,4,12,4,4,4,7,9,4,1,8,2,13,3,1,14,3,11,1,2,1,4,6,1,4,]
[0,0,0,1,1,0,1,0,0,0,1,0,1,0,0,1,0,0,0,0,0,2,0,1,0,1,1,1,1,0,0,0,0,0,1,0,0,0,0,1,1,0,4,0,0,1,0,1,1,1,0,1,3,0,1,2,0,0,0,0,0,0,0,1,]
[1,0,0,0,1,1,0,0,0,1,2,1,0,0,0,0,0,0,0,0,0,1,1,1,0,0,1,2,3,0,0,0,0,1,1,0,1,1,1,0,0,0,0,0,0,0,0,1,0,1,1,1,0,0,1,1,0,0,0,0,0,1,1,0,]
]
