This is computation ability:
[
[0,0,0,0,0,0,0,0,0,0,0,0,0,0,0,0,0,0,0,0,0,0,0,0,0,0,0,0,0,0,0,0,0,0,0,0,0,0,0,0,0,0,0,0,0,0,0,0,0,0,0,0,0,0,0,0,0,0,0,0,0,0,0,0,]
[0,0,0,0,0,0,0,0,0,0,0,0,0,0,0,0,0,0,0,0,0,0,0,0,0,0,0,0,0,0,0,0,0,0,0,0,0,0,0,0,0,0,0,0,0,0,0,0,0,0,0,0,0,0,0,0,0,0,0,0,0,0,0,0,]
[324,436,1357,1320,2167,17,1538,445,15,266,1420,721,2171,140,23,661,163,26,1783,3085,4075,2284,1132,188,3250,115,1498,1427,1416,1624,520,148,11,155,434,575,1100,66,877,1355,463,1966,689,1439,1911,1555,1560,122,699,415,1888,573,242,503,156,625,1169,1379,343,1174,990,1323,234,1306,]
[783,157,459,402,595,379,3,9,123,11,476,263,223,444,472,42,14,598,40,1070,3935,223,397,603,102,498,1228,836,1225,424,118,358,551,19,470,178,539,216,579,2374,321,437,2344,179,331,361,3762,941,112,287,112,859,762,392,199,1109,120,172,630,263,172,604,130,808,]
[90,358,1591,535,1455,503,414,2040,1282,929,5086,2340,647,314,769,1751,520,272,102,603,257,990,1710,324,150,418,1034,587,41,487,564,2242,218,1634,1170,348,567,218,775,650,545,1617,1908,1342,2957,1169,121,458,58,2701,3321,510,2168,624,38,80,468,880,864,119,1355,3907,246,604,]
[157,477,299,1918,31,406,98,1425,1025,1934,471,90,234,2435,399,112,63,285,188,390,103,438,41,1661,1681,78,113,1320,616,869,266,583,1426,579,205,526,1697,344,1080,3151,23,119,1078,63,70,130,1406,98,409,433,2161,2047,727,1247,199,35,63,961,972,84,72,222,4019,16,]
[2275,1339,337,209,1441,681,887,391,130,123,341,875,284,1002,166,10,1632,237,129,4020,28,679,31,69,126,591,95,290,772,795,110,264,1948,28,995,167,3408,1872,2370,129,1529,890,1150,619,129,1007,1545,691,29,2,804,1476,74,1002,24,189,431,1641,277,657,747,1545,517,350,]
[535,4414,1199,77,2467,784,849,1142,110,1820,2667,1921,1059,553,475,953,1871,962,1098,881,1509,628,10,1829,47,92,75,446,1537,763,1303,769,1914,1784,688,674,264,803,370,2390,584,2150,736,728,295,202,1973,3150,179,82,2403,1432,882,1020,518,87,308,109,3756,18,4538,166,2008,546,]
[365,1653,279,3514,1757,5,547,515,70,1002,145,659,127,366,376,1286,1,819,186,932,259,249,462,576,569,695,115,101,2267,452,152,6,2148,133,8,1567,3066,327,1361,300,570,346,986,380,3081,936,1906,236,876,114,1004,52,1419,1510,311,1248,67,1769,434,298,717,10,2505,1271,]
[190,1540,223,172,445,531,324,278,565,3089,133,906,206,1611,557,183,1470,371,839,316,340,375,228,165,1412,1688,708,666,2918,363,265,318,1205,533,863,351,2008,400,838,334,846,130,1724,518,2468,1799,1922,353,507,823,143,1357,989,869,480,1489,3123,86,871,347,906,417,132,382,]
[678,529,363,3116,685,1458,816,3693,2820,978,1079,318,409,311,264,628,726,177,841,2190,351,679,274,2627,1263,1312,1407,510,98,1169,101,306,283,1388,247,835,2035,920,1977,1031,2161,120,1638,3061,916,1250,2743,305,256,986,51,511,162,803,592,1359,1327,395,465,146,832,341,441,416,]
[76,1192,2106,89,68,146,31,554,186,140,2448,1583,1913,337,3018,4074,1670,221,1150,309,9,672,660,437,362,375,801,706,835,178,3160,560,28,119,1375,153,921,761,687,435,410,91,16,252,199,250,3875,995,154,377,142,37,201,69,1363,1165,505,47,907,47,166,132,606,1713,]
[169,758,306,1401,280,775,147,22,112,387,678,125,805,660,229,668,1442,394,295,163,167,785,320,356,243,360,134,103,220,129,521,1064,124,15,476,142,346,861,25,1490,210,22,421,666,202,48,1206,2046,2635,661,181,740,102,431,2391,834,1005,567,580,2410,276,306,3422,1934,]
[913,256,199,1565,2318,112,375,69,464,734,2200,684,1528,94,893,298,734,599,571,373,816,683,1408,1929,1317,324,364,2497,135,2282,38,427,79,206,679,501,520,1961,29,509,179,348,1344,584,949,1517,90,339,1784,1865,19,1002,322,1452,660,458,3315,29,634,318,291,467,1953,3796,]
[86,140,355,504,78,749,760,558,1033,1071,2056,2940,29,206,746,1879,1160,2337,82,753,1988,484,960,3978,117,1159,783,218,1926,4,391,74,566,2770,790,506,1041,172,3,147,837,1798,2113,851,80,125,198,147,584,497,821,609,429,704,73,1987,596,1209,145,112,2949,27,1949,156,]
[3069,3079,165,750,336,421,1927,765,2615,383,122,303,845,258,172,1185,1156,148,368,791,1160,1253,400,26,5832,1537,142,1229,1836,115,3202,3077,2338,228,1476,199,513,37,691,1373,320,467,278,1160,1988,1010,415,340,263,742,105,288,605,825,172,1494,371,210,1928,519,797,61,25,796,]
[1043,81,167,1001,599,1453,747,365,1478,1123,1850,469,211,1126,1273,674,111,1243,122,1306,206,2493,1345,96,611,215,145,1078,1004,587,229,488,129,666,90,500,336,2920,334,411,1022,411,23,361,1173,27,1254,766,99,15,307,1032,20,1460,2255,2217,602,1324,2965,349,1481,529,1313,210,]
[1013,836,1427,72,289,437,364,280,1287,2100,275,871,2920,42,1083,476,60,1001,1523,459,190,66,129,428,746,557,1069,3009,848,904,1580,416,730,1835,246,3266,328,1292,1655,1799,566,174,48,675,37,610,126,183,1014,826,99,1499,352,1302,2454,79,607,2214,659,461,1840,644,382,265,]
[2171,1369,1865,780,1096,1225,4287,278,492,985,226,779,25,179,145,3744,677,1630,1329,125,675,188,289,1211,287,86,174,497,199,604,323,778,554,419,1397,933,1703,49,13,89,151,2430,183,1753,203,196,266,453,1505,1411,2116,170,25,49,127,1300,254,1698,2183,2926,649,1126,1222,580,]
[190,606,1255,829,863,743,95,3542,3478,139,2965,350,1049,1415,1553,387,924,700,17,3312,2037,159,684,2104,132,129,3489,1011,953,449,124,540,185,309,1473,1289,65,110,110,858,522,376,91,316,1622,448,350,58,1148,465,275,1,139,438,316,109,908,834,2737,122,1479,1406,13,35,]
[266,2231,99,1036,34,3138,159,99,1081,2233,486,1193,2658,39,177,357,451,321,990,2,619,401,1044,441,768,263,1139,316,341,173,1121,3947,553,217,1471,1006,83,1816,1924,324,411,1875,146,3635,481,1199,2138,803,562,621,268,504,664,1318,210,363,1588,901,297,687,469,992,623,611,]
[3372,2174,3,319,524,169,343,2351,247,101,71,576,1315,685,3589,381,53,205,917,1399,511,627,606,86,3757,3934,379,1103,686,648,987,211,2183,1412,1099,1255,583,1861,2391,94,2521,1514,483,799,485,292,2830,262,1746,677,205,60,236,98,411,630,373,673,163,1637,99,303,77,3,]
[224,278,42,1146,1316,526,529,204,802,215,358,860,166,83,275,64,811,505,2067,111,65,110,845,601,140,2225,119,3087,504,530,251,777,115,1276,630,1574,513,2055,254,1170,651,399,433,25,718,1207,630,329,320,2528,251,1629,1636,569,1064,479,5080,2027,1105,526,4690,996,3308,1194,]
[314,508,4584,952,2685,152,758,1855,1703,46,600,2512,173,731,1122,2818,428,2603,686,651,1682,237,1377,274,481,1132,113,339,1225,3969,1034,956,13,1105,1171,1174,252,735,796,238,486,1460,926,497,105,3001,238,209,1570,538,92,949,41,975,1004,701,1987,1064,145,2270,7,320,1428,9007,]
[1088,444,1154,311,690,2214,332,1654,688,1883,236,1346,432,791,1037,1636,950,92,56,48,29,2504,7,1154,261,78,1058,608,527,145,1141,512,536,464,261,64,1241,1981,346,276,970,1093,217,1055,496,574,4477,2258,294,478,2500,1528,11,1981,329,219,1167,114,219,222,1841,1161,1825,687,]
[1207,488,199,305,381,1109,632,479,548,1135,1192,4466,121,688,918,1036,813,2709,347,1933,346,144,493,502,248,714,696,657,657,567,1683,2209,1217,311,705,969,1851,83,415,469,385,463,513,431,89,558,84,1523,466,73,2576,1021,1027,1924,458,754,165,1360,559,772,351,812,2085,1458,]
[155,470,0,882,914,867,288,416,849,118,117,832,14,938,1177,2437,695,447,1810,638,411,591,406,1677,869,1360,1025,841,260,111,699,3070,35,1407,1124,371,291,1962,30,429,825,79,391,192,842,307,787,1606,441,831,1622,140,1759,674,114,2414,225,1899,25,476,1066,336,335,732,]
[246,622,292,573,355,909,1105,22,1026,1444,408,2905,743,1418,1463,325,326,212,610,51,1326,1399,758,984,905,18,1023,417,499,2039,26,674,989,5179,10,710,32,827,491,240,442,122,958,751,601,988,375,1493,92,318,768,176,29,442,1446,312,775,392,921,232,700,921,2101,1065,]
[1458,1162,1276,2657,237,3405,1290,41,366,181,340,286,1606,4093,565,715,401,623,258,11,637,301,280,817,1509,193,3853,422,540,1194,794,420,3,676,3810,127,962,2359,231,893,1077,1089,285,115,843,592,606,174,121,2375,313,499,215,414,512,1520,27,1209,602,305,790,408,286,620,]
[65,1005,1558,707,731,460,76,1783,356,450,1665,215,285,616,895,2186,1395,1023,517,952,540,1880,2287,350,79,92,1355,850,1998,34,2688,550,1708,199,3232,308,513,434,765,936,620,4517,179,30,174,1067,88,198,1879,732,351,434,1151,590,2001,303,879,1133,921,3289,362,379,1314,494,]
[985,2657,33,148,1592,448,114,363,762,1870,914,525,1397,84,638,594,99,294,227,1234,1290,699,67,81,835,503,1269,1471,704,2301,2295,33,1417,301,586,4,414,1110,794,488,876,1409,1354,352,3024,256,494,615,1259,158,1142,97,275,3050,1582,238,203,1405,711,57,330,717,2696,1340,]
[1673,562,1471,124,152,1215,71,593,1436,1695,693,1693,5,1024,594,94,2070,1476,731,2262,63,1631,481,564,828,92,321,697,2496,393,784,47,124,74,305,62,784,1893,231,2124,5,80,209,691,2119,757,1722,394,458,677,290,1155,214,3507,1064,1286,499,352,791,146,231,650,105,418,]
[592,459,2,546,86,1424,92,761,857,154,444,177,878,65,595,2043,360,462,451,102,396,698,145,93,593,2274,87,232,2543,586,596,1942,623,389,382,1320,2156,254,1020,114,2592,1181,467,720,142,1427,933,276,1078,470,1136,1075,804,286,2123,998,588,1343,2117,526,1564,642,469,762,]
[789,5590,172,426,273,636,3162,123,233,98,573,465,1923,166,610,23,1743,595,332,218,1186,978,1170,1163,780,755,4074,230,37,439,549,1055,239,61,1501,1877,88,793,68,479,341,1404,143,759,2786,1270,261,853,2018,639,1451,1122,36,2916,92,141,562,670,1436,1108,967,904,205,86,]
[287,273,1916,662,173,284,375,983,141,206,1010,614,694,80,1301,2167,369,1962,450,134,452,1215,410,888,50,164,41,38,356,860,730,38,980,1170,107,553,1001,509,1295,16,1146,1554,1092,634,394,407,831,190,107,529,2367,1170,1578,2906,438,395,278,328,368,95,892,1703,157,235,]
[402,369,757,82,978,470,256,1432,834,111,6578,1359,195,1737,383,549,52,1211,28,27,934,276,545,17,2319,3051,971,1684,622,294,669,555,108,2094,325,516,899,396,905,360,1661,446,564,1306,1024,1117,2281,804,991,1461,1127,438,1359,876,898,801,830,429,2664,483,1150,1287,278,903,]
[4113,1731,716,2014,564,579,1937,244,689,2277,1152,789,843,1186,3039,226,2887,999,1306,354,778,578,163,522,7,21,51,261,280,1771,2859,1046,91,265,742,497,720,173,131,1217,289,2679,724,234,66,3326,6225,1095,56,1534,172,574,51,376,1671,1207,338,57,121,2333,1103,30,309,1828,]
[1233,360,526,1463,1334,1606,1392,226,1195,58,154,214,57,174,537,1250,2438,622,964,90,1504,889,809,293,806,1432,301,96,914,276,55,426,1331,320,170,424,154,518,3358,800,269,937,1219,478,1491,647,684,517,116,510,228,92,211,47,764,310,480,264,92,428,1718,71,164,1918,]
[535,842,2267,615,86,490,619,978,1794,174,323,2309,8,1952,3806,415,421,257,196,503,637,776,432,189,1078,436,1022,1435,40,478,443,461,119,1479,345,429,805,321,1387,1011,1330,2081,1416,830,1847,615,506,19,1093,92,956,153,372,1899,129,3478,215,551,1285,247,446,1477,557,3141,]
[1197,236,79,448,1409,1090,191,367,408,536,1718,156,432,886,1244,1546,178,546,226,773,306,1997,1083,889,1317,1060,141,172,1681,1030,509,1897,401,1247,1053,194,968,118,185,1231,230,1572,1601,372,1137,1679,1493,242,139,432,2793,351,245,99,118,743,187,203,183,1505,17,293,1893,3797,]
[368,477,803,273,1519,191,484,2020,860,409,733,191,1133,270,195,34,4072,609,2581,2690,1362,444,1078,1121,217,1556,917,711,27,100,1092,74,260,146,443,832,20,581,424,71,782,118,208,132,1,56,306,871,223,2050,11,2750,682,1468,200,619,18,313,410,52,260,55,878,834,]
[403,115,105,1469,162,374,4243,1063,385,1441,548,732,615,2258,65,232,428,560,2030,439,2713,1013,95,905,1501,133,3963,544,1562,346,514,64,1428,627,356,885,376,642,123,1484,91,1696,26,20,1157,425,1152,1651,1046,1387,418,146,1754,2402,1666,575,2829,2012,97,862,1020,241,2205,952,]
[498,990,1035,249,76,1105,88,3117,152,1545,2490,647,1604,1439,1572,1588,893,323,2182,239,435,113,1066,375,738,901,1237,99,2984,45,723,116,378,42,895,2256,871,2565,442,117,276,506,2374,166,155,172,116,144,414,2363,1243,795,738,3208,127,857,1634,1826,1623,118,727,415,1077,48,]
[530,35,173,625,2142,1706,218,3382,850,861,4607,1230,92,3837,486,1095,734,453,152,2775,514,1161,2051,671,942,1905,2301,164,2573,303,3742,1853,1231,865,1572,817,1344,45,647,57,138,1648,732,226,47,236,115,1203,536,4178,432,4301,1179,707,2005,381,409,2518,430,431,476,4839,443,261,]
[301,262,2500,1900,153,646,1325,1362,212,1065,253,1235,1538,20,677,43,2171,61,557,1839,430,150,3080,839,3322,52,172,1648,865,3544,1479,1521,603,761,501,1318,667,1563,366,833,1095,439,170,381,199,385,2318,602,1115,480,1041,5158,316,11,555,711,56,2621,833,559,993,194,27,2371,]
[1314,1107,994,975,3201,1055,266,362,1256,552,963,162,855,2403,2574,1919,656,239,953,51,542,879,1971,31,1017,901,95,730,259,665,471,283,998,850,80,257,325,361,255,59,176,122,190,298,88,870,1397,3,3409,31,1121,713,400,236,2033,337,314,1854,2498,92,165,438,748,1624,]
[230,523,131,1091,760,618,5633,18,3841,541,167,386,681,180,998,3654,477,2158,95,615,557,2287,646,1137,655,1062,111,1616,83,370,282,744,89,1094,161,1985,245,1365,247,370,251,1091,507,1998,320,543,377,203,862,67,225,498,711,1539,131,1476,1047,475,462,270,394,39,87,732,]
[444,57,862,1170,96,613,838,48,521,1048,962,348,1166,2198,313,987,1645,1026,665,149,156,4308,549,123,773,984,16,1567,835,1298,1208,0,224,1602,27,1736,62,1009,545,139,1370,579,106,1397,317,435,282,4256,226,283,438,458,825,487,159,2429,204,65,890,1337,2229,346,644,685,]
[916,466,3,114,452,384,1021,34,279,1126,1556,919,241,1757,1217,96,99,64,896,1696,2920,743,122,86,1927,674,360,737,1238,811,606,225,229,204,159,335,6760,888,132,698,236,124,936,972,593,1019,564,763,689,143,72,220,465,905,70,552,1458,852,2113,3613,194,475,16,752,]
[225,2119,790,433,563,125,636,711,1835,1089,2139,396,5,718,547,459,2128,1256,324,129,911,808,183,642,1176,810,591,2648,5894,3359,1143,1304,2047,721,452,572,237,356,1024,235,1,320,1289,1740,504,156,54,580,1223,707,834,270,233,258,622,132,321,3421,482,467,74,376,2739,929,]
[407,824,34,516,580,608,2761,924,1664,736,373,551,498,177,492,106,1649,174,363,846,5966,629,24,937,114,2867,2430,861,228,1995,1891,439,425,1175,440,266,46,2525,180,2430,1034,418,410,30,569,1263,1106,1147,434,512,99,877,509,1154,230,221,173,1484,304,1092,22,1391,1368,346,]
[1408,146,1506,2825,2272,376,992,2036,626,538,550,38,1382,2453,18,2140,308,425,307,277,244,191,1418,182,2292,634,650,1453,1056,737,26,2124,833,127,438,236,2002,699,152,67,47,1926,254,535,635,482,4475,252,2305,97,568,461,4098,2369,172,555,407,1820,1318,425,415,379,245,1338,]
[604,130,849,245,426,271,317,27,207,615,135,639,1000,1720,1974,875,404,514,709,275,1621,322,158,16,47,703,197,860,14,192,590,96,63,134,229,55,300,233,1999,188,2665,859,1197,470,990,309,788,2553,1289,189,926,613,799,253,258,349,775,32,577,486,41,263,744,1652,]
[172,795,1131,3858,464,640,780,594,2207,2176,70,2467,453,816,266,131,1633,228,1325,1380,1407,1302,3769,898,3378,83,178,857,1035,1261,146,855,1718,134,84,510,1321,317,351,171,57,5876,1088,98,219,1344,683,4726,512,898,139,1991,1134,771,196,365,1211,492,361,118,445,6023,1278,1448,]
[854,335,1388,415,338,38,301,1016,1175,62,108,114,727,151,501,212,301,481,418,2428,1374,219,189,1283,2039,1022,1100,1923,706,1547,256,202,883,293,124,1834,1959,715,586,1863,847,289,766,815,962,800,237,367,277,897,1837,190,690,846,716,54,77,227,592,1235,1084,2,566,856,]
[1232,845,5,349,243,78,64,607,615,456,65,943,1535,457,833,2219,3819,359,1014,33,1098,132,109,1717,487,615,1211,372,555,766,299,2307,837,134,633,398,1650,1728,696,925,1722,1321,1450,4364,3178,122,39,317,463,976,742,1120,2622,15,813,862,528,628,133,1416,2406,298,356,626,]
[1140,1376,1052,1891,302,757,391,37,299,245,1300,2104,862,28,1564,5,74,548,83,164,129,3031,288,577,100,316,324,611,38,899,203,1029,835,337,34,192,96,1867,716,219,1721,841,1818,619,190,728,599,1800,1060,780,1313,589,658,431,1467,840,226,562,308,240,272,80,384,908,]
[1680,261,200,650,781,1003,192,788,832,72,665,31,318,2606,899,390,265,720,542,1346,163,747,1161,993,164,1001,468,300,203,1344,1044,86,1239,947,612,4471,1205,856,669,954,586,306,50,1448,97,613,1528,121,1476,4964,488,2910,1293,1295,2259,125,1464,4214,285,133,974,220,124,71,]
[1831,144,628,474,187,1072,1170,1070,205,415,1079,2566,2132,1035,1056,389,404,1758,708,432,909,182,377,2427,229,1963,311,262,278,609,466,388,1014,1822,1435,534,72,432,2148,434,194,546,603,88,1307,653,2639,774,705,1944,192,1481,39,1496,586,1077,195,333,792,60,524,2337,1012,2218,]
[1181,113,352,712,2427,235,602,338,1052,33,1949,776,506,1358,516,768,1404,594,154,471,812,203,311,420,907,140,414,577,648,686,393,888,1828,35,1512,643,1728,302,564,287,1124,1301,581,332,117,1209,1557,215,255,319,1025,619,1702,886,2423,304,227,137,1122,76,518,975,361,770,]
[383,1198,782,712,1034,739,222,2250,1209,1818,1582,2684,1654,176,217,50,62,401,2437,735,136,2415,539,2248,612,138,340,432,2338,2303,299,1049,195,1844,61,177,2272,101,547,795,265,314,1428,1006,14,6920,152,1353,154,1972,274,604,710,2401,767,328,64,982,671,114,930,1563,44,831,]
[249,346,565,542,329,298,133,679,223,217,1217,29,479,74,1088,869,397,41,441,418,574,316,190,1031,374,1356,1440,2240,285,173,1164,639,225,1643,211,665,250,893,670,1036,2491,1120,710,667,76,714,751,1216,272,1636,1378,16,46,171,760,1153,346,379,389,727,660,1930,471,1602,]
[273,1771,1118,632,1462,1122,1784,1228,2251,156,1002,1430,701,2596,107,115,424,654,971,2266,1039,20,744,2364,14,109,1021,1965,496,1209,1224,1110,465,629,2841,982,830,19,2868,72,178,227,43,1468,376,802,254,163,1,1,276,92,548,738,218,3239,1576,516,5,229,1256,904,1008,69,]
[1199,255,251,165,19,1312,55,254,1476,397,77,3409,1177,1493,345,64,600,694,1446,1817,225,630,593,2141,177,902,208,960,1045,474,621,535,295,1940,955,40,288,95,691,235,118,1356,1416,458,280,365,1008,75,56,63,390,1305,556,1085,1808,24,418,518,1250,526,1413,1788,1895,781,]
[239,19,709,273,203,127,70,421,1865,967,170,27,532,155,141,49,89,676,915,1778,230,835,2728,679,537,613,64,1007,144,52,2502,631,728,680,699,486,226,293,634,1498,38,49,1182,1670,1281,361,1613,19,86,810,369,758,878,268,188,5,2619,1255,528,3946,1190,120,2151,470,]
[2159,992,2371,133,1913,296,162,815,111,674,436,313,390,1046,1412,191,1981,35,1302,2722,1294,2135,1487,1162,3011,1625,149,1746,179,1609,778,362,11,747,2548,187,78,1114,1435,1976,2033,42,438,955,874,87,680,846,350,837,229,628,218,1877,428,1166,543,332,378,403,173,30,955,1879,]
[1055,1690,6146,340,375,237,105,678,246,1515,1256,792,1598,326,141,414,1460,1115,1264,732,30,908,704,869,2472,27,283,805,558,427,109,335,460,988,1301,73,252,503,835,205,963,387,190,892,227,0,852,3239,3228,235,1032,1106,612,1593,347,561,119,602,895,296,330,743,4043,1601,]
[1264,72,838,527,3315,187,420,65,119,298,875,2136,698,47,1973,53,1946,330,2389,832,809,413,638,667,965,1374,138,1139,57,1229,441,1363,1319,214,194,145,220,110,611,70,8,1103,2255,568,2219,244,192,186,326,668,291,1224,495,346,1476,125,131,124,755,496,158,2029,157,4,]
[958,2165,774,547,316,125,1196,1007,603,63,906,1100,462,104,2112,158,589,495,195,349,669,529,921,369,1140,781,14,41,726,512,147,49,1373,190,113,1077,805,609,888,2849,239,51,1052,1106,1069,1208,4063,481,68,1480,588,1630,932,279,35,1595,99,1522,493,67,616,350,501,1945,]
[215,624,610,1519,572,328,336,2781,453,238,883,369,3251,1575,1611,272,2190,1494,553,2103,1964,863,743,2210,1559,48,62,1774,2079,1631,228,540,2690,10,1818,2664,219,570,461,269,1143,213,957,130,1475,565,1986,4835,635,198,685,953,732,217,1488,731,1009,725,696,467,79,4,7,514,]
[21,1421,52,883,892,461,786,1785,527,612,420,123,2856,1201,955,12,1930,731,1834,136,1760,274,1041,171,649,365,764,557,73,3350,1257,203,255,697,491,1027,1267,327,514,390,677,72,2167,1005,1018,74,523,1017,164,2699,261,744,1189,1219,211,3206,418,2327,47,2761,261,160,2577,933,]
[2229,10,270,1195,1426,54,394,163,852,71,690,2030,1913,918,178,208,299,764,1524,3462,4052,233,109,203,971,1313,484,86,1325,335,426,3845,1242,376,115,1040,580,2247,356,3252,2018,394,3069,1819,1029,2954,435,178,357,1179,595,1467,184,1439,80,248,897,1963,195,343,840,244,537,696,]
[474,226,265,800,353,1231,669,684,134,1819,742,715,932,891,145,307,58,523,801,351,284,921,520,42,337,1129,1329,183,1861,76,2139,17,177,28,632,297,67,390,585,30,515,420,629,1087,862,134,396,116,709,469,5941,888,250,157,554,247,422,1539,427,472,2651,261,206,487,]
[179,592,1320,1064,2404,314,843,15,1987,403,796,260,175,463,553,888,652,52,804,278,214,511,360,846,892,356,86,29,714,453,1471,338,153,591,191,1078,657,3086,287,2361,392,1361,1217,567,2765,2310,408,235,282,781,660,145,758,730,346,790,966,1578,795,83,630,1277,288,2060,]
[993,113,1671,930,18,46,1077,47,1171,1972,209,209,330,419,1192,222,860,693,130,219,1519,465,316,120,2857,2537,3752,58,251,880,561,637,771,287,806,2723,848,1541,656,111,473,1719,388,3665,818,1557,1727,71,723,491,274,404,127,121,662,1448,573,1207,764,2370,466,1396,5123,421,]
[1146,114,1174,682,56,44,509,312,659,738,4461,438,1639,111,4411,162,252,847,325,2448,34,603,608,658,2195,1290,271,817,314,830,814,473,619,424,868,778,635,145,1714,942,184,48,389,613,1360,3272,745,1393,216,371,146,1586,2598,624,995,231,5170,340,790,1725,48,1678,303,1037,]
[463,51,6,1257,2645,423,428,307,1258,1357,469,3156,535,972,2062,244,2103,3818,1358,67,835,225,3289,1250,490,435,906,1032,2007,410,908,5,1218,1259,1378,1314,521,311,966,140,2687,129,63,90,2067,1415,50,1033,210,163,383,79,140,2518,542,1021,2794,1621,15,86,50,1373,143,193,]
[535,1847,1388,42,1096,1113,1101,549,1530,47,1126,182,2018,49,2498,226,1724,3527,718,196,1013,435,661,248,306,693,1530,621,2585,712,1628,272,2280,1591,779,52,603,706,234,1083,1783,1235,5,1442,594,37,132,171,1516,1579,351,328,78,390,261,796,811,238,295,74,2623,98,544,376,]
[2168,5,957,1470,1116,1658,119,3678,559,2706,1314,2327,149,131,1001,300,611,3293,1217,1572,288,939,1732,1173,309,867,396,172,1051,2570,294,1117,78,467,2067,2539,625,577,639,224,899,246,899,962,179,356,113,354,1761,1019,2100,171,596,152,1621,2315,1581,1402,891,132,1213,2454,2084,1108,]
[76,3128,2112,566,735,418,38,336,1347,1281,215,1253,123,80,307,396,546,2100,1632,457,969,3468,1589,215,273,62,1741,17,44,2144,502,168,957,606,29,4189,612,1828,1147,126,748,1446,1160,1245,900,441,312,118,2826,1988,42,1045,2286,1258,478,772,803,297,1128,61,1587,696,1369,565,]
[534,1951,20,4347,192,935,201,89,493,846,4958,856,158,680,821,620,123,121,570,533,234,1050,395,1918,111,3,1955,833,773,882,124,906,553,1197,551,872,42,240,288,1153,1807,159,76,73,853,4461,807,3844,395,3625,2549,862,335,312,1742,3090,32,20,1126,1164,243,881,593,693,]
[498,344,94,42,165,1337,499,1136,1924,588,269,36,327,1723,942,379,815,152,825,534,1368,144,139,696,1222,1377,1515,2945,111,511,240,109,16,121,631,1132,1243,761,1162,6514,190,1411,598,20,577,1010,596,37,799,298,917,1378,118,71,65,978,552,1187,453,354,1219,813,1809,519,]
[279,1022,3396,571,637,220,527,484,82,1809,1114,439,1855,989,845,570,1316,18,621,414,41,863,1535,908,2146,215,976,439,251,1522,89,325,2308,684,116,1355,462,4,2807,492,418,3652,215,66,352,82,345,1315,245,149,59,1891,238,423,250,117,820,821,285,1787,2393,2768,254,923,]
[1002,190,196,1148,1037,1499,492,437,450,686,300,262,556,953,541,579,2389,726,176,629,129,570,316,123,56,2071,185,384,187,916,170,2161,2114,285,798,496,1625,506,44,789,380,289,149,319,1140,132,393,1078,114,19,749,367,327,986,357,1287,89,641,1034,356,277,1817,332,434,]
[48,2208,837,711,195,238,418,578,191,771,514,308,1803,1381,1635,456,138,381,550,359,802,558,300,350,1111,4175,3017,553,1789,167,1227,2497,119,516,1035,439,1974,995,231,921,548,2129,1263,960,559,2211,367,440,646,2697,116,402,462,401,25,115,588,1205,1543,558,432,1011,874,71,]
[2746,1399,2388,1181,196,1058,1587,1483,1478,594,403,257,275,82,479,326,1534,113,753,1853,522,227,363,322,49,2049,263,494,323,624,1683,1241,945,1108,1627,306,338,200,1517,611,182,179,2789,1015,143,509,868,209,27,87,51,678,1500,2331,340,28,270,169,996,1968,435,227,1172,208,]
[113,85,31,844,66,550,338,287,1075,2335,211,395,360,526,2212,29,292,2911,911,1374,2126,873,776,89,1454,730,68,128,142,281,2123,114,1456,917,435,1277,417,1466,2511,277,554,212,213,342,672,556,1499,1482,757,2983,3889,1033,261,1637,796,61,197,577,970,328,1765,39,189,1341,]
[289,687,2114,320,135,329,6,840,1324,1658,513,686,398,889,1398,52,1913,47,302,2219,36,117,1341,70,559,1048,1616,832,1091,529,264,1050,591,322,1105,246,1234,1094,842,551,161,61,179,1192,493,827,424,105,974,3019,222,162,3095,2351,1041,1311,1040,29,762,183,332,806,200,863,]
[744,1021,2154,236,1253,1196,1043,432,1,444,596,1554,1582,3156,1370,1244,75,1407,2,142,665,24,460,340,2453,1327,1011,624,465,979,705,12,48,1061,1041,181,1839,153,582,436,725,166,843,533,833,2289,3039,1435,1580,1032,1563,373,6,362,877,480,129,982,2649,413,259,903,993,622,]
[1250,149,301,361,298,312,65,628,100,845,4140,289,1454,467,66,793,431,453,450,306,498,1054,2901,162,388,1825,84,159,1025,275,375,1399,701,2137,510,160,1073,845,1,358,794,5949,858,631,571,568,40,1063,1658,2646,3110,41,120,1811,196,471,120,619,2778,619,1113,677,456,2232,]
[799,1068,474,827,151,639,1157,1210,605,621,375,1972,241,1144,455,405,1188,663,533,157,617,1289,565,2306,382,125,1295,1331,273,273,865,1139,2267,122,174,1847,415,303,328,538,63,1279,4690,172,294,421,438,559,346,776,238,335,1015,330,63,538,2923,525,924,494,1770,1107,1493,2183,]
[1248,450,293,436,103,104,68,219,334,5,1087,1747,123,1022,1440,105,846,2069,432,247,71,675,66,392,928,284,643,696,191,1937,1173,878,203,73,88,439,105,665,785,2328,116,1060,301,356,1407,224,4,813,16,156,68,107,29,102,643,391,286,756,1113,1877,65,188,278,861,]
[497,692,1623,856,462,1035,192,39,1980,720,205,1300,933,699,183,2339,2546,1187,107,95,256,538,208,35,116,124,131,1267,1531,560,418,53,1479,42,742,1613,368,45,303,171,47,1792,148,598,543,2739,280,273,353,226,24,414,207,1577,757,694,590,39,1923,687,236,1549,1141,1045,]
[407,1167,3,278,375,281,170,1709,278,775,711,64,24,59,247,141,1394,372,289,960,591,257,224,991,2482,381,223,351,908,339,2927,554,1573,649,1105,322,3411,1951,870,69,2014,1999,791,1832,741,270,1579,1684,210,904,2041,382,1020,463,196,1380,19,1461,170,2261,6,731,120,1253,]
[822,269,824,976,675,27,136,196,4613,929,863,255,713,41,502,20,1320,829,604,1023,3235,646,1869,346,1720,413,2101,322,128,38,285,675,461,536,1879,711,397,1245,1056,3655,37,525,6667,607,356,670,1670,812,760,1832,916,1386,156,433,1424,104,1053,1042,195,1969,419,218,3826,84,]
[4093,743,675,199,944,377,335,321,431,70,406,238,857,1111,154,1646,97,239,380,1989,759,606,464,658,19,370,998,596,998,3749,760,297,91,370,145,942,1017,141,661,486,349,674,180,309,68,381,685,288,733,562,96,632,32,156,2773,329,886,1959,811,999,992,117,823,14,]
[5351,132,596,638,705,1187,102,75,118,1443,227,76,1567,108,783,149,50,715,437,380,882,985,3236,686,496,209,230,996,11,632,324,472,793,431,624,707,5,554,807,54,121,146,483,139,536,2976,1050,1139,2276,2251,2478,1516,835,884,2307,1165,127,323,1603,1032,64,589,334,374,]
[2207,34,5974,638,3,440,161,1440,429,196,213,619,1383,33,1699,959,3063,1397,862,637,224,328,1538,1413,329,1170,804,1542,896,466,250,350,590,304,2370,167,478,791,671,195,367,1442,231,3429,1418,544,2220,1993,3934,279,290,205,310,2327,112,466,2490,138,210,2883,277,578,775,2910,]
[634,552,1086,820,3543,1255,808,2058,739,1694,235,814,1422,260,869,439,1270,723,602,73,107,1239,478,1522,104,1370,61,324,2528,1832,1671,892,1142,2695,160,1999,446,106,54,567,176,684,1261,76,399,480,57,18,119,1062,2366,777,157,466,1278,1513,395,617,52,1065,481,200,191,219,]
[90,1346,672,213,1413,106,1339,278,2390,471,314,75,1147,629,132,714,3082,635,617,922,866,43,33,790,540,1129,48,80,1118,241,85,140,279,1100,1995,281,331,1039,244,3179,530,464,59,500,187,1187,1015,185,853,672,1072,1087,1518,3427,771,78,1168,143,1150,92,453,281,484,31,]
[383,9,1666,2654,119,116,2712,109,120,1264,518,271,243,1167,430,770,632,1556,660,528,561,335,104,632,5095,144,1413,715,1294,223,463,8,2790,2382,420,1932,401,245,2994,812,669,1247,89,306,388,23,1560,678,338,219,3733,74,803,52,145,361,387,117,1134,1339,2452,161,682,1626,]
[22,2010,427,181,1677,211,1079,170,1481,2005,1023,62,293,167,427,1016,173,124,867,499,907,42,119,81,1756,842,137,115,602,963,2210,967,585,1990,827,417,1589,311,892,678,3645,913,993,110,568,80,1315,429,2959,349,199,130,942,925,14,637,547,385,160,425,473,332,2290,317,]
[611,237,269,1094,580,62,233,1379,43,4351,904,4887,422,631,2735,386,1594,451,756,117,269,1293,250,246,225,275,32,596,2423,903,401,998,976,1242,1459,340,962,457,2821,541,3887,263,957,2817,56,650,438,809,3119,183,437,390,362,632,513,407,589,325,738,272,609,291,67,542,]
[431,454,994,178,466,1311,421,668,1101,262,97,537,26,50,193,660,1724,512,299,1365,769,634,246,26,96,575,217,1109,1700,443,52,1691,533,603,383,205,203,41,705,230,412,191,1091,165,481,1426,543,311,554,90,313,398,1835,253,337,229,120,741,802,584,170,39,184,159,]
[409,1296,1661,472,1126,1418,692,579,643,4829,3343,982,228,716,594,525,3518,364,57,934,629,2377,964,1846,553,1491,1395,3264,588,1326,1457,210,1721,951,52,1369,1291,432,4492,1489,986,2596,1939,842,1621,432,6570,775,715,2450,2008,327,1205,934,1465,48,1274,920,483,449,602,347,190,2148,]
[41,519,294,455,42,59,1180,109,488,74,542,108,410,298,506,51,365,885,1578,157,576,556,1794,1066,1241,352,1360,474,592,486,251,1109,1111,784,1207,1098,52,199,1466,79,368,99,16,197,524,614,340,1661,279,449,271,6,724,119,420,1489,508,72,29,211,2105,556,267,745,]
[770,648,148,7232,123,698,128,2512,553,859,2789,1236,894,343,1935,7289,891,1867,436,918,515,914,2083,102,114,1014,1798,876,1021,805,1445,703,49,1818,2643,604,827,2344,73,994,3280,824,140,477,334,68,1042,1070,1574,641,2101,1045,631,145,290,234,572,1536,13,68,783,302,1429,902,]
[1195,1909,589,933,420,3565,2460,81,158,1547,1541,1449,141,108,1603,473,1825,156,2433,861,344,211,1465,3444,226,798,711,826,1394,1725,678,1011,1,1394,1051,283,2084,55,274,1050,713,1155,834,161,1836,701,262,1247,226,234,943,31,481,549,1394,520,2700,298,1091,1483,487,2437,963,2077,]
[541,2748,209,844,61,957,242,130,1665,172,2211,103,270,2151,315,589,1320,81,255,79,265,616,40,221,960,827,1963,300,1503,13,2061,1312,1251,448,1365,657,90,273,459,1109,2005,2047,863,1848,697,394,1850,380,722,1206,226,1137,147,722,1138,659,244,44,45,819,266,1167,1578,651,]
[161,1752,1044,1221,1849,2089,387,1516,6,566,950,483,624,670,14,1344,399,912,1203,316,2149,1359,1150,1043,108,3350,1479,70,631,1116,589,364,252,853,1013,27,543,191,167,163,226,539,735,1684,1970,1822,3384,86,749,1204,817,1175,106,661,2071,98,459,404,576,1057,561,158,307,99,]
[3241,180,2582,2747,351,2717,776,39,671,1302,727,358,328,1181,282,517,31,283,946,384,612,1599,1172,105,2976,379,4295,337,543,516,426,2440,555,293,314,743,680,202,470,1506,756,633,1635,615,11,1920,2531,784,437,322,121,1670,526,2216,583,239,258,298,1870,2313,665,157,331,1492,]
[1529,1442,79,1293,579,818,448,434,5,610,247,246,1467,746,328,136,406,376,665,74,1527,1281,32,85,1758,2553,903,2815,171,50,26,20,1084,986,1233,31,211,202,198,954,267,984,783,1638,130,1181,475,1066,2043,521,1266,464,654,1013,67,1482,894,114,476,1808,2156,811,1703,760,]
[1424,1325,144,946,2997,1513,55,473,528,1052,1764,59,965,1023,258,11,740,2072,797,77,323,216,93,1180,122,1515,1962,94,1604,405,385,1360,225,2290,1463,81,93,1268,166,1126,240,788,569,1251,2429,116,164,143,2666,3108,587,362,727,754,168,367,1453,310,52,1307,106,739,1032,684,]
[1035,928,3176,72,581,39,96,422,1079,3527,405,906,710,36,394,3203,158,85,344,814,1092,49,809,1330,120,219,1944,1018,655,2048,34,818,828,629,924,214,281,18,465,403,3351,1053,104,895,1528,43,76,1782,155,1261,77,798,1890,268,1260,539,1024,1505,728,269,495,212,2223,1371,]
[168,2189,2643,912,1658,1360,18,2786,160,136,2707,1788,300,351,1425,33,3297,1911,1179,715,1386,185,138,61,359,945,3302,1056,768,1528,124,2580,371,1030,284,305,331,357,1127,1084,1269,23,1030,57,686,420,832,356,300,2894,498,1184,974,488,64,506,2721,388,109,340,60,76,950,1005,]
[304,963,690,1257,766,952,1514,181,730,1842,564,334,194,808,72,2545,1448,171,24,806,1449,633,347,562,192,1160,351,1386,275,405,402,284,10,68,995,169,372,46,1165,4159,1646,1774,309,144,653,611,31,228,255,75,355,640,40,1657,497,168,736,199,1489,10,670,560,487,663,]
[174,412,18,352,1288,1029,1242,83,193,98,934,352,620,225,269,355,2179,1090,774,51,651,795,1703,42,67,4014,568,1681,407,303,289,1470,577,1014,559,392,657,1168,1211,461,2694,3851,670,259,761,1482,657,617,867,99,277,314,1657,1333,420,1479,57,120,1554,1412,920,2153,376,111,]
[93,1722,125,142,217,86,2448,3453,69,366,123,1749,1133,469,1588,274,1710,3134,1972,4454,243,746,847,2090,421,172,705,1360,4000,605,1491,17,726,831,219,52,606,616,907,31,1086,940,53,2143,263,260,561,2546,878,55,259,185,980,967,955,814,1815,1784,820,571,829,907,855,410,]
[255,166,986,350,216,583,932,2730,1369,3949,1737,241,2455,2059,2570,748,522,1574,1371,1909,664,1097,183,371,505,363,237,292,1306,939,285,6484,593,2010,935,502,741,442,1071,1192,1164,277,665,3420,301,241,1583,28,390,362,341,986,330,933,101,1258,459,37,336,151,425,811,679,183,]
[71,850,176,827,481,95,345,677,568,1982,35,946,963,37,399,196,1563,472,105,114,134,268,681,1640,3448,187,4290,947,1545,500,749,44,536,1936,1966,1139,106,205,107,98,704,425,340,209,528,1804,352,1602,2645,341,456,2378,12,181,2582,2392,781,2817,774,151,33,519,1586,455,]
[1387,1435,516,642,3439,208,1083,638,391,872,18,12,1113,2931,226,559,1538,1133,227,777,1157,84,1531,209,509,2760,843,477,105,1689,270,1708,268,466,718,1132,556,109,597,742,369,303,1125,686,209,644,581,367,162,328,13,413,1234,1034,1638,8,299,293,185,854,65,170,141,1231,]
[183,464,399,1221,1180,2042,508,913,1334,30,908,758,177,815,1808,197,321,19,142,346,1334,565,963,475,256,942,1462,96,407,2942,839,1758,378,80,903,216,435,455,1422,1109,1420,247,112,1284,633,2144,477,163,12,1075,845,318,698,869,1512,923,145,51,115,205,668,350,1475,2655,]
[261,1868,388,2218,518,855,909,5887,201,150,2856,252,128,426,836,285,137,981,106,735,1069,254,1145,1595,2602,481,269,1573,4112,820,233,397,1574,660,65,14,699,12,203,181,511,973,631,1861,664,1688,1192,314,758,1351,293,1155,592,409,1070,1329,1609,182,1354,645,65,325,433,885,]
[1344,137,541,926,77,810,951,306,1389,26,697,1408,795,75,729,628,90,39,78,2872,1422,318,163,5,2656,9,1276,2556,5167,443,154,763,835,945,1366,718,792,1709,1712,1437,1276,429,172,699,86,136,1328,242,785,3551,276,1163,631,921,251,317,519,1124,108,1162,2066,1611,850,309,]
[1110,1703,30,303,410,1863,2635,431,26,617,105,1424,186,841,443,3572,231,392,371,806,675,58,1291,1202,726,421,1144,918,222,2255,1295,722,537,520,646,264,460,180,3291,1245,2393,409,1488,1150,940,1917,1499,206,465,1170,54,1462,972,13,1963,752,607,256,234,889,362,72,1366,323,]
[212,418,1721,617,1671,735,940,2329,786,383,67,2439,3194,139,1020,721,715,704,32,9,225,948,0,125,199,1270,966,271,5333,2091,678,2545,1084,585,1459,111,1197,214,1197,2224,0,580,1998,1078,581,1075,793,340,1089,271,432,52,1154,773,2441,1530,1130,950,323,82,1349,1388,1287,521,]
[578,3030,1,2413,1465,524,125,1064,28,1366,464,191,1302,454,765,130,617,2805,74,1416,359,973,629,1368,733,1133,628,157,60,305,1353,118,1168,1550,420,66,2111,1490,72,509,1126,295,115,579,433,481,669,454,2704,743,541,443,90,583,243,1386,396,1727,57,827,1589,865,928,656,]
[719,1119,442,2335,405,786,704,82,1547,2098,347,529,2639,2314,26,115,364,184,495,1493,2104,767,386,971,1321,237,224,1473,1984,5643,200,44,1022,172,777,1570,828,173,229,64,175,889,382,941,943,1051,735,34,914,68,436,1630,191,792,173,109,276,390,697,1190,2605,674,917,316,]
[317,1156,511,204,1184,390,3621,59,323,96,1295,371,1351,4637,2189,944,4931,536,422,2052,681,793,2080,628,1203,193,5,1886,192,239,2697,637,1576,2550,1771,661,14,3435,137,668,244,101,979,2759,1049,252,81,1581,684,1407,1360,1755,428,192,1593,674,1744,1123,1356,466,658,321,446,328,]
[356,993,65,1064,647,139,263,766,1899,3672,3007,454,946,1979,635,1051,752,418,90,547,371,1823,25,125,657,175,441,812,48,222,11,383,1839,551,425,2441,100,770,1617,707,1312,1630,97,555,807,5166,83,968,10,389,415,907,2138,1667,1098,180,1775,440,2198,255,509,352,596,1169,]
[421,1259,243,708,2625,3238,692,235,613,8,1033,723,250,1023,1216,825,1333,2359,171,235,184,303,588,50,1094,803,458,563,790,1848,561,107,1733,601,92,83,420,335,2335,1299,1079,2699,642,31,746,316,186,738,6539,393,541,109,571,498,276,382,161,807,5851,2168,1157,315,261,1829,]
[2574,277,344,137,1119,2025,2457,174,1423,1778,133,1427,228,104,1150,2613,4,1675,2287,47,979,2455,206,212,1392,1845,414,626,266,448,1283,1379,756,218,373,59,1227,796,191,832,127,71,540,921,1467,2344,612,181,445,449,645,534,717,647,1106,1215,1234,40,611,313,3382,3567,75,3229,]
[143,568,96,20,88,426,25,176,1469,249,744,2081,42,117,1412,57,56,213,2731,156,391,1072,705,208,1269,147,2521,161,2305,85,630,271,11,502,518,2099,1100,678,193,393,74,2069,458,13,382,887,290,169,947,203,1621,46,810,40,757,680,204,3120,81,3772,768,1228,2066,34,]
[2283,519,1920,604,133,1999,344,156,1231,1879,18,2228,211,128,966,1730,134,783,111,152,556,172,728,1036,80,134,1301,1543,19,465,1003,66,400,1201,165,2789,214,751,401,34,1604,793,76,384,2106,607,254,476,42,1278,1006,319,19,168,261,992,1289,1826,1011,655,183,1631,1567,414,]
[521,759,665,437,1673,204,240,3,194,158,280,417,202,137,186,655,19,1432,495,491,479,28,1006,1895,450,1217,480,1470,226,699,349,155,766,731,182,724,248,424,642,915,2724,1230,979,1291,321,437,840,1089,3171,184,2777,1953,5481,52,787,95,390,37,683,396,203,684,397,1901,]
[3577,343,687,2299,1327,867,308,2513,912,776,40,89,78,2246,1222,2126,42,504,3223,1238,32,248,3048,1307,102,157,40,3912,1429,1185,322,268,1446,1559,62,552,375,1930,1778,616,803,514,10,359,199,560,65,807,355,102,690,974,1258,2473,313,550,1206,40,936,551,752,254,600,680,]
[863,1211,103,699,2158,697,727,916,2102,487,363,585,5526,856,307,873,946,651,4,1007,788,822,116,2104,2052,462,846,279,861,712,1068,871,1337,301,1055,1767,465,488,400,498,55,151,706,656,764,660,36,2304,297,1527,846,330,2205,145,379,1491,921,289,1282,1139,1082,380,641,845,]
[847,348,191,579,3022,806,84,1373,1636,595,1173,402,1069,364,1149,513,1354,843,199,125,1138,972,93,1726,80,353,2835,79,225,1070,8,1269,1725,37,918,358,586,2775,56,4695,1455,191,356,133,1,1765,436,1197,672,111,2100,1482,11,57,551,350,465,174,125,262,1285,3259,1675,672,]
[1015,111,1947,1511,1714,97,726,362,232,356,650,1254,194,406,706,193,772,42,318,2561,543,291,985,1059,302,626,1073,1598,183,1744,476,729,1102,356,895,1199,40,968,603,730,1806,368,4188,680,55,1594,48,952,1014,2562,206,894,1998,1871,4,264,1277,7,2085,1290,482,477,169,83,]
[2355,1568,577,1440,1180,1512,100,295,429,1371,94,1455,1072,314,719,675,682,694,198,41,1488,4063,1017,368,809,237,96,743,726,684,355,995,10,52,3203,130,575,1385,991,462,1870,349,1736,3071,1036,78,1135,1268,87,53,3087,163,642,2450,201,1131,1230,72,120,106,3097,252,1368,2136,]
[768,1596,286,2379,3349,129,507,1150,1464,2124,36,364,758,677,1133,677,532,329,884,1269,394,2093,672,131,25,1155,2336,1298,380,69,1772,2046,757,736,1045,742,17,103,546,480,1645,1148,2,1264,90,2728,398,433,1248,134,584,321,55,56,131,119,2476,1154,2056,1422,43,330,61,196,]
[325,205,22,40,280,1000,1541,41,1341,1073,1215,1256,97,1748,348,239,553,444,248,543,763,94,1917,1678,1433,819,696,1544,1257,853,35,129,62,743,141,314,4103,54,439,337,4834,1737,402,382,90,1172,424,369,227,1226,37,257,131,1418,1747,281,425,929,622,2135,1087,1455,3669,537,]
[854,1045,307,1287,417,1508,832,634,54,1535,1400,543,541,991,235,1033,3454,905,941,733,223,409,222,1217,864,271,1072,878,72,919,1231,794,213,652,125,78,887,514,504,494,329,499,449,511,684,187,839,103,650,597,1171,1745,3539,1089,374,310,329,1561,373,49,443,2107,1574,944,]
[305,170,2873,2150,20,334,1989,550,46,185,451,33,215,659,306,2052,132,2430,581,816,209,4514,646,2196,1595,165,2785,869,164,2677,128,906,826,999,1311,163,427,451,795,253,7,847,1986,508,1631,705,1615,3014,1335,2067,508,516,637,529,90,77,2129,1305,819,457,1837,1266,54,689,]
[1209,633,1177,5511,2041,996,1330,471,250,764,271,372,691,231,1187,1368,80,1677,413,2093,1051,348,1295,507,243,499,1865,543,601,824,24,4791,473,17,679,44,123,594,121,308,364,3276,335,112,303,1459,1083,1403,950,608,1531,257,591,1190,135,551,16,391,27,481,225,1357,77,3658,]
[1748,2462,377,404,2336,355,873,502,1344,136,872,552,1449,921,673,589,3688,351,417,783,52,335,182,48,926,383,458,7,835,2142,38,108,52,232,2436,316,247,170,95,685,375,189,9,1457,159,0,26,388,591,358,708,4182,2434,69,587,886,3042,3503,550,1509,1484,402,144,1033,]
[10156,2617,455,603,317,200,1663,182,68,235,1520,101,728,2641,3110,85,815,281,1925,193,2755,2054,492,355,163,371,481,2058,308,1544,86,378,2187,1437,1577,403,1179,1191,2284,2476,747,1387,624,322,40,2025,2413,844,650,296,243,1503,707,179,390,235,3049,569,216,68,433,840,377,526,]
[6,12,163,190,137,934,246,2382,842,353,301,1190,613,642,1423,253,299,788,842,2516,1601,186,770,573,1055,1212,395,958,2230,1284,671,525,4260,13,1048,1200,151,1057,1770,1623,1020,89,1465,306,1008,460,75,1255,401,277,276,444,837,520,597,257,2374,1257,25,592,1056,150,799,438,]
[756,165,634,1977,520,529,934,734,281,748,1846,277,754,242,302,1712,975,1034,348,382,1257,517,2297,564,441,865,74,156,450,153,173,756,500,168,10,1626,598,1118,1131,846,245,3700,1035,81,347,96,80,1595,788,107,267,301,1214,902,843,345,163,1567,1562,1689,908,3013,1271,138,]
[300,304,431,474,1003,251,632,190,191,687,4449,934,185,50,43,1007,787,400,1150,209,277,372,1658,267,1502,421,552,877,389,24,203,651,646,1117,479,1271,1071,1168,152,698,3359,1466,25,2500,593,393,376,777,1657,609,930,396,130,1409,452,27,215,1077,339,1185,242,163,783,1809,]
[1270,496,188,444,494,794,114,171,196,419,597,427,242,218,136,616,2005,223,20,2463,137,355,519,234,65,116,1094,231,11,427,798,400,868,3578,364,815,219,1147,29,509,950,1289,121,1145,1364,2240,47,262,1884,297,190,2209,40,937,857,1180,1696,1303,124,1623,702,27,1423,1595,]
[163,101,238,53,755,410,358,1262,894,1253,229,435,1357,234,834,1757,679,1696,4,1664,264,721,1459,2964,200,41,324,1223,138,385,853,1066,373,1133,2354,1100,28,167,1838,64,210,743,105,169,309,608,3109,668,142,355,466,98,1508,15,497,1609,107,943,888,261,267,154,2563,1287,]
[1346,442,1748,1188,717,326,1811,547,138,310,922,1791,595,1314,10,547,21,1412,95,2758,326,1690,2004,131,163,277,1802,291,107,312,412,800,658,609,993,449,710,186,362,6327,813,112,883,670,94,1116,634,1359,236,1362,1076,265,442,531,360,308,2511,159,448,2040,77,5521,100,557,]
[442,660,1722,1871,616,418,464,674,1079,473,1164,245,118,24,348,218,1269,237,165,1878,71,1527,991,331,414,98,671,230,3523,250,354,507,91,1336,1701,2130,1900,465,1885,582,160,1445,425,1823,509,581,121,1060,82,249,1850,239,301,284,284,3060,2017,526,209,595,114,537,147,1954,]
[209,55,1999,450,940,768,911,1724,256,273,414,279,114,535,30,1653,45,46,586,900,211,918,377,21,228,63,1008,678,787,313,1041,477,628,743,4,557,128,700,489,716,1219,27,414,489,1380,703,461,266,1036,27,844,155,2571,691,397,258,96,1216,73,1105,334,1281,838,650,]
[1,0,0,3,2,1,0,1,1,0,0,1,0,0,1,0,1,0,0,0,0,1,0,0,0,0,0,0,3,0,0,0,0,0,1,0,1,2,1,0,0,0,1,1,0,0,0,1,0,0,1,0,3,1,1,0,0,2,0,0,0,0,1,0,]
]
