This is computation ability:
[
[0,0,0,0,0,0,0,0,0,0,0,0,0,0,0,0,0,0,0,0,0,0,0,0,0,0,0,0,0,0,0,0,0,0,0,0,0,0,0,0,0,0,0,0,0,0,0,0,0,0,0,0,0,0,0,0,0,0,0,0,0,0,0,0,]
[0,0,0,0,0,0,0,0,0,0,0,0,0,0,0,0,0,0,0,0,0,0,0,0,0,0,0,0,0,0,0,0,0,0,0,0,0,0,0,0,0,0,0,0,0,0,0,0,0,0,0,0,0,0,0,0,0,0,0,0,0,0,0,0,]
[3153,1932,2299,996,410,968,901,1484,2819,1730,1263,496,1140,487,548,2255,733,3428,772,2832,1080,1320,3088,802,608,1148,2259,1619,1143,2199,290,307,450,1912,1714,647,691,1173,2444,198,700,1089,1210,1840,650,892,1025,1324,2149,990,438,311,209,950,574,2639,1140,807,270,1828,1394,889,862,2223,]
[1341,277,233,1640,556,1165,162,2456,329,30,137,413,777,2509,274,108,1517,1056,236,666,1914,528,360,695,836,860,127,995,897,812,1233,329,250,54,516,716,734,370,1098,617,189,341,554,256,1277,81,157,346,286,695,376,192,1155,259,43,1029,958,448,706,1702,22,303,727,223,]
[562,2195,475,1515,145,285,1154,331,572,1224,233,786,647,339,419,2016,845,1105,1579,861,957,305,600,964,2055,652,1040,1550,506,2049,950,1330,298,1412,1092,167,4284,2703,2421,648,2483,3334,712,757,2236,2860,711,524,560,748,668,369,1420,426,281,1475,1169,283,1151,342,1344,441,465,1266,]
[1712,1740,315,2104,274,1525,462,2325,185,514,1390,1630,639,45,894,86,537,2226,122,58,2501,1809,180,595,988,158,467,526,1822,367,1103,685,698,99,736,657,394,1205,131,663,358,724,449,585,739,224,658,417,839,418,2549,222,2583,1718,1315,1140,410,288,223,1379,1342,279,518,1466,]
[600,1878,511,639,1431,1775,1762,1029,1692,1021,394,238,603,262,286,1254,1443,306,765,1690,1086,1132,415,123,744,95,477,945,316,305,622,319,279,375,406,1071,1393,1471,1551,1499,1368,1610,347,787,2965,1022,326,497,287,995,541,252,1413,1375,457,616,2804,594,1427,640,1539,352,2112,166,]
[1660,386,46,86,1825,1522,341,561,750,1889,52,1055,1432,117,108,334,1334,1235,933,170,1817,1618,1226,1041,653,264,532,552,275,855,2277,239,1796,1526,1335,1052,810,784,982,1687,683,283,115,678,458,229,522,300,1068,902,316,437,1161,928,670,769,926,945,842,266,1937,852,89,460,]
[105,2272,592,361,2512,831,1232,1830,959,539,658,1086,645,605,1898,1094,1002,1027,323,1806,229,4529,862,602,423,1594,1528,665,597,1637,309,247,1503,549,241,1954,3105,323,2219,1420,670,1084,943,256,987,828,1937,1416,1697,1741,983,489,874,939,529,2789,1007,2377,550,833,1060,124,582,3746,]
[1642,706,325,1100,2943,807,192,1689,124,554,61,398,1251,1433,118,1550,563,633,955,1326,1085,509,341,77,803,42,143,671,1115,925,957,2038,948,613,2075,478,306,452,625,538,2066,506,321,674,147,862,1037,1985,845,34,396,1145,339,1780,691,564,311,806,369,1413,902,153,572,378,]
[3985,205,1276,435,912,2475,282,707,317,591,839,164,679,359,3953,378,2378,429,650,577,3953,357,1897,332,1210,740,388,497,315,996,275,500,387,836,238,566,207,609,792,3491,102,515,254,181,1259,660,647,438,2161,1167,128,926,961,480,460,1436,217,263,1216,354,1618,699,397,178,]
[1692,284,244,2528,82,730,743,651,1121,815,752,408,910,2761,679,1525,933,546,907,568,1918,975,938,1558,238,1213,3409,651,383,417,705,193,1187,380,506,443,844,1363,310,1641,1742,134,429,522,789,608,558,290,1486,1561,45,1534,1758,804,701,412,1341,209,1329,306,976,1596,222,249,]
[639,1385,143,948,1634,791,1154,411,508,1985,126,1931,622,2147,1019,249,2129,1241,185,577,1189,1878,1522,647,1700,145,623,1707,1937,558,1449,447,859,331,676,255,684,1138,2042,263,130,1753,1452,815,724,1101,234,446,2578,1233,300,652,453,3359,1899,815,1986,499,547,736,910,1311,1124,1163,]
[669,1920,687,709,810,877,355,747,1499,930,199,367,726,440,1415,1503,530,935,689,357,426,676,546,624,195,1062,967,1724,829,330,164,2534,2248,462,895,760,1172,1090,381,1063,104,147,76,473,251,1316,1084,571,234,675,1559,210,820,923,169,1309,1643,1419,843,576,673,208,959,1468,]
[161,605,226,1678,422,1092,196,1008,2065,779,422,932,1001,517,439,680,574,1848,206,209,964,1402,1467,1212,296,577,583,436,18,1261,240,255,754,525,1958,1551,638,154,1208,692,826,167,597,1313,716,682,137,588,802,301,1914,632,202,1380,1135,298,372,868,1524,349,319,590,3306,1271,]
[1156,321,498,1135,3,1470,730,721,617,388,231,2744,883,465,683,1164,295,210,422,688,918,1352,1126,508,338,1597,33,753,1382,666,666,1076,1596,416,328,1239,1598,642,1005,34,1424,293,299,872,341,857,370,1411,843,1007,651,560,82,1929,260,428,699,1670,1030,284,1341,456,672,279,]
[1164,261,1643,986,1226,531,164,936,721,423,2616,490,147,884,245,434,455,1387,1129,1006,437,134,917,380,675,600,1494,172,947,287,172,437,1075,1283,1032,2062,413,848,399,2035,1726,666,530,1306,189,303,750,1191,1549,793,512,481,2255,232,209,616,687,736,2521,638,364,98,669,519,]
[599,542,1168,856,245,768,500,1491,487,1657,1789,1376,438,1282,860,293,1490,347,1359,1037,1617,770,115,933,1921,606,114,114,1309,555,670,853,782,1253,1307,221,156,1631,624,2261,370,68,2538,131,2123,613,1621,1471,280,430,1305,634,36,2270,880,1510,468,533,1127,285,189,759,1018,1585,]
[1063,689,964,1694,263,585,1275,733,592,371,748,1282,1585,699,99,964,905,2430,1607,1022,749,2109,640,212,402,79,513,647,1162,600,867,435,1896,487,1173,924,904,4038,320,724,555,2265,440,910,179,2131,905,667,1953,426,1204,498,506,632,1778,253,1095,462,570,2080,1831,2089,3026,399,]
[530,992,769,534,918,201,919,697,1638,613,332,311,1824,1037,487,466,295,1040,1066,98,716,523,979,568,1174,533,1467,2090,560,480,1061,296,488,734,362,1138,2202,116,150,527,1397,1325,1073,1277,489,785,305,207,854,1847,1330,454,1459,397,100,742,1015,2194,257,521,908,473,561,852,]
[1310,536,259,380,497,309,289,1561,305,179,938,2324,137,669,1055,1956,260,468,1597,1852,462,232,305,1439,1086,553,675,374,1421,815,228,951,766,122,431,70,498,522,355,1662,290,568,942,2899,1918,1730,1409,2072,636,532,1897,355,819,1041,522,991,3322,1891,98,511,1046,665,501,2378,]
[593,441,561,316,243,635,473,392,470,792,1410,445,827,1585,1945,576,3021,1324,424,504,414,100,597,2118,972,435,1625,1335,20,161,808,420,218,724,979,471,995,896,1975,1036,374,782,1499,2395,1489,1137,207,268,777,671,991,1010,335,1655,885,699,359,875,2263,879,1793,862,69,1030,]
[578,1189,1454,944,673,1170,1096,537,341,1302,518,785,142,1091,325,579,361,127,332,906,555,684,833,58,2477,1416,461,405,1396,1224,519,496,360,1180,640,842,86,246,1232,1012,1471,821,605,1953,2041,210,425,177,1789,369,1576,645,127,313,1507,852,1087,1799,178,877,829,768,816,243,]
[572,835,574,1858,1518,908,1776,570,1530,1366,314,1301,222,2832,904,371,426,495,1129,795,159,665,89,1317,607,894,787,552,754,592,489,766,804,966,806,757,289,413,489,868,453,719,1189,406,246,527,369,1858,2647,417,624,462,153,728,628,1557,1184,1251,2600,5293,96,1479,231,839,]
[201,1129,516,2364,679,470,1462,1691,611,1375,125,57,530,254,2464,532,1489,945,563,665,163,200,763,1054,152,1659,1431,915,324,604,2687,964,1135,207,422,1203,537,1018,425,1064,728,128,850,393,149,1223,1127,517,1203,575,156,643,631,532,1190,653,565,379,802,419,1414,1496,318,266,]
[724,1400,1352,325,1163,246,1390,116,213,434,683,611,850,954,552,544,728,935,599,219,1002,1022,269,1812,538,811,821,888,175,133,1303,307,914,364,214,1045,1388,434,109,721,598,744,360,955,731,1809,79,682,494,173,67,506,2274,1132,489,551,2488,427,2648,572,214,571,605,1723,]
[256,455,1604,101,87,399,1168,232,296,1564,141,1353,1246,358,1565,47,2598,1513,200,714,93,670,599,96,540,703,2120,249,1180,1500,2185,294,1004,883,1048,868,327,268,301,1773,584,232,729,686,164,1554,1230,93,486,1445,758,377,1992,1208,1489,94,263,782,627,919,769,948,1329,205,]
[514,1935,1098,727,1687,1360,716,920,1263,1698,2495,2458,403,303,48,99,548,1102,674,2009,351,230,278,1390,987,619,570,174,1696,281,2309,2401,2005,808,497,566,2156,545,298,1792,143,905,347,204,432,817,1310,272,1835,764,723,242,2429,1137,2171,1309,8,600,1195,572,119,609,1311,220,]
[258,241,1157,680,462,606,994,297,280,1736,661,522,1722,2193,171,354,807,615,366,1515,723,669,449,41,351,531,2727,965,709,155,549,966,763,1300,146,1283,1978,1388,694,320,1403,1476,1885,2398,2012,1369,100,215,127,1874,429,841,1572,798,712,1008,1628,1129,963,513,877,701,1433,1381,]
[591,299,1155,1698,1138,1582,666,924,334,289,180,735,131,402,2103,291,946,357,391,1797,549,1463,933,1136,229,636,2166,919,1294,126,121,2190,1573,759,137,1290,81,763,419,686,286,1104,327,37,1496,866,747,190,148,1174,2049,2196,987,813,1415,888,338,418,536,234,310,355,2030,81,]
[945,1349,840,464,2065,424,2009,1286,619,709,1116,1274,566,873,224,1372,651,520,786,1193,2197,349,2115,1928,328,840,1312,456,682,2513,1071,465,1297,1478,762,197,1385,256,169,1932,451,456,640,442,333,1204,932,2212,2104,95,772,428,146,877,1723,1441,1657,963,2026,536,1355,665,749,1424,]
[337,154,149,290,369,283,1584,484,147,1572,815,125,740,2126,479,620,732,1113,347,149,411,646,194,469,1696,1526,2213,2243,1331,810,1030,697,159,252,589,664,1072,703,406,1498,1252,1552,1265,851,2091,957,1316,1388,1221,1211,1168,1399,2807,533,2014,448,217,1494,646,490,1502,431,157,404,]
[973,56,356,1237,442,1244,518,442,254,938,481,240,427,961,982,522,382,940,251,1241,1338,3,1426,2087,541,2621,240,991,667,993,632,1320,380,1203,1399,755,1023,936,1649,2698,331,1527,1369,657,1175,406,2720,1720,499,750,479,1799,1391,409,1053,1549,311,1847,920,46,852,94,548,456,]
[631,64,101,371,1506,1518,3675,1265,320,724,1442,973,1127,105,976,789,1199,1090,2573,1686,693,638,1463,810,407,2481,501,959,2282,1080,338,1493,1264,233,691,2103,1281,2607,629,1212,412,737,780,1650,248,1894,444,281,921,1549,337,2330,1399,654,855,1709,227,693,771,2336,399,307,579,493,]
[83,1681,1473,66,883,233,328,703,2409,925,660,715,373,156,134,367,867,1155,1092,256,4730,1027,398,527,1065,280,465,984,1267,308,1060,288,183,269,1895,1209,497,255,1406,1433,819,712,1791,1312,693,1079,295,1240,1174,220,1750,462,250,1294,594,602,77,739,2219,209,607,1080,366,887,]
[260,1033,2330,532,924,874,336,355,1467,78,402,382,156,1542,1110,306,331,1302,926,389,202,2410,512,404,2208,810,598,774,1592,841,593,144,214,415,290,1683,499,691,683,621,2295,258,1136,826,379,616,200,1263,17,252,1313,1865,1326,838,801,182,66,1681,541,1701,1090,11,623,105,]
[1636,123,697,651,1147,1221,626,683,628,296,3333,789,2194,910,2619,874,264,595,443,1642,2377,1145,388,350,768,1435,373,1245,219,1136,643,1926,134,879,453,1038,476,507,1139,1802,564,528,419,977,533,1518,1818,205,208,593,146,603,306,1736,572,172,1304,193,805,374,1951,847,444,79,]
[430,1775,384,557,1160,307,568,231,3297,732,716,1208,701,1170,488,1408,2164,1050,725,570,491,535,974,849,547,664,1398,661,497,1599,332,499,1334,452,568,2594,1055,329,700,357,191,1310,2820,250,330,457,341,657,1047,541,49,2321,1950,871,690,1010,1139,1427,1895,312,883,1728,1025,665,]
[1298,327,978,783,395,108,1372,333,426,1087,599,53,753,1113,523,1769,2420,381,832,828,345,2043,360,815,396,441,463,1127,526,1783,1398,446,398,512,618,351,337,943,182,2068,1268,640,69,901,147,602,433,423,180,1332,483,186,1102,2083,441,705,1246,1602,114,157,2304,625,1133,319,]
[417,111,959,194,1441,2163,148,1360,116,2858,1263,21,329,546,1710,438,408,420,1299,842,1477,451,1006,202,981,875,1078,891,976,1010,145,528,489,1073,1607,115,820,658,456,288,294,1096,43,1667,1013,1506,416,968,2686,1276,723,1223,545,568,762,1254,559,689,783,1530,1212,1069,424,246,]
[1403,1802,397,1110,436,674,914,828,1287,332,941,38,592,715,947,852,987,221,345,1939,434,424,381,1153,94,312,717,1004,428,931,954,903,524,1143,516,304,536,182,149,295,65,704,1563,755,249,512,349,720,683,179,204,1157,489,134,821,146,273,274,522,201,200,1004,226,1151,]
[771,1945,504,177,773,688,160,1012,707,1958,652,284,1208,1394,1009,359,1663,1120,332,567,1120,1458,4229,3415,1395,63,258,431,864,500,1283,1651,479,909,3028,85,1471,2109,1411,765,1456,1120,783,232,317,748,291,1478,709,263,708,211,600,1119,266,371,331,652,232,629,1128,2100,747,930,]
[1945,721,658,190,699,900,893,1590,2103,422,531,348,287,639,140,93,1251,207,543,1708,884,400,1571,815,178,322,678,678,387,493,139,439,291,192,1315,563,336,1262,408,3248,674,890,238,935,630,1799,2225,78,999,476,888,384,127,1599,1035,1294,149,1145,1267,5,266,557,1065,686,]
[358,1116,399,971,865,457,413,1322,279,691,1798,1167,828,459,272,3281,751,420,552,609,359,1498,823,515,2043,875,1400,2324,641,627,193,803,524,327,3310,713,1417,1052,553,1664,193,297,661,61,1016,1565,1466,147,372,2006,320,671,618,1486,665,670,727,1704,839,622,242,1236,1609,817,]
[1117,602,525,2000,542,513,686,399,593,1532,413,1419,931,845,1123,1831,922,1177,969,511,1160,910,2334,659,1479,1511,991,68,990,2309,1786,145,3539,774,466,347,476,2523,568,968,792,501,980,893,177,1454,548,2060,1395,717,402,2342,1538,1358,668,410,1627,569,869,285,214,250,1638,1442,]
[704,837,2334,317,771,1335,203,267,1494,381,362,1694,967,395,69,2009,953,758,271,1528,652,1308,1274,264,1751,2707,1536,14,212,896,472,1032,1406,694,1576,114,782,640,589,2036,2651,115,1412,1041,312,5347,666,427,274,1099,128,78,654,450,686,1034,1632,620,1960,199,314,2251,936,926,]
[206,283,1220,238,568,348,738,772,237,825,942,328,466,922,278,1802,1312,486,1265,830,150,239,1019,79,548,1008,356,794,1403,710,188,365,978,1269,190,544,421,821,1617,673,275,153,1448,592,547,560,1117,801,1078,667,662,1087,548,1538,742,663,112,449,1138,1666,81,509,223,1799,]
[932,1312,853,1031,181,627,1429,606,742,1887,350,1979,1044,589,1141,1018,1224,653,580,102,120,267,109,1159,684,345,2168,845,530,166,181,591,340,667,485,800,645,259,308,1266,886,2203,513,426,542,2664,1242,324,1166,225,2919,376,191,400,662,1032,1708,563,1446,10,448,782,770,317,]
[665,816,679,895,331,124,2722,1732,994,168,127,1872,1082,1674,898,913,303,248,254,881,259,2232,1680,426,478,813,87,1109,414,1110,481,1232,888,412,466,1647,413,422,593,224,721,1317,1006,795,850,754,609,187,307,1179,804,1198,351,1261,683,397,852,1267,1857,375,116,1200,161,706,]
[1555,836,680,836,629,799,1194,408,341,365,618,2522,1997,581,1229,2241,940,552,263,1020,1116,1390,2108,2587,1578,193,637,1600,828,627,594,1072,620,469,767,889,337,371,62,878,76,2446,65,1989,348,101,569,523,671,945,44,251,379,155,391,163,774,2259,710,1170,209,2261,136,2404,]
[458,1215,625,446,1159,834,542,1965,428,710,515,585,454,1684,324,766,750,815,1066,82,462,1264,1513,895,683,440,515,519,1634,1136,283,1261,141,401,696,1445,1053,647,228,314,359,571,177,222,122,285,775,367,1661,202,871,1209,1034,291,1640,1303,594,1253,447,1479,1283,1171,446,707,]
[1979,648,1452,1932,918,185,789,2066,869,1264,1030,707,400,2456,634,459,698,589,352,1513,1794,746,530,513,367,1315,579,181,196,1050,784,2978,396,43,1080,576,1006,173,860,1429,596,526,723,2290,1178,458,520,1678,598,2467,2137,1274,957,544,722,889,2046,956,65,281,281,2598,1362,1476,]
[235,1017,553,172,162,1690,416,251,500,39,1215,308,784,872,682,160,366,448,538,296,324,241,253,726,981,1229,97,314,943,682,707,332,815,1183,1075,1339,166,636,2143,409,152,99,555,578,384,289,596,1406,962,858,444,568,600,299,300,889,1487,225,1003,502,83,478,718,51,]
[1519,376,2019,111,986,346,610,1547,170,661,1958,2306,1027,468,1109,2378,536,1713,815,2490,678,771,428,1254,556,476,3322,829,1135,1471,494,260,567,1434,917,302,587,917,1309,575,1942,3440,1062,1291,1233,723,3045,1316,325,541,1708,232,821,1510,358,777,963,730,1287,211,1316,1212,565,490,]
[298,337,323,687,291,705,299,736,697,281,1187,417,409,564,333,172,199,574,1456,795,2435,194,131,1106,389,1166,1829,111,348,278,558,325,575,608,628,1465,235,397,240,232,325,397,119,133,699,176,371,61,605,938,226,1419,729,98,533,75,837,80,482,759,1356,590,690,283,]
[493,1156,1615,631,80,1547,337,842,1465,967,1263,2226,248,1115,2212,871,508,1693,154,1015,1074,360,956,352,406,1311,1980,735,1175,471,66,2519,46,436,1256,863,343,440,465,2004,1698,1861,2466,782,1722,1354,1008,520,702,562,41,1670,954,355,593,634,1167,1412,1300,931,1425,1559,413,1610,]
[902,544,558,177,329,927,837,581,2438,1426,1088,1060,486,844,703,451,1746,684,1744,650,1030,190,1140,715,336,324,1458,790,1394,1329,2656,781,1590,259,1243,342,1258,162,160,556,549,1018,50,974,2326,1761,1358,693,713,1005,1362,338,948,598,147,279,58,404,807,826,611,951,474,304,]
[654,934,990,1515,1099,358,269,770,212,755,915,510,1176,189,1793,1434,2212,814,1532,514,668,823,650,1059,480,900,486,1589,872,2756,469,219,73,1332,1566,1354,1802,111,971,1128,330,859,1083,1821,678,528,387,481,608,782,534,127,1186,1515,323,696,1845,1796,2102,2815,385,404,188,468,]
[949,2310,1435,372,2125,1313,306,280,1449,99,165,1237,3703,636,507,1282,2300,1081,214,1817,462,2684,711,1641,2172,474,583,778,508,1527,707,560,2181,2698,207,2530,1149,881,871,584,221,830,289,3419,422,1915,283,266,2897,138,297,173,2243,374,1776,1075,1527,2063,2253,393,916,365,536,497,]
[573,2075,1035,501,1024,559,270,1109,455,623,575,1458,1193,123,1039,1652,820,962,583,433,552,286,1517,753,397,282,1308,426,807,326,798,2055,301,2366,1327,1037,499,625,940,2584,476,1523,649,1248,1464,232,213,1375,827,983,2030,671,348,605,999,527,2506,1137,250,179,373,785,1064,493,]
[431,456,1412,247,1299,575,730,2824,852,3044,1389,4564,3022,2904,663,595,829,37,1171,1053,1977,2494,916,295,1857,326,1518,2540,1204,1138,1198,475,304,33,124,118,623,215,647,2567,1065,958,2016,1189,318,585,706,2615,691,932,651,1620,867,201,125,1137,1071,884,952,2444,703,1603,100,298,]
[811,1754,595,1133,46,2069,224,1589,1545,1714,1292,148,2026,982,954,556,851,1019,411,1225,1097,167,1620,423,182,1474,923,751,573,1584,672,1368,905,252,2986,541,1809,135,284,483,1308,1470,640,921,563,792,532,2465,1044,157,846,689,2737,293,1341,526,290,1570,827,133,982,1146,534,337,]
[463,422,842,214,1042,410,492,1038,4016,988,529,958,377,883,2350,724,1034,1188,555,789,1371,1330,78,72,414,1340,1527,1666,125,1563,350,386,337,198,403,371,1179,689,1203,187,1336,1243,534,241,796,368,1987,211,445,747,664,1257,313,345,817,171,432,472,1215,161,345,557,238,608,]
[195,707,1218,272,1070,796,530,518,1307,1899,521,169,1517,1721,1995,253,1258,314,274,886,771,1441,669,1493,101,50,1115,604,80,248,476,1164,685,381,98,814,793,596,209,807,1425,220,348,82,165,2577,1060,680,1535,116,1311,406,653,270,1697,1034,1184,491,1891,872,2071,1136,711,1073,]
[888,967,1436,585,909,253,644,2111,978,475,1032,304,455,425,250,534,560,734,1595,623,121,529,1234,1028,514,695,427,1209,2150,882,148,951,337,242,400,1770,1209,1231,3664,533,2988,2032,102,696,1098,521,679,959,125,3486,877,3150,1307,346,318,653,1311,1334,1310,1293,399,866,1642,571,]
[159,159,1591,963,420,229,484,874,1031,1706,613,757,205,817,1677,1561,167,374,773,1822,713,757,500,685,502,294,1748,1732,202,382,744,324,761,3332,299,650,764,508,2750,1331,2619,1398,1453,1332,97,2303,1714,254,395,293,616,835,1423,1847,2386,33,150,473,897,713,497,371,342,391,]
[392,1144,1002,1436,3145,932,160,696,326,981,703,1426,2528,75,33,669,1094,108,19,486,440,710,1136,524,411,1709,1536,542,328,344,1006,436,183,1211,209,278,668,568,803,40,635,343,976,996,870,805,651,304,1315,184,1607,957,165,1391,177,2175,275,325,71,585,480,270,897,1313,]
[157,326,1166,787,722,420,338,2171,501,459,30,399,2920,589,505,42,660,1078,1804,2889,983,510,2351,440,290,584,361,2899,149,494,292,765,88,535,855,752,729,371,697,62,1213,38,1747,922,1078,312,1456,473,551,164,312,139,844,1148,291,491,1003,170,242,2249,375,3294,1187,936,]
[484,574,1971,359,489,1179,510,463,589,208,1545,583,104,199,1352,2056,1053,653,350,514,387,2468,304,741,1104,334,668,494,1039,1123,1597,361,184,627,1167,1150,402,590,991,170,425,947,1026,832,112,243,434,659,773,81,1123,1509,101,1244,2117,1534,2062,189,552,474,46,1078,587,330,]
[104,261,738,138,688,1634,546,1369,1524,208,798,686,1026,1436,1047,318,644,1319,798,597,238,543,640,1770,618,2712,1102,670,221,421,717,1094,1096,402,1005,330,838,316,310,1249,176,380,1202,601,345,1774,527,689,914,277,674,1970,980,864,1402,1209,1090,475,160,791,479,1181,852,1799,]
[383,861,1227,538,1043,800,502,2245,650,1411,1452,576,253,645,1797,1069,850,1422,1098,118,507,494,1113,2336,1049,426,377,1497,1167,885,113,216,902,962,424,864,959,1051,1271,549,1176,231,364,716,2046,208,948,902,438,976,591,772,2529,1486,1194,295,991,213,396,735,689,922,170,1368,]
[449,1010,749,834,1243,1390,613,337,1466,611,543,1009,873,577,2077,1347,319,1352,934,596,1052,604,2336,1430,1603,466,976,411,2042,469,1238,190,1323,682,1274,1727,303,834,1268,208,1705,451,920,1973,712,589,495,1340,308,385,523,571,1943,3155,178,610,2586,1060,1746,268,844,321,1412,608,]
[360,1122,2502,1565,133,285,1011,350,423,1015,1965,949,1336,539,1450,298,707,505,1736,1213,1353,1183,1657,396,84,1044,1407,1515,1382,1610,945,1454,258,1124,247,884,372,991,1972,473,502,168,1537,382,1827,1133,1110,968,776,1118,187,2122,1425,755,375,519,423,1764,616,634,562,440,2351,894,]
[723,1053,1206,455,156,475,295,1366,1991,153,1340,1610,2541,1299,154,539,550,988,454,993,84,250,1005,223,233,647,393,372,680,352,2168,719,897,802,1050,1717,787,645,126,173,752,1124,758,2274,411,388,1453,323,104,2061,946,1007,481,183,1372,53,293,960,86,2100,288,71,317,568,]
[220,744,130,364,896,598,418,506,95,1062,173,485,280,234,958,601,863,355,1021,989,385,479,512,1459,2490,326,442,784,1890,2746,790,173,840,1021,134,407,372,1304,117,1202,1266,1314,1262,25,949,181,1693,499,321,527,788,415,2392,1821,2320,1416,182,278,1578,150,211,389,690,2876,]
[321,471,948,418,1162,636,579,2495,500,797,1505,819,325,69,310,345,582,1513,3264,1186,1414,273,1824,342,962,1501,806,1302,1751,130,1175,3119,615,346,1255,1567,901,799,1365,660,492,726,238,183,685,926,843,505,1027,766,1483,862,998,828,455,983,1411,377,737,754,979,915,395,48,]
[1829,1258,1198,832,565,929,1092,350,961,201,1711,416,672,562,60,302,743,916,966,261,761,246,1941,201,1052,681,2628,1135,57,976,1331,492,278,371,1552,366,768,1367,517,504,173,975,494,319,567,537,831,539,1198,2471,1402,1019,375,258,2467,819,373,159,579,466,1544,1541,1038,1492,]
[380,503,408,233,2670,621,1696,1006,1590,1271,249,224,889,1396,241,460,739,2611,1833,531,594,862,2041,999,663,1131,995,434,403,260,270,203,422,2326,1580,2987,827,549,741,2068,1229,1481,629,1188,440,1333,813,367,971,1222,267,791,1404,795,1183,1213,419,544,906,1696,1208,286,138,589,]
[1957,2284,2349,1259,2545,165,335,1432,387,320,254,430,183,1143,2334,3365,312,819,897,488,502,422,294,444,766,87,948,209,1484,110,1072,2541,185,672,1550,830,2586,520,17,384,441,653,2555,2191,689,491,1799,1013,517,135,355,840,202,452,827,595,570,1726,824,1376,2175,895,284,1290,]
[218,876,575,458,111,261,554,377,506,1988,406,53,31,178,1232,52,792,1240,1828,559,264,336,1117,158,1736,2156,944,941,1023,1127,1294,299,1565,376,596,373,1107,494,305,693,686,2077,1368,878,1646,421,856,452,240,1599,923,678,624,2400,315,218,159,119,1917,2423,2464,1104,1007,1541,]
[806,607,1412,854,404,211,817,609,1808,609,347,943,2197,3074,199,1438,730,433,1280,271,564,74,1549,943,180,1817,2333,557,263,56,645,840,317,860,765,903,2177,277,1371,929,177,744,1285,1750,148,1303,382,766,872,1600,482,682,144,1173,823,748,442,641,416,1391,680,1785,963,499,]
[2199,2118,1103,2006,1234,1105,676,1291,1431,1436,391,540,87,813,1331,487,1913,578,831,646,1262,745,58,349,1430,224,1373,302,168,656,954,585,376,448,287,916,65,759,940,1131,551,139,85,212,1247,779,452,638,276,1437,364,797,938,883,3835,1377,202,860,609,1555,618,577,952,1156,]
[138,3888,51,493,504,1555,490,243,827,704,788,435,629,1226,262,427,267,1349,536,219,4499,568,613,1682,1472,301,522,1607,2065,16,344,929,1981,775,723,345,1351,492,1241,1167,954,826,186,117,673,211,521,493,1167,3288,1608,1598,1249,814,2282,810,82,224,1296,1087,470,635,2403,1335,]
[1687,705,556,328,1757,1923,1142,373,215,560,709,766,951,2207,521,869,1681,363,442,348,210,177,20,1102,290,407,1761,516,1420,290,679,3200,957,608,1478,663,875,129,376,1035,52,274,1943,1099,1135,1138,426,207,1367,286,1215,1497,1430,1980,764,432,1316,879,291,1069,354,1429,446,516,]
[401,1031,355,1438,1181,681,2039,260,1076,1237,365,758,273,1279,397,212,4157,4226,254,282,46,167,1072,1245,611,1499,349,375,344,51,456,1147,834,1176,2150,798,1430,2405,538,600,1653,1701,1496,1771,1064,978,199,44,587,536,804,532,503,222,607,181,912,228,408,392,318,251,992,481,]
[1527,747,137,260,347,1021,1369,553,279,452,301,1649,577,1928,703,568,1500,1017,1426,1024,102,613,1259,331,735,1836,2301,1243,1311,1359,119,530,801,718,137,421,553,946,484,96,1330,384,761,736,741,814,1210,102,81,1115,294,442,267,1165,233,293,2729,84,464,1107,1544,2225,1395,1775,]
[1047,421,180,1129,2641,500,81,446,1406,860,2519,1026,1016,144,173,872,1535,173,1099,469,595,173,401,707,2195,1088,3005,214,186,727,146,1455,1684,867,2094,1195,1354,1163,1313,174,2081,498,1896,130,309,245,1037,1469,2908,130,170,1081,494,1758,965,2268,392,291,1300,1780,1272,648,598,807,]
[1297,1190,329,224,910,422,1494,2764,1676,2384,367,581,1501,869,291,485,1611,1538,977,748,300,226,950,111,65,363,409,826,298,854,1605,736,925,325,1180,1245,505,646,1129,448,1352,58,1067,1645,1753,1154,913,338,1383,1757,1799,2074,1348,1305,940,1962,1336,467,419,1633,1432,632,2015,2852,]
[4545,1400,1586,93,844,380,1326,648,660,1708,2395,507,630,862,164,330,964,2343,568,691,641,1594,2356,86,779,430,691,207,1071,811,511,1754,669,307,884,382,688,402,64,515,506,888,254,608,727,568,476,938,2065,1065,277,806,610,393,38,495,1971,634,597,604,274,1251,335,466,]
[1961,1198,478,255,2233,277,864,1624,160,312,148,892,1371,203,2845,2953,982,790,109,2449,730,182,397,1790,892,772,287,298,976,1699,741,761,356,722,937,539,434,1483,657,2900,433,1096,1222,882,190,511,348,22,1456,2070,1025,826,1852,659,370,896,520,307,709,470,306,1084,64,690,]
[283,318,1010,1791,334,987,817,1018,773,814,106,645,105,1785,1413,784,605,511,254,879,1391,168,815,547,1203,666,541,785,80,144,173,1141,162,1025,1193,497,827,157,695,1004,243,420,920,91,876,275,968,730,663,359,460,447,712,1156,329,329,398,645,1133,614,1058,4737,1320,613,]
[419,815,511,222,574,783,563,177,1120,428,982,411,429,1382,502,449,906,549,587,538,104,657,154,949,491,1820,1563,39,1026,125,565,333,651,1214,773,605,658,582,827,248,615,1117,838,185,627,663,1218,89,223,261,755,1099,167,168,419,53,481,1500,40,662,747,388,383,564,]
[170,560,1480,767,284,2058,265,3049,3045,640,1066,461,1723,786,785,2279,868,1426,391,610,2173,1158,693,3726,1411,813,1123,277,115,897,1120,651,1090,2300,421,254,1073,1693,338,235,260,108,2130,972,1066,883,762,449,479,1434,198,1505,807,191,1832,686,1043,635,852,98,589,290,1455,374,]
[632,228,1129,1134,1242,386,1442,650,199,837,3270,725,446,1301,175,420,1729,510,1285,679,567,1165,2364,589,2101,951,1365,882,324,513,582,705,541,159,1089,1718,1010,363,513,719,1346,632,720,640,117,949,1012,675,1051,3569,2251,315,559,1298,532,1488,454,719,2038,707,715,895,2452,897,]
[684,378,1020,1193,688,1962,1941,175,247,456,93,908,151,254,350,333,418,1467,2301,783,1416,878,828,658,271,263,905,888,1304,766,181,1612,1095,1640,27,740,1350,387,843,310,252,900,175,503,667,278,512,801,1530,835,768,1143,286,1114,583,184,976,1709,257,311,1180,675,468,875,]
[182,751,611,210,1347,2537,220,599,384,199,691,453,399,935,234,2114,967,544,476,2572,94,857,349,976,2940,724,985,2183,730,806,645,1172,3375,1151,657,669,1394,874,219,471,785,579,864,463,379,478,1032,1460,1291,898,307,1446,2346,1315,1444,281,1175,1768,287,274,1268,2638,451,291,]
[434,736,257,255,591,297,439,572,1131,445,1308,581,1411,1829,486,849,655,555,612,756,2330,288,484,872,581,507,1289,1121,965,120,333,88,212,1764,1476,43,1291,214,271,1059,1276,898,413,201,991,952,1571,426,544,396,105,333,1956,1691,225,76,209,1034,66,791,798,391,385,987,]
[588,2026,568,594,362,1004,919,1974,517,1313,2570,459,492,627,133,2506,3181,1026,456,636,182,594,171,1411,506,280,517,441,1150,2945,851,618,623,1080,1069,311,1608,202,77,905,85,367,601,374,508,1035,918,480,72,1075,477,599,716,761,21,1198,2920,394,1536,350,623,738,589,2452,]
[32,1776,283,2119,109,567,1123,290,1632,3096,1846,901,2218,221,687,1140,246,301,153,1494,589,1292,152,551,252,471,1944,675,707,426,498,599,672,982,1756,1659,392,1486,127,167,1736,488,1233,534,938,1520,65,153,219,1212,433,236,188,763,841,471,473,1225,941,643,366,3205,583,1857,]
[493,1627,351,278,1154,340,2879,565,491,138,577,552,987,374,195,850,3594,785,1103,427,658,471,1212,1289,1349,2406,336,699,1898,1369,3870,1050,989,580,981,965,698,1321,82,385,1524,967,1868,1980,636,470,510,1982,730,641,1325,519,745,464,624,1090,1113,2336,820,878,557,1389,1929,554,]
[1708,1340,949,549,873,189,859,1550,410,589,738,1325,1366,863,1265,725,774,1027,1363,248,1211,548,47,902,846,81,87,2230,522,220,1075,630,565,1228,688,833,1173,1727,911,379,1011,610,420,551,475,841,1461,498,459,666,764,1367,549,781,973,1027,57,131,227,423,187,723,1559,603,]
[204,271,442,1519,177,112,449,2565,1529,324,1361,502,633,1327,943,253,1782,199,1080,573,1039,3337,421,758,2665,1553,619,1912,610,602,1226,191,345,646,601,1105,251,657,123,696,1133,614,116,435,506,900,1520,679,1504,736,79,154,343,155,804,1521,394,172,1722,607,993,397,1174,892,]
[1431,393,287,171,447,1541,140,698,146,56,978,2118,744,623,174,70,1237,1746,189,1428,249,606,494,678,1273,2151,1779,1152,556,549,414,2141,398,217,478,2572,2156,651,414,1440,720,479,902,216,796,632,621,1458,485,589,967,3104,1641,1278,860,1562,1049,825,281,633,1218,222,1274,304,]
[693,69,2106,918,1705,671,544,1416,337,582,958,1671,35,1543,1277,1229,244,1129,482,419,932,681,1562,726,167,911,594,552,104,79,954,1087,770,492,396,791,1301,955,460,297,568,710,450,296,684,1064,264,437,349,335,658,158,202,458,1031,3052,1900,1344,714,426,716,513,190,1974,]
[398,1205,2011,1166,136,325,284,250,1679,1367,3522,836,669,2870,539,291,274,498,825,267,231,1264,1009,536,552,80,972,718,1381,3320,1594,779,422,1017,257,1460,730,514,902,461,2814,393,402,698,997,973,2109,3381,442,1832,1527,303,3279,544,570,2407,764,2075,344,1843,323,2161,1838,2296,]
[208,179,668,655,193,279,90,538,320,692,442,818,286,570,150,187,208,847,493,776,394,391,101,838,1031,365,102,579,383,1620,284,837,1270,51,474,172,395,2406,610,210,232,359,383,1029,340,443,608,161,295,279,574,1475,208,382,138,787,557,419,1007,158,1867,1163,629,376,]
[175,570,402,625,1147,2565,853,999,487,2510,1451,579,925,687,1445,262,1764,1327,643,2920,1447,566,39,1659,576,585,1226,1180,476,1650,892,1325,185,233,698,673,174,862,541,907,360,68,386,950,271,1442,524,1207,2148,1678,1285,767,980,2829,1391,1027,1382,688,203,529,510,301,641,129,]
[283,1628,353,414,783,513,347,446,71,274,960,123,584,723,184,2142,1174,1308,1598,183,1600,1730,1236,267,753,1082,411,121,2507,622,454,997,233,1069,575,736,762,563,1865,582,464,61,702,1414,867,1356,613,1091,370,625,1228,142,655,1547,1895,1245,2209,2166,1337,76,782,1185,190,616,]
[373,957,352,1473,1321,639,926,165,809,328,235,2410,1068,890,650,1488,2532,431,72,1271,870,1749,944,1529,326,101,1936,1803,173,1035,2554,635,584,1107,1146,722,918,1709,607,740,899,1356,1192,2312,267,1134,502,1161,171,630,1072,1297,815,1076,139,1502,1040,731,591,259,558,1720,377,1280,]
[1260,1386,487,1140,653,496,905,646,459,181,1094,685,641,191,1793,647,1138,1292,590,790,385,282,1402,1292,1146,156,545,168,1685,446,913,1037,278,1143,827,1947,1774,1663,439,697,1234,595,298,107,210,1344,123,2160,1731,441,539,1412,853,412,380,483,426,582,188,1803,741,485,2142,1538,]
[1061,1071,177,1670,1637,520,1676,845,177,1611,318,1484,949,1108,673,773,1320,1273,297,1544,2391,1722,486,1410,201,625,420,330,1502,522,803,285,500,1328,1419,1154,637,516,1000,2399,559,2035,896,130,298,562,727,781,723,731,1384,341,666,919,830,673,751,2215,565,1323,1073,262,770,1220,]
[522,352,1928,590,501,577,531,1166,1828,118,676,302,288,1794,485,718,464,849,173,345,413,432,57,159,288,1245,432,403,715,278,291,462,456,1149,1015,338,352,790,625,666,206,238,52,1300,124,652,242,884,749,478,244,2073,556,285,372,337,2267,1836,300,35,989,2294,820,391,]
[1744,467,439,2629,106,1519,938,735,2668,435,674,1622,337,1097,906,4857,273,133,266,1445,971,1544,1807,596,1049,326,432,562,488,441,1281,373,1094,460,913,458,605,244,1012,728,1565,1453,610,1200,299,398,481,2439,1260,816,568,1289,1270,867,2831,402,349,1491,269,1107,729,179,1309,389,]
[2129,302,493,787,548,199,706,1904,417,1529,729,497,647,539,280,762,377,220,186,1148,922,1798,152,975,1151,910,1242,75,250,223,386,247,253,473,955,151,1307,921,308,1145,340,1273,854,605,209,1168,1049,1093,1144,466,671,1251,534,183,31,1710,337,643,2265,198,42,451,934,466,]
[1367,981,1825,307,1227,2269,377,458,1345,1855,599,1197,697,1412,530,1382,538,1220,1087,955,811,1343,299,172,952,1510,687,1126,998,1583,584,554,641,600,108,386,773,1044,759,355,254,791,3126,1630,615,526,1403,229,1134,1502,164,360,627,170,374,2464,636,1423,1027,121,599,484,197,336,]
[1472,869,1135,1329,1983,684,989,517,659,1575,139,230,1260,721,1002,1931,1317,305,2152,148,1116,838,1315,933,333,687,769,851,539,577,2394,234,1281,1157,201,1117,471,1130,1052,529,891,1656,262,901,901,1266,920,216,5176,1760,456,59,921,1478,1445,123,1757,1739,529,3491,1367,227,304,2203,]
[777,586,262,359,123,665,1561,277,1226,397,1154,387,1625,1356,983,1151,362,413,767,1109,1247,240,893,110,243,986,1317,2499,920,224,1992,1185,973,2663,157,912,1150,638,1018,77,181,1723,488,409,1405,83,1465,2498,1073,620,724,433,716,71,331,1623,332,265,743,327,362,1415,847,1040,]
[553,241,1053,516,273,761,127,782,2083,460,689,3043,149,1069,766,1739,2242,395,144,755,226,441,778,930,1272,263,842,2190,182,722,294,244,1274,1281,1101,937,814,74,2172,448,88,487,247,1154,699,1356,976,3406,737,46,1742,300,2768,760,1174,1811,29,899,950,1580,910,10,871,1516,]
[1005,424,512,835,1684,855,2748,796,1010,241,389,748,1082,150,602,524,449,1623,204,680,273,89,2453,892,168,293,734,147,1295,1008,502,544,916,563,1094,310,2263,212,1152,1537,797,252,956,947,329,1226,855,254,586,903,941,2478,884,2091,695,2642,1135,966,678,929,108,475,891,1473,]
[1265,2899,346,1064,955,50,813,930,536,910,636,123,543,261,1092,617,974,1177,1036,802,552,1676,397,1050,2256,752,272,596,269,171,715,1032,941,758,1505,513,433,1963,1435,1247,1088,573,1056,358,1261,564,1909,1672,650,885,462,1406,601,552,911,1053,275,980,601,612,364,619,1400,252,]
[597,1296,1048,1164,756,1466,413,70,73,863,760,572,188,335,462,1091,1636,309,574,481,1213,359,10,517,491,2266,78,102,368,1505,191,1506,252,1222,161,874,216,655,1241,1128,826,487,1821,610,183,917,2352,1020,134,382,973,693,470,192,601,775,496,572,181,1412,450,936,493,633,]
[98,520,295,1848,235,1700,542,204,246,1055,384,890,1335,157,1074,547,796,1149,109,311,316,237,366,360,285,1589,135,1946,353,504,901,1344,1173,785,142,570,63,291,774,1728,428,1298,279,300,2600,157,879,2160,466,832,1011,686,604,483,1304,707,410,645,1470,230,818,1949,928,2281,]
[644,694,1883,21,1612,1726,482,160,733,2199,515,485,921,443,1122,820,1370,601,865,1215,558,1657,935,266,965,317,504,190,1012,209,242,152,296,750,2571,1677,500,542,1783,74,445,901,1879,850,1181,1109,1014,352,644,365,254,548,559,220,244,926,483,115,518,1421,626,300,967,1532,]
[368,845,378,698,843,769,721,586,206,338,309,278,773,2509,101,435,1483,26,576,81,67,321,485,3012,703,511,380,487,1507,978,388,665,169,1200,1422,1548,875,171,817,557,2361,1451,1753,2037,787,2050,1430,970,321,999,401,133,392,341,3332,1130,963,673,938,898,1746,206,513,1232,]
[558,347,176,515,809,1094,607,609,564,1738,581,2100,792,1346,596,833,813,295,906,553,769,708,834,1360,1332,468,1142,2071,395,1725,1131,1146,710,584,285,340,469,1467,430,1256,487,794,252,226,955,230,1515,503,1407,511,903,475,799,526,866,650,206,306,1131,411,196,542,598,311,]
[695,879,1275,2138,1491,3724,114,1453,937,593,1668,434,119,841,262,672,849,719,819,992,1013,563,481,1751,394,158,735,324,506,685,1223,112,75,373,497,27,566,1541,2589,2083,502,92,343,50,269,374,488,616,1504,542,666,1465,829,873,1978,306,1919,1132,1477,1543,2590,478,666,1049,]
[865,102,803,288,586,2022,2218,942,962,165,125,1056,1081,152,452,750,637,3477,987,766,798,373,273,588,2013,988,262,1055,1129,666,201,1159,1358,906,737,2286,829,234,615,234,1070,623,677,903,3286,1151,228,411,729,255,650,810,380,775,176,1356,2436,873,506,1629,1842,897,784,412,]
[1064,232,3851,922,1711,989,2560,164,497,921,1798,1118,800,713,66,1530,1678,1045,573,267,788,650,1086,2252,667,343,905,742,852,289,20,1088,1789,832,361,1580,469,681,533,2167,73,742,788,273,539,352,1244,356,2757,378,1121,1488,1035,1121,353,127,1736,1157,762,855,605,780,228,670,]
[815,1689,1242,662,497,290,2659,815,2994,521,1180,1543,135,1052,757,566,481,23,1638,1064,969,785,1947,1000,487,1020,1717,859,1536,584,236,2038,361,610,802,550,238,1362,737,589,239,853,1139,1502,403,149,2090,1711,1305,848,101,227,765,1791,2544,2322,3543,490,1126,1331,2281,603,661,751,]
[310,971,426,967,503,226,323,584,1039,555,1746,1773,96,368,2499,1164,1400,2183,751,1286,451,829,176,954,831,413,484,353,1136,1576,483,414,544,462,301,545,249,3461,782,340,456,487,488,254,475,396,1471,146,1626,2519,153,107,537,795,224,248,2210,877,516,439,1092,400,262,1433,]
[476,143,874,963,540,1066,1897,1050,759,233,189,2314,489,1321,1097,501,711,1807,679,179,2108,665,736,365,460,82,783,797,1801,132,728,234,619,608,1787,570,218,1195,1205,89,2052,504,39,609,357,500,487,264,1016,1234,986,1113,523,947,553,1176,1089,1106,694,354,1280,411,90,484,]
[197,887,957,65,1144,2921,1863,664,1713,1072,239,1340,907,656,3809,971,584,523,227,877,1610,916,53,186,134,226,1308,212,2413,461,949,98,2090,46,1588,413,587,708,329,1141,509,213,777,1825,1046,711,300,2567,1154,681,561,1740,190,1684,879,765,245,872,882,287,1491,963,471,85,]
[41,85,779,579,1308,461,1219,2708,1442,700,1112,1263,681,1416,562,1548,1051,1059,620,1216,370,692,1455,245,449,122,559,632,2063,2539,504,758,57,1070,397,624,91,1374,141,837,374,627,1088,166,2069,588,258,272,603,978,588,1283,1076,1577,2193,1455,924,539,1148,763,310,573,941,1887,]
[921,545,1492,746,101,457,556,716,1101,1013,805,1960,555,765,589,2449,743,81,773,877,707,386,800,867,1675,2024,1265,217,351,715,237,567,1038,698,635,182,3024,880,364,175,612,296,1913,116,971,1249,761,249,1175,605,314,756,1107,449,957,295,678,536,331,212,608,1021,926,1417,]
[802,2812,787,565,495,471,1166,1237,3736,1942,556,417,2174,186,472,391,788,1085,949,229,1190,147,137,1101,954,316,1041,1531,1477,2233,1525,1852,1361,443,1206,858,187,493,388,2722,453,561,680,718,637,476,372,261,492,308,1194,240,473,523,470,261,3324,1791,636,454,1050,1012,2798,281,]
[939,757,996,351,1440,527,374,739,951,373,974,173,1142,1285,1363,805,783,4026,195,212,469,195,1091,2388,560,1415,321,2300,1280,1625,712,1192,2110,379,448,490,1091,337,2450,1468,251,1080,551,297,2269,1448,538,271,305,842,393,701,291,577,498,372,601,1741,700,146,1178,183,239,3442,]
[312,277,797,900,2934,496,101,552,617,685,702,812,1273,753,413,583,563,483,639,1404,433,852,1069,462,2458,2994,264,1915,544,1099,719,763,2063,561,569,657,1231,408,1081,405,650,2551,926,474,868,657,864,1706,743,1810,766,1862,855,413,504,3807,350,256,1058,1057,909,1719,262,261,]
[620,468,1107,788,1301,1282,1831,1236,363,1391,604,449,929,1531,1437,874,656,604,454,45,1489,635,564,202,316,260,825,289,671,3530,1009,393,429,575,33,779,787,1333,117,646,387,92,1771,808,1404,71,779,1225,1428,653,417,636,854,329,464,984,281,2538,301,386,116,953,898,453,]
[295,888,1076,1482,671,674,1912,850,848,113,142,294,870,547,2176,987,279,483,1376,1361,793,1218,1299,723,491,1069,911,504,808,1381,1120,1195,798,1548,460,1204,410,2377,477,1424,445,840,792,579,449,1007,250,227,482,440,669,473,649,655,374,1793,332,1655,1501,347,863,1839,616,1400,]
[175,184,235,19,1629,106,80,1596,389,653,335,625,987,718,1063,721,396,603,641,365,138,1375,475,588,1815,1389,210,651,272,133,771,1483,626,220,915,290,599,837,341,1182,1244,1626,441,275,1458,1641,480,109,2087,365,1235,2443,459,1311,438,1588,1012,519,1399,1148,812,356,757,1038,]
[37,1469,494,1028,323,499,2518,465,1870,884,260,1013,535,766,1070,416,1548,1089,463,798,63,655,695,534,991,1584,490,565,740,699,185,1153,527,445,757,808,505,516,171,188,1009,408,178,1126,625,291,235,1037,585,749,788,140,37,1583,395,607,1604,1085,411,1016,647,1258,252,448,]
[1007,1081,640,2572,537,237,2257,610,217,310,2065,151,607,547,1297,1447,457,1957,133,276,443,70,709,966,197,970,1383,472,1866,838,277,313,386,506,1210,213,1688,577,2867,2036,1819,392,461,347,539,2189,1015,537,1013,337,745,412,794,365,1004,777,327,834,907,1162,245,328,1234,1057,]
[1129,357,170,677,156,190,195,770,248,586,415,583,678,641,381,161,444,230,1191,787,311,1026,1047,40,998,490,1698,2037,980,452,264,118,387,1500,187,806,714,810,299,59,287,287,673,574,601,630,1562,2196,58,756,873,204,203,1756,781,1439,345,503,1471,668,647,819,244,1206,]
[594,670,349,234,1000,329,830,122,477,875,1610,1973,652,334,855,1197,327,1836,602,489,1424,947,1534,1551,574,540,261,245,1063,1039,591,1544,745,708,3373,1046,2109,913,848,965,1153,126,1085,207,517,608,608,881,725,706,2891,5153,491,20,963,2344,498,2788,757,971,1782,808,2215,456,]
[913,1318,2091,105,1571,477,423,1379,1669,923,2132,562,587,1705,597,673,1989,470,1915,493,269,805,59,850,624,1516,636,821,780,3220,850,2201,314,301,1000,568,864,886,234,114,1291,235,627,281,854,264,1611,1430,224,418,324,278,73,395,545,2429,233,1231,325,454,1373,548,994,250,]
[1147,561,394,1315,1647,1186,618,622,402,290,761,1336,3601,939,361,313,2086,767,97,404,401,1099,2242,1304,543,106,1250,2571,1175,1381,2052,2217,650,498,1626,745,240,265,1379,1700,1994,337,2448,1140,208,969,392,1032,964,673,43,1328,512,492,448,1449,151,185,30,271,1160,1167,775,112,]
[217,711,945,2656,380,622,1519,2096,432,2308,1122,437,2895,810,442,2167,533,491,486,955,261,341,756,2752,546,531,289,904,3496,192,891,697,636,719,882,943,538,917,1407,1182,571,1463,426,2172,240,1423,250,283,556,4555,214,1263,431,1119,1784,173,196,519,1642,794,1044,639,570,693,]
[270,1520,1261,1622,1234,379,483,694,627,590,1493,453,603,1316,1608,1193,1201,2140,754,2072,69,1111,364,1139,448,499,1580,1022,823,1254,254,804,985,673,949,1828,529,132,265,1373,2650,817,1311,733,391,2664,537,818,997,634,309,669,1230,1670,274,564,1334,1790,459,444,1155,3071,1927,1701,]
[1068,524,355,643,2571,911,2484,894,524,1163,410,1295,1216,803,596,340,501,980,522,1557,389,2206,1809,630,2195,324,1148,917,484,184,378,1842,1155,284,630,823,311,915,871,256,662,275,401,225,593,2297,909,1363,595,1386,330,1598,502,866,640,400,708,991,2254,798,317,446,1402,1060,]
[1215,874,554,1306,229,651,794,330,368,649,698,398,1073,1034,1106,524,663,232,1741,773,924,447,2755,328,700,229,318,1346,356,1121,1146,156,661,73,909,573,682,510,1483,967,333,3647,548,570,226,787,1795,809,279,2426,860,609,1586,1440,368,2929,232,601,816,579,1414,1075,447,183,]
[1635,751,251,193,571,455,1397,1611,333,1933,338,1035,1313,400,1052,423,1118,1311,618,1887,1311,909,1316,829,734,362,1146,544,498,290,1757,560,221,365,716,1213,1014,891,323,1024,823,1617,306,864,410,1238,2495,1015,897,71,614,1770,2662,2827,1174,836,827,3871,881,3983,924,85,505,662,]
[797,430,1143,1106,570,975,831,265,1603,1088,1489,1135,103,1173,314,1886,185,879,340,640,496,659,922,1397,110,366,149,138,286,1199,551,91,309,31,986,1512,2007,1212,17,3176,151,490,324,4155,832,124,1345,246,1254,1116,898,274,1712,757,448,285,1875,1583,559,276,421,471,83,713,]
[1644,1225,701,4246,187,995,639,919,2693,42,318,1425,818,1960,1012,2172,409,309,96,310,301,447,1237,2468,1233,803,500,272,1675,342,865,718,1312,2456,349,273,274,113,1016,786,4002,192,1446,997,789,98,1073,952,1673,201,813,613,1370,854,1943,1005,520,870,1405,632,223,1066,710,288,]
[1624,1531,220,528,54,1362,751,1435,1494,1868,1048,1498,2284,566,4886,606,1008,1142,264,72,863,225,2066,1035,840,1205,1306,1171,2116,1631,446,558,556,1630,708,978,370,1078,172,1291,154,586,401,860,249,354,181,2925,934,654,979,368,93,483,606,2841,574,210,1460,1269,412,223,445,1858,]
[592,245,1706,519,1058,943,46,560,1066,357,837,1232,1641,685,193,929,45,636,1342,743,175,672,653,2167,385,448,300,2707,424,1915,400,765,2531,547,1140,304,320,480,515,717,977,868,872,260,1037,492,638,271,94,284,599,268,2229,251,578,261,414,376,2033,236,212,2101,90,579,]
[0,1,1,0,0,0,1,0,0,1,1,0,1,0,0,0,0,0,0,1,0,0,1,0,0,1,1,0,2,0,1,0,0,0,0,0,0,1,2,0,0,1,0,0,1,0,0,0,0,0,1,0,0,0,0,1,0,0,3,0,0,0,0,0,]
]
