This is computation ability:
[
[0,0,0,0,0,0,0,0,0,0,0,0,0,0,0,0,0,0,0,0,0,0,0,0,0,0,0,0,0,0,0,0,0,0,0,0,0,0,0,0,0,0,0,0,0,0,0,0,0,0,0,0,0,0,0,0,0,0,0,0,0,0,0,0,]
[0,0,0,0,0,0,0,0,0,0,0,0,0,0,0,0,0,0,0,0,0,0,0,0,0,0,0,0,0,0,0,0,0,0,0,0,0,0,0,0,0,0,0,0,0,0,0,0,0,0,0,0,0,0,0,0,0,0,0,0,0,0,0,0,]
[453,2080,257,271,2128,367,86,925,2257,2646,784,320,274,1989,202,2688,861,326,850,1458,2316,2854,1235,958,1554,309,94,136,2062,935,591,3529,977,194,877,1741,261,485,116,30,831,777,1029,1791,1464,908,411,2256,795,568,1576,701,2829,461,70,183,1332,387,1949,606,1598,761,1882,1443,]
[653,703,503,1096,1111,153,564,258,241,1525,1287,1267,826,1194,130,607,1241,256,700,377,854,240,744,291,135,637,694,113,1942,447,856,823,294,361,316,400,594,493,439,892,2809,727,610,862,104,597,108,110,1474,338,1100,358,324,302,217,963,227,655,323,693,827,534,1186,332,]
[110,1294,921,425,1298,2279,788,286,575,595,770,723,1431,526,363,1905,1055,1412,178,1622,809,325,864,558,1855,602,1237,583,1997,936,482,902,710,1464,301,319,2236,1813,410,476,929,1484,1493,2101,515,1170,2324,562,1068,1102,4342,861,2867,1715,85,558,185,1156,2248,1487,1409,2246,1127,937,]
[983,365,789,252,401,1396,892,1347,1470,1841,190,1299,297,414,259,537,1085,11,184,1483,874,1045,1467,203,1084,860,411,1375,442,3706,945,762,260,1195,312,861,978,900,111,35,402,296,907,1543,877,1048,464,949,84,719,383,837,646,348,893,516,778,132,557,82,1372,526,871,830,]
[3066,1601,70,918,477,2038,159,881,868,1496,396,1033,2356,470,1862,515,197,403,1184,590,512,660,654,1134,1709,976,839,566,1331,169,21,1153,421,1511,835,903,1394,1082,765,660,721,2732,1541,72,913,672,1204,295,266,153,1224,786,602,374,1431,614,868,89,1141,748,682,828,226,257,]
[951,242,517,689,162,1059,1077,204,409,2370,274,627,396,936,311,692,257,71,979,598,246,746,121,3627,826,610,1572,276,840,1007,132,545,1807,1954,2080,624,137,242,1420,320,585,2436,1680,784,383,255,331,166,139,922,306,316,383,94,350,1687,714,1275,2025,848,141,911,1826,1197,]
[1950,369,2191,98,1112,545,413,564,427,2386,383,693,795,589,3013,377,384,111,502,1237,16,821,474,2214,2174,912,591,1371,619,795,385,268,1046,662,220,653,665,1717,300,2185,1563,672,2206,487,1185,1736,367,1271,3948,338,2996,964,1322,1005,1202,310,638,989,554,11,1578,42,1450,635,]
[1411,170,432,473,706,477,890,1327,2208,141,573,370,201,704,207,850,955,335,892,143,1305,343,808,574,603,740,1523,851,334,1908,1248,1330,934,507,1750,427,2386,385,224,1466,3754,1452,1298,558,141,1404,1066,1094,1093,640,215,806,568,790,123,203,851,1305,173,924,259,588,1073,678,]
[1422,884,387,302,430,1152,907,696,1136,487,328,497,970,531,778,43,1107,542,226,160,369,1985,103,650,300,156,383,88,822,2537,837,253,78,1302,205,53,129,253,412,611,821,398,142,442,475,610,2604,538,1335,1024,491,701,260,1144,262,233,514,179,372,1553,352,355,311,778,]
[293,522,479,945,230,2226,543,886,56,2510,1027,516,1147,677,2084,110,690,1096,237,713,117,481,477,564,292,84,719,1191,616,683,1600,270,873,651,2170,648,453,1103,1483,911,788,774,206,404,409,585,766,359,2229,855,417,523,2188,654,712,627,1019,706,1238,161,368,253,2078,734,]
[1637,146,498,967,452,380,1361,828,1564,1197,1628,471,1143,1270,148,376,1164,406,2346,1622,1525,1244,2402,801,225,957,321,1272,1369,1073,521,275,289,572,2440,601,908,651,2493,192,1106,536,185,482,255,1265,1117,605,727,458,1358,1326,2666,421,609,1426,502,122,1193,877,652,222,356,815,]
[1414,284,1300,681,1645,1281,582,411,2663,155,117,334,389,91,3842,306,639,180,1067,665,1071,50,1149,227,1067,2085,430,922,151,216,1470,1573,394,442,253,121,1746,702,94,245,608,324,889,1604,388,430,565,87,849,732,436,1017,1427,340,1000,605,762,387,1031,219,326,571,463,1177,]
[1857,963,5140,867,468,263,1439,2319,1501,236,512,661,737,1215,643,513,494,1187,718,1410,384,177,852,620,735,1847,452,1562,613,168,1085,488,253,1804,1248,690,708,1289,260,1110,621,154,1974,2085,564,325,613,826,887,1257,612,372,118,750,631,699,959,179,2156,772,949,917,975,1090,]
[121,259,238,141,1227,82,329,2560,248,272,929,1615,755,1450,372,1807,549,1019,571,320,930,153,1366,1621,2541,253,262,333,724,397,1497,797,2712,503,458,1655,242,48,557,200,554,916,686,38,1331,2384,416,990,127,69,1184,1440,315,767,2291,813,235,1828,193,468,1137,987,224,435,]
[254,92,330,194,291,668,208,741,536,450,1428,943,703,1219,2068,847,1582,724,1033,480,813,1023,319,875,317,502,692,954,740,1566,369,119,1030,748,925,832,1174,1836,393,405,431,604,662,1040,1229,494,139,490,458,176,1184,271,999,909,2087,326,1003,315,2119,1423,1005,2190,226,1752,]
[115,584,400,398,163,777,1529,213,195,3332,425,1108,1846,526,3142,918,496,1325,2365,902,2949,1008,2303,560,1178,1229,3672,1255,96,249,391,545,660,748,1292,627,1179,542,1074,832,3806,716,898,389,147,795,294,515,86,650,627,953,691,1172,2061,549,77,510,2274,360,1071,529,2125,1550,]
[258,434,1335,1322,1297,2265,230,381,2290,274,1234,518,2337,184,601,875,910,828,278,823,1421,1757,792,2508,79,191,636,507,2451,392,1679,273,1238,943,939,1238,75,1432,1963,314,186,1682,304,1759,440,602,239,218,2033,427,625,919,589,277,80,458,1457,586,2809,547,772,1490,498,202,]
[1386,671,539,116,448,658,195,665,309,130,908,1017,667,243,992,1421,379,530,522,1126,535,1328,2077,577,1245,512,48,1410,210,2223,377,1432,244,463,1885,1326,710,360,1117,252,3152,786,987,1293,258,1616,1108,244,86,41,492,455,166,899,1785,1188,1546,162,66,63,690,849,739,799,]
[98,2024,388,113,439,748,277,812,215,934,1744,1386,35,578,816,1078,882,486,1304,528,1800,1373,238,1120,1138,647,1913,792,287,382,1081,235,757,267,91,762,311,278,320,860,1021,1198,724,776,65,210,65,1133,813,140,1727,471,252,2123,1111,2607,95,617,6,2257,3072,1058,1177,632,]
[407,799,708,1056,413,620,554,878,209,688,469,675,1853,2565,1449,2726,270,1270,560,310,129,180,951,1441,1799,1923,940,91,152,756,943,812,106,758,2718,1555,182,937,675,1349,1181,1601,2729,729,474,978,622,877,333,4009,356,689,1146,825,1344,1433,4213,645,1994,849,759,3071,107,325,]
[981,173,885,1366,140,414,787,549,1603,388,1208,212,458,488,64,2187,382,1907,70,487,327,885,1339,1992,385,1179,624,70,893,83,398,324,932,419,774,2236,676,1102,139,173,1661,178,1313,314,198,2148,494,1080,2736,846,676,411,667,1065,296,77,2081,1264,2768,1498,900,933,437,868,]
[262,502,529,1047,1129,285,1511,1781,493,1669,1306,1311,382,1709,538,738,1338,681,114,1091,901,738,1808,385,1547,273,256,1395,531,931,1944,1814,1453,277,558,1270,722,503,1593,1354,1667,62,365,1515,304,730,405,423,202,760,124,911,936,945,372,1184,1173,147,424,102,404,475,313,331,]
[1765,372,924,1086,156,434,683,343,730,1332,900,227,576,1134,778,556,688,1191,630,1630,406,1103,459,285,1657,1249,826,827,427,233,219,1339,1237,247,318,213,522,1782,442,175,1324,174,119,819,71,676,554,81,1489,1515,490,558,1032,1507,1182,507,1344,277,292,1404,990,582,2157,1263,]
[95,1276,998,345,1664,1270,557,549,1904,839,300,471,413,68,160,250,779,690,1327,971,1324,2261,226,155,719,560,1627,853,632,1817,355,343,1678,419,115,302,557,678,2176,452,2465,487,1910,544,1133,273,1466,714,566,1027,391,1263,287,1095,56,354,288,1299,2437,641,784,571,597,387,]
[195,585,938,914,738,484,291,978,506,1952,304,137,845,637,399,1470,1367,278,557,107,629,540,2083,2179,157,1085,208,172,360,103,201,810,391,1115,1822,1530,2805,296,290,236,761,231,1931,1866,1473,470,1455,1184,411,683,752,1190,113,62,183,87,82,497,308,1446,454,79,1448,1261,]
[891,902,605,1236,1364,625,1221,767,1547,919,1251,966,1702,815,91,769,246,425,1549,871,113,2540,1462,432,93,130,596,1379,1269,516,960,2244,67,770,1181,486,618,1343,976,490,1624,659,466,290,693,1215,555,1126,910,442,1457,598,3140,2931,1237,125,443,1189,163,884,141,597,356,1070,]
[986,1101,280,1429,565,196,838,253,414,327,134,173,1288,1724,1086,1462,2312,52,1256,548,1618,1186,162,1411,766,672,503,2394,2548,1332,596,361,326,30,1361,1216,483,2284,19,588,766,1431,590,1423,338,1435,687,673,1015,467,2058,248,1516,705,767,685,648,676,1246,129,370,1990,472,291,]
[1008,117,957,831,571,796,1030,533,2233,649,286,1019,348,460,2156,584,268,112,254,494,489,2085,943,391,1448,757,3718,2080,702,475,402,1010,421,462,735,190,603,220,649,878,809,833,1225,202,1798,945,793,620,156,764,1339,1582,849,218,1336,2006,880,533,607,394,353,597,685,224,]
[739,359,1490,844,1874,174,191,1071,1665,610,226,1320,396,1616,455,75,1572,475,166,1392,1506,372,363,637,524,922,1730,392,1069,1193,524,681,328,204,537,1125,649,811,155,685,541,301,419,1042,76,2577,1153,1114,596,1229,698,852,656,68,578,583,531,1879,1876,260,509,1387,714,3850,]
[1357,1218,670,382,26,1919,891,576,929,762,2774,1502,685,188,1141,944,521,1520,628,1179,347,482,480,1245,385,329,1273,1113,579,953,890,927,1034,251,164,310,626,309,243,952,198,1260,700,687,342,515,125,659,894,264,564,1179,566,1722,117,1691,123,645,490,529,550,573,1517,1701,]
[271,562,523,1028,22,2310,723,1301,1834,1037,829,56,290,534,958,1762,611,216,870,107,2185,876,158,805,2861,1248,492,534,668,987,600,1745,504,347,220,216,316,1884,801,789,874,189,132,976,1474,3521,234,2407,2460,397,260,1419,1102,489,501,303,415,1288,1203,1066,478,1503,1779,617,]
[522,342,706,257,852,574,439,503,643,320,386,692,287,208,49,3549,285,295,476,1146,739,334,797,646,1410,2856,2426,1281,1858,1795,1237,279,838,167,281,256,144,1366,1477,1258,438,371,78,289,282,517,257,1602,634,1375,2273,1357,950,400,894,616,1843,171,843,1238,86,1456,80,510,]
[720,1003,740,300,460,1931,608,123,1586,1230,405,451,1545,64,949,561,1690,754,568,616,1083,1502,988,965,1146,773,1261,1357,1683,337,792,221,1892,1241,1935,355,904,751,1668,924,810,173,388,231,1800,824,363,691,242,1334,95,1169,3241,126,317,177,1180,1223,134,958,387,344,196,649,]
[1127,1192,242,1508,1157,732,1013,1037,847,760,1166,901,52,701,241,72,1109,839,1156,855,1668,728,246,857,1158,881,616,934,904,685,949,721,277,343,1415,860,648,276,462,18,237,543,1479,1648,352,298,2056,652,302,369,529,603,1625,651,223,141,160,644,313,1313,2194,110,321,1291,]
[787,610,528,168,1931,976,788,183,1005,856,401,524,541,3333,1537,526,287,1124,1277,462,736,1073,873,768,173,417,454,756,2399,108,182,2050,1077,176,8,1040,202,1552,512,282,386,1893,1137,1195,659,1918,900,168,769,1294,1080,266,1034,2300,1488,124,822,655,208,772,770,843,1842,1410,]
[80,298,460,1335,2387,926,830,595,813,557,1140,737,348,1134,199,86,804,389,725,627,34,1606,1649,996,12,1346,1105,289,994,136,1578,852,483,1454,410,570,639,574,990,883,760,348,372,502,372,2497,284,261,497,608,2123,988,439,458,269,1533,810,64,322,705,1690,138,71,1687,]
[1062,937,1078,433,1188,726,606,934,176,1114,327,735,1497,870,976,1887,72,708,871,2941,845,2464,402,740,591,679,2362,1262,407,281,280,646,672,348,813,691,1448,974,415,1304,1115,170,702,881,2179,1594,3142,1494,616,717,1101,563,1201,616,191,541,1321,174,651,640,496,839,852,361,]
[1493,49,960,943,1703,272,874,473,28,467,521,461,227,898,1754,851,1877,2798,698,333,711,1323,697,899,791,2526,1382,857,528,225,823,138,1147,949,468,522,1019,841,2343,1875,399,986,270,600,1128,526,416,860,1905,282,1518,1501,1161,423,723,2600,345,1229,262,505,484,623,415,454,]
[175,332,694,1180,1113,1553,207,404,11,588,712,231,1020,176,37,619,1965,441,351,296,483,131,893,460,346,423,2307,116,186,513,172,785,700,464,268,259,396,152,164,494,177,411,447,864,616,264,529,93,983,115,287,188,1201,341,469,860,538,888,415,344,348,237,1384,178,]
[791,631,282,172,501,1086,127,272,597,520,475,308,973,764,868,451,134,355,2432,1348,39,511,1637,769,488,425,1316,611,415,2127,608,895,2436,263,2489,79,248,243,1057,173,609,671,650,510,1019,1388,2046,480,1624,773,392,1541,1879,102,1095,2148,875,127,368,708,553,373,733,799,]
[235,1327,563,189,1455,315,1421,32,1727,1280,2086,1524,1108,1621,796,2329,1439,1012,1736,823,498,1283,1143,334,605,732,820,668,758,1509,965,1490,822,128,607,559,1110,648,1143,3790,972,3948,2169,1512,777,627,1891,392,420,254,1357,731,1085,120,263,285,202,1112,659,672,186,1394,1178,2053,]
[311,2440,249,515,1310,391,621,131,808,228,326,1290,706,349,340,502,483,477,1394,533,1182,821,762,477,102,861,432,418,1347,299,564,1388,1505,75,1217,414,934,274,482,158,152,1422,754,334,174,591,1962,860,556,268,1385,730,1592,623,129,2537,591,417,392,2011,791,197,833,642,]
[737,1320,541,1042,72,277,482,780,550,52,408,421,318,307,2217,57,327,513,501,476,625,1600,2621,461,13,963,1982,1105,2987,1303,235,1044,994,631,207,491,1313,1701,117,1686,451,188,1464,568,532,545,449,1146,468,692,1874,3411,846,666,294,315,684,169,1350,750,467,64,874,792,]
[1038,298,882,1875,600,997,1971,1270,1055,760,353,1201,75,715,1601,256,553,140,1018,247,2328,192,1049,368,80,1151,3402,886,2840,893,930,373,159,347,724,1037,2583,270,701,1442,1200,1477,343,501,817,1536,569,1756,421,924,223,884,1163,511,1622,948,1439,1127,818,978,783,577,894,634,]
[427,1188,242,1302,288,559,387,113,842,1319,2132,540,1027,846,89,649,885,1440,1379,460,1437,152,661,1547,1401,598,2318,321,1088,698,805,415,1817,391,418,116,999,950,432,877,835,498,304,318,666,1276,945,164,136,1200,773,1810,1858,804,2606,683,1437,800,1146,1317,2629,521,399,1413,]
[504,438,448,1497,639,1079,2372,824,202,106,1242,858,72,338,273,667,260,3542,271,765,644,1093,1198,1234,747,54,259,288,2417,516,503,943,310,459,197,2488,839,721,590,784,354,936,1397,1268,2339,1246,959,740,2683,519,295,606,275,3851,322,1785,412,652,1826,895,479,1537,234,1343,]
[614,1633,1339,785,320,266,377,3287,617,557,1000,288,1017,1051,19,1920,448,1297,395,1781,1190,970,912,612,195,638,3224,869,505,614,552,443,1313,936,706,1004,225,910,714,1477,701,2810,1139,861,2302,297,880,1307,45,627,1046,432,1266,430,476,1365,1494,390,610,141,1006,1446,2555,1410,]
[1365,556,983,597,762,148,966,1892,204,681,607,386,601,897,598,891,30,1256,642,793,1278,516,360,170,1114,848,1123,1759,354,236,712,1288,254,108,216,1873,433,775,622,1472,253,860,554,483,366,145,433,237,695,644,250,391,62,230,845,56,3097,358,244,389,871,199,456,64,]
[1307,483,918,364,256,611,210,663,159,1007,275,56,504,556,2900,172,357,878,1004,551,78,1215,1329,1950,3723,230,315,402,2143,573,654,841,651,947,568,853,1076,1050,1626,252,704,117,664,2087,231,668,1735,921,445,590,77,2029,4599,1247,145,223,1936,552,562,1571,472,370,1385,727,]
[1263,2330,453,464,541,415,782,164,512,1387,321,437,565,617,526,2330,2070,335,269,1141,906,50,1906,800,896,2358,1232,774,1865,806,284,746,1121,633,684,1095,1439,668,1444,842,735,519,782,407,409,1451,893,1343,615,2179,541,1431,881,455,609,394,2372,344,1293,1167,562,1278,1152,823,]
[950,638,271,1294,541,362,565,696,598,60,308,190,338,760,311,408,1137,557,461,446,704,1872,328,859,1384,61,1256,274,196,185,200,197,762,1277,598,1381,62,537,191,936,408,333,392,354,399,496,409,312,287,1074,779,278,1097,357,381,26,641,813,80,270,616,780,488,722,]
[996,760,347,1943,667,720,1100,718,217,2574,581,1929,1242,1010,558,937,1625,1563,535,347,3893,968,1070,1182,452,2257,1539,664,2020,1636,2224,1782,1941,641,1676,4268,1786,194,982,134,236,2233,538,2950,539,127,878,890,2570,1828,1236,1030,949,1575,989,740,1961,1891,1534,856,1577,656,847,2969,]
[389,814,577,206,666,130,962,683,284,374,362,411,722,602,141,584,558,578,1145,893,353,611,2067,542,313,1509,101,312,316,526,913,86,116,1567,1017,1782,1191,190,945,539,919,209,429,371,652,3281,367,272,484,455,933,483,116,852,270,132,186,405,609,516,402,141,92,376,]
[355,2590,603,881,397,947,2013,319,1239,369,224,2362,161,2399,601,1780,164,1015,424,3862,2101,1266,1198,2318,767,153,482,801,730,1210,772,1366,245,1796,2119,477,1449,357,253,1309,1015,686,2519,213,184,728,1143,340,1413,409,4402,2365,1440,701,136,848,859,1193,598,1711,765,2137,1186,488,]
[1296,1445,643,268,1314,255,1447,431,824,395,1133,1320,891,685,1358,294,289,1114,3123,143,175,609,476,366,134,354,95,745,946,649,658,454,1548,757,1756,1666,715,702,497,1048,1581,826,1130,470,495,320,179,243,381,966,748,1257,963,904,270,616,827,241,425,596,2108,664,446,309,]
[736,513,1023,968,199,1407,1446,689,107,608,655,1112,2130,2342,509,524,1187,65,964,663,2500,1249,1552,340,751,1005,473,1438,1119,1901,738,2652,1123,1225,1437,788,144,1545,1412,1677,644,641,256,590,746,1021,418,544,1239,680,322,134,1301,959,656,549,858,494,1427,1348,849,919,1466,377,]
[649,453,877,492,386,417,610,61,657,170,791,556,1795,417,2856,206,260,749,542,1113,2406,491,367,2049,521,116,673,1313,413,1448,1490,624,405,840,226,1043,538,1473,838,635,429,143,642,774,1186,385,1773,1008,544,167,1626,1746,686,1370,658,331,169,377,1019,229,791,1162,518,609,]
[542,434,172,329,91,1847,1127,667,2239,1484,864,820,787,275,868,1431,2431,472,317,583,588,682,832,989,441,333,611,1330,1203,374,744,812,755,450,2171,196,508,479,1690,842,1712,1438,312,798,643,2517,1249,3216,1028,489,683,187,1281,581,793,574,400,726,281,698,863,90,500,1129,]
[921,286,1252,551,464,345,779,825,511,326,349,549,1058,419,212,327,587,257,2395,379,1595,1352,668,873,431,807,962,3144,1648,1747,1004,1259,435,1241,114,439,454,414,581,1148,161,772,651,576,1707,727,777,187,604,207,421,2826,224,886,1055,620,414,559,1603,119,1804,694,671,530,]
[666,1020,954,1254,201,51,823,1099,517,538,204,499,519,591,591,456,425,1069,254,880,308,1705,446,110,320,1195,508,2697,730,1150,1499,378,2702,1130,254,2961,232,466,199,491,546,870,1376,1680,1406,515,3961,491,533,129,2416,1797,3507,1139,578,1263,572,201,222,671,528,406,244,1412,]
[173,62,730,386,200,1395,403,897,35,2012,269,524,1123,217,83,1857,939,779,355,1455,1665,638,433,1757,662,527,202,515,1435,1494,354,850,3049,1405,609,644,1254,1045,1040,802,138,1195,226,1131,1181,337,252,567,342,188,1257,1070,982,57,421,992,87,226,683,641,1481,954,122,3626,]
[988,1245,1476,897,149,1439,424,886,299,620,346,1017,1581,931,170,287,1667,1115,609,1476,1033,1060,2104,514,779,724,596,918,405,521,976,191,1244,34,797,932,1117,1575,1799,415,385,588,439,205,880,632,1129,458,75,1901,624,447,351,1560,884,150,260,941,961,2128,528,828,446,815,]
[136,387,1403,1877,944,739,402,766,249,2943,272,901,838,521,1186,352,1077,1249,1134,2913,1446,1613,403,183,668,667,1537,408,1083,132,80,1589,714,195,1691,206,566,1474,430,2176,1178,1453,1272,888,1221,150,2359,2619,519,962,40,87,2757,1050,269,216,831,1316,2011,617,723,748,2800,1142,]
[145,493,1530,137,75,647,1414,1356,202,804,1576,1003,246,2417,1120,190,116,335,35,1630,1056,473,772,709,511,802,366,1414,666,1165,646,179,248,3001,378,983,1753,84,556,1336,655,598,2275,778,214,2355,555,1159,444,813,1799,126,398,133,267,2364,1421,732,260,700,1149,954,702,386,]
[776,2281,607,1119,266,591,1307,764,516,184,481,1012,131,2083,951,551,389,1691,110,524,910,1605,1509,409,2188,2467,138,46,1316,481,962,255,861,435,1359,682,271,1173,1924,648,1744,381,2904,1070,1363,485,166,1088,1103,504,893,1049,1752,618,971,151,1151,422,1560,2382,1238,253,1141,428,]
[147,1856,165,1180,968,189,512,1911,634,143,228,463,895,510,941,1446,915,207,1045,115,948,524,266,2246,843,311,1593,1381,675,1133,1397,307,469,580,482,2082,749,964,1692,1585,1236,636,563,357,1866,490,2691,489,1512,1434,1541,160,346,1865,834,430,1010,202,1618,1109,1529,1862,1272,843,]
[923,471,1340,453,1390,894,592,1302,1201,1052,378,1070,708,1662,419,2030,465,2255,273,471,835,2980,241,277,292,330,8,527,163,2528,1600,258,668,1192,648,1605,328,146,1417,547,131,851,2958,1551,309,640,522,1997,182,1133,2073,1099,707,977,981,1411,1535,2065,1777,792,697,50,454,1058,]
[323,1246,792,423,1354,324,647,112,845,678,880,1669,612,477,309,691,1161,468,826,3905,2723,60,977,1173,393,917,2273,1398,1460,407,1021,1084,1032,588,170,161,459,286,471,1150,218,1395,1812,1294,1727,878,436,332,1006,711,939,2628,528,657,323,555,1077,1249,101,526,717,869,155,337,]
[371,620,519,929,1913,1061,157,370,234,985,130,776,733,121,580,1952,500,1041,909,576,1110,258,1246,1614,918,574,537,771,309,431,3494,334,1687,662,905,2405,529,559,1210,817,1018,780,442,738,918,1916,692,773,731,522,1439,194,893,1134,436,456,2216,1345,491,310,1393,39,105,547,]
[1047,60,376,1088,939,51,113,1267,653,346,433,1384,275,714,680,787,350,1008,1218,266,288,498,406,825,1671,958,114,515,1064,912,1481,649,331,1038,69,702,559,430,2705,365,443,1644,585,810,657,1965,1353,1655,970,752,2016,224,1740,1884,237,1415,1016,2723,581,1513,819,434,1759,1438,]
[812,306,1122,882,1297,729,1216,454,470,90,1562,148,942,1095,864,138,1006,1678,1497,585,395,1113,1588,1523,880,794,818,1034,141,990,2003,512,1159,1475,2052,78,2223,613,990,2205,1137,522,572,1232,686,656,705,2781,1024,827,1919,957,1792,875,618,505,627,3385,2471,218,531,920,1287,1092,]
[161,542,752,1124,627,1096,1028,815,1333,1086,705,979,537,1152,1144,561,2368,2545,138,373,272,758,287,192,637,629,1088,60,1520,135,831,585,969,1665,374,45,544,1559,444,997,1526,1209,1279,323,446,983,323,403,59,1014,2228,1075,1770,2314,710,255,1509,569,503,1635,437,798,271,1468,]
[688,632,219,8,695,1013,332,700,51,2757,2773,2647,976,1690,299,944,1253,1003,589,1276,756,544,1428,161,1812,1268,983,105,212,1070,658,159,323,299,1304,1486,763,1571,992,1233,636,1376,1570,467,264,707,1330,603,1619,160,752,1087,34,387,795,2005,916,3017,2679,1828,291,626,71,1815,]
[911,677,1079,252,578,360,1691,67,1016,1369,671,1726,1516,237,403,157,147,1389,449,514,490,570,467,2348,688,934,888,1171,906,429,459,917,239,1014,1332,1967,356,1456,439,274,335,2010,201,920,1314,677,2387,296,235,683,1061,1377,534,210,1488,142,562,2808,297,254,597,1453,580,437,]
[396,262,247,460,594,1012,1904,241,967,325,800,1093,534,1413,1622,1913,843,314,1260,74,533,147,1720,657,239,88,699,1220,13,1337,1286,1529,1288,1212,471,386,2617,580,138,665,156,358,446,463,882,560,604,280,172,767,2213,1260,501,846,284,278,245,332,3162,291,578,216,402,266,]
[527,312,525,981,897,331,1175,1206,3654,1578,2147,1022,1092,564,369,1027,1201,1078,1675,58,270,265,735,1839,1221,228,1893,576,625,1357,432,162,1063,1279,58,465,934,553,805,440,3167,1532,289,3107,2459,206,101,1620,575,532,1817,501,147,748,780,870,304,2226,82,1431,384,1377,581,348,]
[1673,565,1396,2308,956,1333,452,1225,316,950,191,838,953,159,455,533,686,248,359,549,393,703,897,913,444,1394,858,638,1803,611,357,184,671,674,1552,409,999,950,250,247,876,1654,2370,716,179,1216,26,1762,632,806,2751,1351,1084,220,285,623,698,1019,709,378,379,38,1413,289,]
[865,1886,1062,1243,1060,1935,662,732,1146,863,1202,532,321,1945,1299,691,403,1080,497,261,588,1336,1785,222,166,809,1171,756,340,262,1068,1281,1158,1118,1545,255,968,3183,569,297,1499,557,1253,385,986,1445,1638,1260,153,594,1282,449,2118,1003,2099,663,1295,1058,2108,988,1231,1195,667,343,]
[398,57,328,598,554,529,666,104,343,329,13,628,491,715,874,1022,821,1475,863,1983,1175,1095,229,113,178,445,232,75,525,377,537,1807,444,2583,1930,1008,489,1695,1392,1333,2142,483,618,656,13,1042,102,131,187,413,1212,501,1287,650,672,687,1523,1505,362,44,3408,953,711,701,]
[265,544,937,676,2187,1050,496,362,1065,573,183,713,633,1197,2496,673,1134,2687,410,821,1756,946,630,1125,620,1839,223,327,1096,1106,1119,1060,365,859,548,391,246,767,953,1011,94,1357,88,75,548,246,919,490,1592,1274,1953,693,640,319,339,1215,1434,200,708,1243,1045,1753,1151,1084,]
[2004,1906,518,620,204,810,971,182,717,801,1038,2714,1219,1493,2452,832,1806,1017,3124,951,643,1545,831,987,387,177,467,937,976,45,547,305,706,352,82,616,816,777,280,636,1034,919,286,1010,2344,489,907,242,1789,263,416,1048,1490,406,1017,123,850,66,1323,628,208,1434,96,1232,]
[1279,1187,639,495,1678,2113,1027,750,2016,1949,554,788,604,826,1308,888,932,318,2253,535,454,1411,326,542,491,1577,581,714,1244,675,1401,947,1595,1276,1389,1975,355,41,1924,323,529,1536,694,217,531,1463,308,323,645,342,1914,1314,464,2280,913,1393,248,436,737,492,443,339,225,1412,]
[413,1370,581,2125,996,1868,560,1638,513,1882,187,372,469,23,1700,1490,1036,493,205,338,763,487,1315,1233,1257,364,1114,2115,1090,465,381,3324,1120,792,867,994,97,1110,841,706,364,661,723,458,491,1505,543,599,774,1402,1327,1872,914,1003,1801,537,1674,1627,2279,1223,705,1350,275,299,]
[208,618,702,74,840,490,1264,2250,1087,790,297,870,1287,422,608,1145,235,1495,2244,3081,132,877,61,322,766,950,369,1994,1141,697,222,1791,1314,531,823,597,282,416,419,3010,658,989,446,2193,323,351,467,1350,595,307,1460,2195,1509,741,1480,998,792,369,1066,835,386,701,423,473,]
[726,109,520,1997,1212,1176,1864,405,763,704,1272,314,755,873,192,422,1584,664,1198,1000,390,1140,749,1326,965,583,1089,913,594,1481,809,384,1042,701,3082,1927,1762,2441,1650,1791,1436,708,1231,1434,959,902,673,1415,64,497,267,902,309,1268,330,825,908,6,677,660,1038,518,1836,2078,]
[724,696,122,810,1042,692,1274,277,106,826,286,1029,1636,1538,705,848,113,1289,1340,1123,1044,833,190,2191,938,1355,294,696,115,1709,472,577,168,1017,897,81,52,550,1105,75,255,539,59,1333,1427,1365,1133,352,342,1268,198,2299,3406,1891,829,408,506,359,702,222,711,159,1553,179,]
[1629,1041,1595,1366,599,967,1533,885,2974,1370,600,622,1523,1061,758,1389,785,850,1840,870,1770,760,1010,2144,298,287,543,809,286,954,1928,1512,2059,1092,786,1309,141,1092,328,696,1348,321,641,132,421,785,494,339,1625,689,1023,1179,216,368,304,30,1145,487,797,397,851,1291,651,1340,]
[3028,1744,2295,2191,569,342,562,285,1228,1816,705,812,1098,655,292,39,1077,716,592,772,1135,2140,1157,1511,2112,342,2123,815,1014,212,1373,282,238,2277,368,1791,222,313,1381,491,757,80,1735,354,1989,326,150,108,542,1019,813,489,585,634,803,1143,384,60,458,2140,1260,1216,881,333,]
[935,172,283,468,1102,178,416,745,145,663,1460,394,299,1322,1430,973,635,1680,194,660,45,74,1199,671,429,1053,2153,182,737,1094,219,1353,243,3535,793,199,417,814,829,1356,1001,302,23,55,646,1012,1721,440,396,567,683,1033,773,1697,2445,903,119,281,619,647,1019,28,433,552,]
[698,605,77,1393,255,1477,852,225,1162,15,179,551,282,54,1289,271,886,268,90,1595,110,579,981,327,1517,424,663,701,163,332,571,320,406,187,545,345,1577,363,327,741,824,824,555,1181,795,847,908,977,473,1160,1472,217,978,410,642,194,916,137,590,2075,744,663,1235,151,]
[866,400,206,300,133,1570,313,2896,3143,171,232,1312,516,1307,313,381,1084,72,444,2585,552,933,1981,805,214,370,1104,240,445,139,149,2310,762,3630,2491,1479,292,1236,1776,352,1228,501,933,2018,978,537,106,267,325,793,240,2185,663,2185,2117,1061,1505,82,574,1234,323,478,978,779,]
[1251,8,392,1366,2980,351,411,1685,1030,199,326,347,1783,1302,871,348,1686,262,857,1283,512,153,811,1456,29,605,274,470,3005,796,72,920,722,908,2507,833,496,118,712,827,627,1264,1636,403,458,1568,440,1415,621,1106,1258,1323,295,613,808,713,2069,1079,633,273,1793,1210,222,120,]
[1052,688,1023,520,803,581,1402,1472,256,1052,1648,2401,839,76,1552,1248,183,252,213,448,169,972,1824,435,515,135,510,843,540,571,269,819,646,1185,975,2237,1185,2470,54,1376,365,561,273,1708,751,574,169,1089,480,1072,111,576,1691,1276,863,1724,674,448,229,1125,279,541,567,1774,]
[986,784,273,1546,734,403,539,1928,532,716,268,389,247,1200,215,1042,531,898,302,264,2075,182,1712,151,547,815,649,858,203,604,415,1714,404,2071,2145,865,591,1745,341,692,91,568,206,741,453,109,1040,165,571,1519,2616,898,259,1509,651,364,1174,878,1751,466,808,458,467,489,]
[1470,609,1242,1976,568,174,1205,664,174,1654,610,771,1176,258,197,1063,121,1778,743,1788,87,1636,1089,870,1279,263,2651,636,1594,519,1194,1684,874,354,1487,807,1767,1218,345,608,525,1108,469,780,388,2496,1409,1013,177,3081,1436,317,1710,1018,1852,2704,1215,1250,795,286,218,349,80,412,]
[821,509,117,1502,512,1117,1848,474,1257,369,922,399,431,306,306,809,1446,1395,285,150,1308,80,530,278,1159,466,615,674,622,1131,817,1096,123,168,946,2168,395,649,500,490,950,298,636,1283,1038,1648,1146,339,720,1013,1906,781,156,1474,1705,1744,550,796,2005,908,657,557,441,131,]
[450,1282,1881,2192,1360,420,370,1077,692,775,668,1367,52,355,784,1297,1046,169,1027,440,972,975,914,273,1116,316,3740,118,218,2276,660,1317,1773,1215,420,966,1204,1946,1251,553,165,752,755,617,1105,797,669,4172,1108,942,713,640,527,464,428,920,1070,1441,791,72,639,707,1272,420,]
[1159,276,803,854,913,845,332,744,249,605,224,105,640,1860,291,680,873,586,436,1301,267,1057,1226,377,676,199,350,180,1033,62,1385,2316,803,361,417,1987,2590,431,1237,354,160,2112,497,841,1774,2117,537,242,697,232,1922,758,1410,135,579,393,458,552,1256,557,2206,322,193,1012,]
[358,153,475,1626,710,700,277,1285,417,470,2145,531,938,5,1523,332,695,1060,1372,1203,604,172,557,695,1039,1127,371,1231,756,241,972,780,446,2936,278,514,530,867,444,1919,275,878,462,915,1506,521,937,312,2049,191,2230,209,152,900,886,1591,1442,1660,794,96,501,723,287,473,]
[417,569,493,732,500,864,1881,747,1034,569,883,484,1472,642,1697,47,539,448,963,218,1182,541,973,308,148,105,855,1088,175,733,2807,1822,877,94,789,425,1276,1276,57,790,413,925,653,1328,146,250,693,226,244,133,132,259,837,1472,1015,754,1428,507,1498,637,191,618,1225,1185,]
[1394,1356,233,585,564,430,571,161,555,444,926,902,274,518,895,704,570,475,428,1151,307,599,1360,116,813,719,497,576,78,1004,1166,2285,1267,983,1655,992,309,504,571,772,155,136,2284,341,821,791,648,2096,1009,207,662,1210,3326,1156,1062,267,486,352,2156,106,890,840,1099,1131,]
[465,291,170,2242,1009,1020,160,187,313,111,372,104,590,772,907,851,570,570,285,74,698,48,421,786,1973,1739,508,356,346,319,1221,736,426,928,260,403,1018,640,27,568,1081,494,542,836,319,285,600,148,196,951,432,417,422,1160,1013,97,75,2314,138,230,186,461,236,987,]
[1119,1060,712,1411,1243,633,2519,2186,412,637,933,1888,1744,913,1210,4211,739,1690,3307,778,143,402,3704,872,719,1829,2838,3185,646,121,1553,958,484,1062,948,528,235,3250,497,1482,1644,283,1466,1542,402,816,1503,738,813,1089,949,721,586,905,4501,950,228,251,272,507,341,1950,1567,606,]
[488,896,395,647,649,189,497,293,1539,419,607,145,147,664,93,411,2038,266,140,691,973,93,12,474,405,652,1346,375,721,409,1271,107,183,356,497,1299,362,211,880,673,450,255,1662,154,395,873,2069,167,1025,539,507,464,1410,259,309,322,514,266,134,1013,1741,898,1910,742,]
[548,1557,259,929,1210,585,1604,1058,112,579,1372,1399,594,126,2110,427,1660,372,2052,934,463,442,212,3656,415,987,2075,1869,2039,538,1386,1615,1306,93,129,1558,858,1167,692,709,422,689,1649,671,5103,1046,1043,264,1009,185,947,727,1118,1776,167,697,1603,285,1070,330,890,15,464,2017,]
[427,744,684,463,270,1134,432,47,1109,2383,1445,201,1693,1049,541,377,56,1021,449,1959,471,898,795,778,3298,1174,467,495,1796,973,980,372,704,293,617,155,263,538,563,537,1340,455,486,168,1775,1204,1310,177,201,2567,882,1219,644,177,123,470,1060,225,2537,504,1087,453,254,326,]
[276,786,1142,704,237,263,549,364,815,407,2667,200,703,966,411,294,185,933,734,352,2485,3198,54,619,46,511,282,658,333,1216,480,2640,1610,1441,938,134,1353,197,755,1679,791,1307,1102,1328,1498,300,1180,1394,932,318,653,2503,597,190,1006,221,45,480,1442,417,368,153,2056,688,]
[804,460,288,335,931,938,294,876,742,1173,1525,1928,2701,411,553,559,1533,3567,426,1200,498,658,202,1301,212,1225,298,569,1058,779,1187,504,1699,1823,680,761,207,1293,711,989,1316,1497,3551,720,422,639,213,1183,1425,532,2127,729,225,570,1660,1700,808,818,887,721,495,3778,323,2330,]
[2442,857,514,1327,311,2765,702,1050,303,159,511,390,1592,615,1890,976,3413,2485,140,674,488,319,641,855,3096,717,1211,38,880,1491,355,1016,2185,530,328,341,161,537,200,413,1407,544,432,2649,659,375,351,595,362,761,1415,448,1817,461,885,1137,1146,1078,891,843,163,901,108,1303,]
[117,227,672,488,1960,776,1265,870,102,392,581,403,283,1277,188,874,1142,1041,377,1933,1725,774,1902,1228,852,423,63,543,199,1619,2161,280,477,145,612,343,213,357,324,926,518,316,366,366,4033,2591,376,964,888,926,371,171,180,18,450,251,434,1042,259,180,1734,425,128,1066,]
[846,504,1814,277,1184,102,233,1302,1494,317,377,345,864,433,1433,1609,694,946,544,47,369,395,178,1202,792,314,630,786,844,1039,1055,142,402,1308,472,386,531,406,1001,452,1524,1422,855,1040,1412,593,308,867,718,1614,724,1723,143,797,841,306,1044,424,452,890,1959,873,1321,3553,]
[481,697,1843,698,2041,3270,1051,71,582,944,1461,173,256,840,808,2102,1712,952,542,951,339,384,1939,1175,97,115,687,931,1013,520,905,3018,1873,609,103,1015,152,984,75,1080,530,155,1117,579,290,1237,1069,1650,601,1530,1799,388,811,1487,672,216,2251,1798,691,583,1883,3112,222,530,]
[1036,1545,636,1124,1178,1966,2069,402,524,720,1519,785,701,193,1219,946,178,1162,178,653,499,1224,792,1147,787,614,633,69,1674,1145,538,2667,1060,372,91,176,336,247,1427,681,934,740,139,653,683,630,1239,1218,770,881,1096,630,1050,1519,350,1434,793,712,140,1696,281,789,380,973,]
[1946,1116,1050,1122,152,304,685,478,243,1827,906,759,1477,119,255,599,654,779,227,349,1257,3054,1299,2297,517,459,814,1104,916,1975,695,256,2757,482,984,602,1314,3514,233,1457,432,1264,411,352,1199,2203,280,1114,374,455,657,1539,489,330,2433,1534,872,2254,863,556,1751,721,2795,159,]
[547,1398,375,73,607,1043,602,448,174,590,397,378,709,1760,984,1464,802,1196,950,545,1734,2167,1143,213,508,1930,1820,287,4172,91,1799,104,276,371,1865,1216,2176,319,2136,1580,912,956,500,188,950,1192,1227,1087,361,1601,206,110,1353,691,340,1692,1019,682,2706,1279,801,648,2664,190,]
[962,1174,977,526,390,339,205,2052,438,329,88,811,146,114,1347,1893,788,1805,119,2235,857,617,1303,829,1389,768,846,835,847,1063,516,1198,170,1390,1738,1930,898,1553,64,596,472,853,307,231,438,592,247,925,925,740,1104,223,322,492,133,986,1396,285,487,113,73,808,329,344,]
[1166,1179,192,782,2008,1582,143,1018,1114,803,1359,793,1397,548,649,1348,646,567,1361,1477,725,1379,501,718,1981,1552,2024,404,1063,178,410,88,1082,826,1010,2424,1029,769,1070,130,165,222,653,240,660,169,1773,718,1151,1101,186,628,821,267,387,228,921,429,1327,450,964,854,1620,65,]
[609,339,448,771,442,704,241,625,1094,117,416,862,893,1337,1340,186,1939,1461,2404,1073,239,1511,539,1423,897,2077,229,500,1934,2137,451,3553,55,820,1262,1155,1166,71,524,426,1399,205,481,616,55,1443,774,306,361,484,657,1685,62,2123,863,942,3215,2042,675,420,1738,468,492,2273,]
[316,1133,1030,939,2682,550,743,645,2299,1899,279,1112,354,2127,1426,1547,750,1503,1088,1463,738,136,1775,890,46,412,282,3079,237,1036,2462,847,1176,1022,171,447,694,1719,1550,721,448,796,812,2038,481,408,481,1690,1473,872,48,201,315,828,1268,1323,659,383,207,241,2450,415,1541,688,]
[208,199,587,1288,2429,404,1428,705,314,1022,1971,679,1804,1355,594,466,762,558,14,512,658,866,274,478,1383,661,1031,777,611,1075,1490,128,1642,1156,1580,1085,1388,41,812,3080,491,1453,2414,491,192,1183,2487,499,188,1388,739,499,52,674,1675,2105,59,538,1237,995,107,1727,1830,855,]
[2103,585,417,1815,259,2121,589,359,407,767,638,87,572,236,517,546,731,230,1721,430,1405,542,477,1610,1792,445,312,215,445,1128,800,638,280,345,890,491,343,522,321,405,398,909,3056,724,218,732,871,970,811,310,1660,553,1887,651,464,3989,119,429,1250,143,897,718,249,217,]
[758,360,1102,1154,1874,712,280,885,630,723,591,313,525,984,37,779,657,759,301,961,706,1002,266,212,2253,78,3136,1047,1484,1099,597,1129,722,43,968,922,1159,1124,1280,264,854,496,2335,1260,58,627,869,277,1625,968,637,1428,1875,546,885,329,666,1452,907,847,343,3062,770,225,]
[208,611,741,1510,675,839,201,115,426,72,1001,753,922,588,152,32,134,1111,1459,320,1143,877,1110,516,1754,67,516,698,260,19,671,547,1805,1814,230,18,1447,850,1633,369,678,791,231,832,180,2188,220,94,2250,767,503,225,234,1701,885,165,237,274,877,451,725,445,1226,356,]
[17,1233,853,609,290,386,1123,1117,412,346,744,451,577,546,442,1917,1491,210,719,950,770,590,1171,537,222,219,820,2178,556,753,1044,1672,998,754,464,216,389,693,1483,1244,185,1317,1741,1128,542,838,453,1296,962,761,340,518,214,501,238,1572,1389,346,2321,1007,1232,1277,409,676,]
[2790,564,75,2620,1382,373,266,228,668,419,1063,1754,1138,108,79,1514,695,1269,109,47,930,258,1400,861,105,482,438,576,360,693,224,293,645,752,141,344,482,1600,256,751,927,564,1433,628,41,1201,287,2934,610,1054,327,965,70,382,141,1136,582,1676,1160,726,755,883,1973,116,]
[458,743,493,333,1510,145,196,973,611,1477,633,2794,209,784,1523,1213,777,916,419,2327,572,912,591,1265,1668,1023,334,343,1271,412,1720,1795,661,910,2345,765,1701,674,1595,558,1852,110,913,2604,861,242,1845,630,311,1079,858,168,503,812,975,837,693,891,1563,1149,260,477,944,235,]
[1065,239,170,746,495,529,875,128,2364,192,986,341,586,2432,1727,2019,1425,349,931,517,1819,519,347,1512,194,357,2000,387,729,1485,2128,227,1728,740,538,1374,1255,1622,496,722,827,398,556,451,2100,600,2614,990,785,1092,851,3312,371,1359,238,188,339,466,885,848,1287,948,810,2616,]
[281,595,1514,1117,2947,1533,1088,437,1053,684,2924,591,357,868,676,395,466,2065,528,212,1972,644,323,895,2229,305,1786,3361,837,1702,553,2851,423,639,1259,1597,1093,2829,2328,300,1810,833,1268,3002,663,557,732,164,962,1522,491,404,818,1012,743,571,1285,1382,673,263,584,81,1669,1772,]
[1013,607,943,2075,1175,1512,1022,905,577,389,160,700,836,218,976,739,1555,68,195,1877,743,399,603,1923,645,252,844,577,1028,269,1047,535,168,238,188,399,1985,727,1219,260,1999,1270,861,1936,459,682,1216,220,1075,948,1361,1951,2266,1036,570,1328,2516,1225,913,462,267,2765,267,273,]
[389,221,1522,1916,528,994,1831,1055,2097,244,915,91,1159,522,556,274,669,307,512,625,811,544,482,805,378,326,1193,1193,1917,390,1020,1251,902,1212,1126,578,419,1341,746,919,2540,1165,296,1012,151,501,286,589,1107,133,1586,2590,330,660,3094,815,1050,3213,624,1038,1571,1173,900,253,]
[1025,59,1681,26,969,1226,587,100,839,1493,1005,374,754,118,771,1348,855,161,1020,110,672,1874,1742,1384,1125,259,1277,1358,349,1461,198,968,369,914,380,525,1228,1206,1210,1371,675,1208,257,219,307,640,1276,728,793,1562,828,899,2157,1001,3040,196,1151,953,2870,1768,1225,933,1490,398,]
[1137,602,2085,1625,413,705,294,236,1098,698,510,2125,918,3874,697,1943,1348,701,310,411,797,859,1715,557,810,727,313,157,960,200,580,262,1103,685,227,131,302,240,549,571,277,1530,1252,1105,616,766,1120,1015,1619,400,682,210,151,1517,1763,1124,302,366,260,561,215,670,311,557,]
[1264,431,886,249,563,1382,2760,224,754,1196,661,727,1137,761,136,194,190,1592,1476,1419,1623,1358,614,322,11,1227,846,288,168,367,1913,1128,970,1696,366,396,597,1837,566,1237,2503,1750,396,1875,915,947,1024,1066,1387,954,718,549,1287,320,783,151,1289,225,930,120,1640,666,264,832,]
[981,478,122,110,179,684,466,1161,37,77,371,638,741,707,315,955,46,684,637,2225,958,67,1244,1477,848,925,1638,86,1171,511,1332,2856,467,742,55,2403,2531,1493,1498,1322,392,2528,1380,1011,2271,719,504,285,1061,969,130,496,958,638,1501,927,300,343,1026,357,2742,1723,221,697,]
[1385,2618,770,918,792,2043,3011,510,1253,372,674,538,804,1510,1416,990,666,730,83,1080,471,1141,1260,1467,822,154,1116,224,1327,823,960,368,268,569,71,234,1381,329,1750,829,177,484,506,817,77,376,1147,493,950,2099,990,1997,892,735,1340,993,562,192,922,412,1383,1323,448,1212,]
[1672,1553,1120,764,324,1355,1618,458,81,152,317,864,456,143,309,1976,1106,595,809,290,171,625,477,698,721,322,1568,502,649,172,344,854,1214,238,920,807,2359,257,865,1169,1763,234,935,218,1184,612,1913,544,862,1701,988,640,333,513,629,395,52,1887,403,879,1761,357,353,334,]
[192,537,303,1055,975,567,1444,347,349,240,886,254,369,542,2991,196,361,329,1071,292,550,1211,233,1483,1284,1978,804,447,209,1391,538,820,1340,389,2296,193,271,322,1558,268,1217,910,1268,322,560,1616,487,412,772,27,2544,700,1454,733,1666,337,819,1180,508,894,422,409,454,1003,]
[961,516,988,978,733,1371,215,297,826,1582,1225,796,479,2142,339,119,570,743,1886,743,90,80,1674,369,732,190,4324,186,1174,87,978,1939,208,799,347,1260,452,1974,1716,1483,1647,723,324,723,1031,1276,425,208,64,557,502,1197,1702,566,1605,2083,63,1084,984,1262,370,2415,228,723,]
[4321,309,1172,1546,1285,451,338,146,837,949,1101,533,629,1115,762,103,795,2042,344,922,1419,1121,809,908,778,2274,1421,976,420,96,360,661,983,813,2589,31,39,189,2265,288,308,1298,1761,619,2363,2932,322,1860,317,1422,738,1074,2591,155,55,345,1245,152,750,2003,513,252,1136,611,]
[647,247,1920,615,2163,204,450,570,1461,935,616,1440,2261,1234,251,313,1097,486,339,759,260,100,1104,353,766,265,461,113,128,382,1169,550,914,874,429,880,771,861,386,390,875,969,191,2070,973,125,1611,770,1090,833,1106,232,883,859,349,1903,1200,1523,476,1715,1281,207,871,1385,]
[215,1680,484,393,437,502,703,2217,317,452,1206,129,162,567,790,634,758,705,343,120,308,2043,1912,408,212,321,196,735,453,1360,633,502,48,264,195,743,257,97,1035,119,560,509,130,332,1076,712,80,800,352,577,193,883,835,717,1099,120,1325,397,177,1167,11,127,1466,94,]
[731,1071,1159,1077,408,747,719,620,716,616,707,2473,611,533,53,241,588,1229,1092,103,1343,608,847,2000,220,44,230,477,979,178,1660,223,829,325,1134,1124,497,2042,1048,578,1203,436,311,1511,739,680,53,1200,972,1242,780,534,304,415,508,2286,407,166,3920,1612,1194,718,45,3011,]
[403,389,410,554,395,1594,1827,196,815,535,1012,236,210,429,1574,87,327,362,732,1207,1202,275,417,776,61,819,142,755,548,971,311,1584,217,906,1462,45,1811,690,3501,1251,1106,313,214,438,1269,1625,728,2562,798,462,579,196,1918,286,1092,965,399,290,955,134,720,331,149,564,]
[1040,347,795,127,364,407,352,3748,234,1430,1059,389,163,1796,859,605,1921,2798,496,216,353,2675,462,1855,908,284,66,1198,683,414,850,1326,180,418,402,1053,3005,207,640,933,350,650,478,223,894,580,128,157,554,1488,1100,1119,451,282,166,1728,1336,1540,852,676,823,1554,727,1056,]
[920,1355,951,176,464,504,609,51,1903,1016,1588,816,1358,776,886,148,1039,1076,1308,678,793,269,1072,137,586,999,1257,411,1390,1291,1048,1133,704,148,994,532,861,1181,915,964,932,739,351,479,667,534,176,163,656,792,716,807,1500,596,898,1023,791,441,1641,631,705,309,1677,1648,]
[2172,990,1098,967,1064,858,1816,289,1358,996,772,156,1520,1026,120,186,2333,423,618,348,1725,856,734,1194,909,922,992,1483,652,364,658,1004,1948,234,340,1919,1874,103,1599,1556,2102,2151,160,720,606,793,287,424,1040,643,123,833,1730,992,1316,326,1083,679,1167,1696,727,996,1061,448,]
[433,342,754,823,80,673,148,249,907,1203,577,1515,565,531,739,514,1008,509,155,1732,656,190,90,617,1508,1208,176,914,446,1024,226,523,946,279,686,705,1757,621,2476,107,1124,549,1236,2417,375,687,835,1914,20,1263,741,52,2464,1347,680,850,597,706,664,66,908,77,257,721,]
[1265,338,549,1539,822,515,355,166,1362,806,146,341,610,1133,1305,475,2802,299,1090,866,269,496,159,593,681,595,557,807,296,525,914,1647,627,1933,743,208,188,1682,1350,814,287,1650,1150,619,402,602,317,1207,1138,483,1079,943,1071,340,1086,1064,409,2242,131,192,660,1615,1057,1206,]
[1447,523,723,595,374,798,418,1119,3061,678,587,1144,898,328,664,1527,195,212,919,82,1348,1724,1474,146,370,59,1059,460,1665,1901,552,643,1881,932,314,239,611,705,801,497,1592,422,446,586,601,326,98,872,1961,224,1306,495,1862,81,706,381,680,846,464,1400,1250,664,142,501,]
[996,1459,951,44,1292,1541,104,1344,545,697,833,988,1015,485,1130,1972,1002,1078,1871,1412,1022,717,1352,1030,852,125,1497,662,983,1109,1623,1686,2694,393,1105,949,696,1286,527,1229,297,594,240,771,171,1470,383,428,1114,1703,982,561,1144,2006,520,1347,791,275,1006,464,695,676,635,503,]
[219,1047,1169,2141,401,402,324,1561,222,685,781,443,1061,733,353,426,561,1227,1399,979,713,2310,741,471,1620,656,292,46,683,979,1041,59,313,567,2320,1170,316,513,510,1512,945,1956,453,1474,344,646,539,61,639,2304,433,1224,382,2185,1046,1318,3837,207,593,853,878,811,225,847,]
[1518,708,411,328,486,664,1294,1186,566,929,2366,587,502,472,1293,1063,852,1636,401,355,346,381,787,1132,1901,1593,402,485,891,386,791,854,626,917,600,2321,2833,627,282,580,204,261,187,2274,353,1191,455,618,362,1264,1334,283,454,876,496,2456,3357,2317,479,516,777,473,2287,357,]
[154,645,141,1672,624,624,198,1980,308,570,353,184,326,315,205,455,660,332,230,505,179,198,1440,164,34,814,321,479,528,1075,452,772,1692,1273,950,224,601,71,434,306,368,419,785,730,899,989,614,421,618,334,908,1010,172,670,288,1065,211,792,193,647,655,113,1614,405,]
[278,832,668,322,1466,1860,259,1712,1261,428,336,1343,555,453,711,1608,808,863,2256,394,1133,232,3010,908,2317,903,839,1075,1156,274,927,516,602,1144,2216,859,941,634,816,740,69,2087,1478,1194,1898,590,2539,2847,4494,1717,239,191,1335,1988,1543,2873,1160,2056,1593,2934,384,1141,1331,1337,]
[537,412,226,193,683,207,271,210,457,368,225,143,1697,131,1142,873,476,1075,709,1187,546,344,628,192,216,103,1498,244,757,1779,631,271,157,286,858,690,381,654,1250,357,784,550,624,63,853,399,172,616,449,386,1253,251,859,825,590,1900,654,2790,194,801,743,269,717,840,]
[2235,836,1392,602,146,1691,1076,625,1459,436,713,968,331,853,1963,569,637,1172,1614,1164,3930,482,179,849,615,533,2278,472,1616,2963,1537,1446,677,263,3184,1495,2036,3138,783,1418,501,948,296,479,862,777,270,1582,95,776,1872,868,866,666,664,1338,2676,1405,770,387,1021,537,1856,1043,]
[377,2455,597,788,1858,579,1143,1065,606,883,572,1468,482,378,1344,706,704,197,505,982,689,2150,525,1052,1149,76,506,1035,367,83,606,167,495,193,282,690,107,3289,2235,2363,1599,1413,374,1910,261,1309,1170,365,531,1274,1045,404,283,1483,1194,896,388,913,1263,1521,680,368,214,993,]
[627,242,1241,2316,482,169,1735,1749,1152,693,149,766,510,2083,971,635,755,1098,422,3272,458,2065,718,3525,1158,526,791,1499,790,261,905,93,1550,797,853,104,1918,1385,1880,1724,378,654,1247,539,884,469,1739,252,304,241,1063,1457,2145,383,416,1544,479,858,442,284,1330,263,817,1070,]
[53,375,1753,2594,2779,321,822,790,1755,1580,839,767,178,483,460,611,431,421,485,379,292,230,384,705,905,1673,813,488,270,802,397,987,297,125,2665,184,1138,1768,1558,289,365,76,884,1221,378,1331,332,607,516,1026,1600,918,1138,657,413,1036,903,1352,1030,951,727,660,932,1705,]
[780,118,231,281,132,550,1083,646,228,183,681,1693,690,469,832,355,1003,372,327,194,1057,2070,510,1184,1852,1502,249,700,532,1145,2141,743,1834,1342,421,2703,1453,157,233,1673,1465,474,515,301,450,299,1366,518,808,553,1851,382,1880,632,784,882,499,572,648,1710,171,1200,1589,784,]
[272,854,1153,483,122,237,1273,785,714,453,601,1812,437,314,173,360,1653,1265,1450,1253,504,627,1679,500,828,893,1308,4533,868,764,927,1632,1242,183,1454,1693,683,665,314,956,462,766,274,428,867,341,1019,1264,699,495,158,196,1927,799,799,1233,2389,621,540,737,1811,1749,2426,2154,]
[481,1020,579,1094,2108,2140,864,431,1966,1165,1213,1054,231,1151,891,294,661,1616,733,361,993,447,80,698,361,1319,261,1193,106,1141,809,130,1683,752,1518,1459,471,2167,375,1480,377,503,1263,1202,487,1920,881,1016,948,197,172,667,1146,2081,227,1868,1337,676,681,86,422,337,414,1626,]
[1191,169,1621,1210,2391,1006,284,1170,807,1573,796,303,2415,204,1380,107,720,1857,215,279,352,519,780,992,959,1153,3260,1224,611,629,2184,140,1435,505,697,1017,1085,944,114,1113,263,1659,2788,666,687,1404,650,521,2493,341,732,757,5137,1365,517,568,1174,1202,925,783,904,104,415,462,]
[140,2223,512,2066,93,666,556,2490,223,2212,458,1767,661,1164,694,1313,1042,389,397,2219,102,1002,368,356,1859,584,210,116,1131,921,728,731,717,808,637,505,3173,3333,512,2094,577,1716,887,412,297,1162,596,2953,236,894,463,160,2223,235,1789,323,331,718,2080,397,604,2186,877,619,]
[557,1190,1031,538,1004,924,1608,1146,3230,819,470,1254,588,1137,827,995,1918,671,1070,2782,353,3074,1870,423,290,2607,66,1846,268,340,2642,799,330,615,559,506,942,421,793,1645,1421,934,1415,1553,1345,213,463,1093,1879,1103,174,1172,625,264,1379,761,1351,903,718,2586,1130,1077,433,328,]
[317,1008,1301,2491,2054,48,316,315,1486,165,1521,882,508,1329,570,958,534,679,938,260,513,693,510,1423,253,581,1865,2532,1017,309,120,610,532,919,679,100,159,644,443,814,1559,860,567,1088,1590,561,931,590,406,444,714,644,568,1938,1104,171,1789,960,1072,222,538,510,1111,815,]
[889,365,310,301,339,362,350,208,91,269,1011,773,762,788,15,1719,145,717,681,850,615,536,925,819,546,2962,482,965,1422,838,784,69,71,731,307,763,744,228,1268,684,537,564,199,462,292,871,607,1653,601,484,1131,1860,1597,985,610,1607,1066,450,525,888,668,325,1794,1579,]
[884,1203,488,29,1669,190,1058,1422,1978,194,1698,589,828,571,331,1247,439,926,1520,2050,4602,603,1442,724,569,1341,1124,1436,761,3,1692,2563,632,650,1357,1338,1705,440,463,767,306,827,1224,1493,1366,638,1274,498,181,1183,1703,764,937,374,5,312,1776,1977,1751,720,3116,818,2179,25,]
[721,2505,1263,917,647,538,182,499,1844,1717,596,891,736,845,1261,435,714,39,157,370,91,995,1275,499,959,1626,1338,1822,946,2611,877,3281,1282,596,851,315,190,836,165,326,713,387,510,808,549,594,204,1241,394,865,1798,1916,802,2354,1159,981,519,1637,678,459,217,990,1541,956,]
[471,358,731,734,871,850,1805,1339,1580,1335,1439,857,152,1148,920,1499,134,4281,739,1129,3866,312,1527,1621,641,684,471,365,260,579,68,201,802,756,350,1818,1477,963,300,1378,490,740,2282,957,885,563,1137,999,1080,2235,337,1624,1146,498,975,2594,1394,2966,1253,440,608,1832,355,1228,]
[384,487,582,979,1026,927,227,629,237,691,237,255,1732,669,788,491,1466,669,298,390,1203,393,116,1215,1502,939,94,1283,1111,531,849,877,876,944,489,3045,498,1074,1183,682,1169,1584,248,71,114,803,385,1208,1842,791,606,286,560,929,1261,1502,883,424,4839,164,795,556,579,1567,]
[446,585,859,1571,1562,511,261,2965,353,198,175,936,717,2127,432,851,1563,106,1027,1573,2538,1061,80,306,289,79,941,624,256,413,2103,518,650,246,1135,1380,1319,833,304,871,327,548,512,466,581,522,220,13,1032,1870,576,1109,408,517,56,831,494,165,619,215,657,321,385,775,]
[571,1068,547,1240,676,637,884,638,575,178,2073,1116,4318,291,489,375,866,1787,639,509,585,2224,305,2082,311,154,1688,972,1306,1524,956,480,1054,1455,593,336,611,765,432,317,422,264,721,451,457,978,387,553,702,424,1135,1249,286,348,628,810,382,1338,3511,510,308,1180,623,322,]
[1136,817,730,619,338,1088,981,381,274,2180,2521,473,688,86,1479,836,545,1032,1014,254,429,1364,1216,151,1866,661,961,988,1784,623,363,388,645,489,34,1663,688,2582,1182,541,1012,895,359,1221,495,651,177,1118,289,479,327,603,496,320,450,1567,1793,581,1365,796,615,71,1530,2532,]
[1954,107,484,1292,710,747,411,998,966,640,608,957,1033,562,561,1101,463,775,897,1504,900,294,458,278,1751,123,882,294,957,815,2484,478,482,550,631,241,281,284,665,333,329,659,1619,1684,954,1669,207,764,727,608,852,618,203,906,1956,143,876,1194,2044,1126,1160,635,892,558,]
[322,955,177,1030,465,1325,530,356,307,719,741,116,160,696,2689,647,1070,803,1332,235,316,994,130,838,1083,1100,1093,781,180,331,335,750,609,672,1009,1910,1044,118,719,1206,791,1191,1117,2009,200,712,464,1017,870,110,194,1268,297,848,1241,515,1244,498,1039,17,745,952,534,165,]
[485,66,1374,1749,1731,401,969,613,1479,328,923,234,866,289,632,799,1408,905,150,539,45,2042,269,226,720,2096,482,255,1021,600,1796,558,1099,602,665,707,1387,1589,116,640,952,447,340,683,988,746,2328,104,325,815,682,1283,217,1210,509,483,285,865,117,1503,1195,1020,1521,561,]
[207,271,1687,145,896,1950,1154,1851,751,333,812,709,1473,1092,200,788,1338,639,1806,2551,64,1551,1155,1451,1273,2432,494,443,824,528,486,2298,475,638,488,301,307,439,504,339,968,868,567,829,349,961,1224,265,568,956,442,454,631,571,725,1888,817,257,1328,665,291,592,171,648,]
[922,620,987,2407,720,317,1933,1168,745,770,919,2183,1197,1009,621,157,1667,123,2296,806,1476,562,1508,741,418,782,687,1007,321,478,462,600,600,1043,611,1047,1803,2270,290,596,300,153,2155,645,142,1307,2815,1728,839,869,571,3070,931,520,552,943,475,906,362,168,485,385,1667,1162,]
[200,1129,321,921,444,668,1704,1148,1482,986,844,1700,552,886,2033,673,307,1204,141,606,158,901,138,942,360,1325,1415,1028,565,396,801,1226,776,618,981,525,954,1664,1084,554,2172,154,451,1471,769,3187,200,829,1217,428,454,680,560,679,118,588,566,964,2416,28,1075,1245,832,847,]
[239,1270,838,1026,1328,1247,176,52,558,1134,1617,1148,768,572,493,958,1143,1725,558,471,393,286,1041,1443,380,950,953,532,631,247,221,1360,1165,1051,360,1508,461,1443,356,356,514,1510,1008,309,81,54,199,322,575,482,288,993,44,737,332,951,1079,1731,484,2020,216,1221,1454,1586,]
[357,627,204,2577,817,694,1505,866,1052,913,2208,211,1721,1501,757,955,488,1672,759,361,139,942,850,1089,2112,362,1207,1092,391,1628,863,153,1902,1706,317,998,283,161,555,1086,954,1386,216,613,527,1287,738,392,1818,525,387,25,285,2077,1294,4182,820,1073,1632,954,1480,1966,1442,1187,]
[488,475,574,2369,647,990,1358,644,137,204,940,452,557,91,113,578,251,301,552,838,1631,402,486,1454,243,1279,368,494,356,1013,915,538,523,829,296,1946,3467,520,348,903,2767,1863,1583,828,351,1002,1093,67,549,530,576,573,743,2169,420,388,721,746,1634,923,889,506,331,1357,]
[532,947,509,170,450,443,1220,2916,836,404,2155,1048,576,810,897,369,203,331,997,1483,432,229,754,586,632,337,847,1710,707,415,851,307,726,105,1682,1004,924,411,825,1749,445,1174,521,310,1111,214,50,675,902,48,371,217,1453,1694,740,1205,993,505,2001,870,429,43,505,762,]
[335,913,251,1457,158,158,1519,1567,2314,437,2873,1486,1322,396,1067,420,472,1342,56,378,593,679,619,473,1111,703,378,5445,982,2010,680,334,1289,520,1359,1971,564,583,353,510,770,571,347,3787,1787,803,243,819,833,882,1033,177,228,463,855,1550,1305,524,402,1043,540,2108,48,244,]
[108,1743,1461,254,3376,1567,676,530,1732,1540,281,1757,513,826,149,425,169,417,232,702,201,268,696,307,1086,322,361,1739,382,208,1355,900,2280,1055,818,500,1312,29,343,557,478,798,463,246,747,268,1566,173,642,194,34,557,924,657,1043,1798,170,92,752,1397,1199,55,483,245,]
[480,1324,907,514,327,569,876,928,958,551,285,1261,1013,912,568,998,574,2539,2294,1276,2237,852,620,745,401,624,556,848,221,103,146,208,589,162,347,4105,519,2694,921,46,851,1646,307,431,557,1656,421,3128,215,375,211,647,1409,1022,1565,1657,1769,1616,295,439,425,682,299,775,]
[420,838,354,1712,1215,1183,485,370,746,1025,490,503,602,869,900,838,862,456,917,161,649,617,1906,430,562,162,1344,970,999,1553,737,552,1333,241,949,290,1017,2671,1182,237,149,673,403,726,326,2369,249,295,568,923,238,1511,115,1598,685,1362,411,653,629,1492,1303,73,588,888,]
[359,265,580,397,2009,770,747,754,248,978,1374,2179,874,740,1138,1060,1389,842,816,219,980,1115,858,2156,175,408,767,2218,482,630,394,177,685,676,526,561,816,264,258,940,190,282,155,263,1729,2082,316,1138,182,291,216,938,985,175,189,536,1071,994,1595,372,309,1589,406,745,]
[1112,437,918,561,2029,567,536,67,1262,909,51,1328,302,622,708,708,686,113,2093,517,272,756,268,1492,463,1680,817,867,1074,1375,1289,1199,728,632,1038,1265,2444,287,392,1085,456,837,1972,385,1704,835,1014,1024,470,1629,1563,1924,703,1023,1094,556,632,153,228,936,68,276,587,539,]
[1175,933,1306,324,717,161,990,1322,246,742,1399,852,2098,162,108,602,672,436,247,451,355,661,158,338,2380,492,1381,359,202,968,672,625,557,436,606,1078,506,1280,263,983,513,110,740,420,409,292,584,424,642,1147,272,244,1032,798,504,1304,181,1053,505,202,1743,609,455,151,]
[220,270,1203,368,124,2236,239,567,459,684,214,456,771,852,43,190,469,2169,160,421,391,283,1055,544,1458,310,983,318,491,687,345,453,96,864,1194,870,369,376,685,317,307,928,813,121,1616,308,1654,1039,916,717,909,488,1154,93,166,865,490,277,739,643,424,1655,219,1042,]
[903,262,425,776,2194,22,985,1267,566,241,1362,1981,433,923,2648,1871,1399,235,1428,323,348,252,364,1346,977,1391,433,545,1067,352,1746,803,156,746,1033,437,555,425,852,768,702,1086,1048,701,885,548,523,575,1362,422,640,840,274,400,709,785,293,1065,348,1258,371,1685,803,582,]
[1100,1818,569,624,982,643,1035,1587,1110,1742,1190,349,628,545,83,285,1838,833,766,201,277,2529,448,1123,841,887,41,805,456,812,866,325,749,461,1978,917,362,446,1608,1217,1810,460,313,201,841,1270,739,1492,1705,359,1316,1124,795,1860,88,339,617,549,404,288,2695,1972,206,589,]
[1120,366,52,583,359,1296,1807,1211,536,394,1672,227,601,1124,107,115,1987,1160,325,225,1439,915,310,281,312,1617,193,199,825,1282,802,274,301,149,1127,1806,1599,735,695,732,1013,375,14,1258,1558,688,726,372,392,955,2210,333,1029,998,1273,1075,1429,233,1649,322,748,1967,1073,705,]
[1190,761,240,2306,1003,2430,2270,5,873,1612,2025,252,566,124,1428,142,1502,692,222,369,256,1399,1886,393,824,420,1932,887,787,448,1423,807,2538,255,145,702,977,364,825,2199,737,485,2400,1167,262,1161,176,1737,336,865,655,2726,852,1079,191,625,382,1370,505,1605,907,924,241,1697,]
[671,900,1695,848,2415,1089,817,1610,641,1452,2181,887,1246,1145,2507,2068,371,900,119,151,228,951,909,358,893,303,1062,364,1335,1119,359,316,2267,220,997,1039,587,829,610,197,1041,418,1177,139,828,1714,1175,392,1097,1232,374,281,1600,825,239,885,665,2401,491,1389,500,675,223,730,]
[354,397,454,75,1701,577,472,1375,702,424,248,1208,84,763,1535,649,1037,1993,242,869,651,574,1495,1281,662,534,1348,487,1310,286,544,1785,1173,895,2410,657,532,272,394,2115,614,639,2119,571,113,224,1016,420,1453,1448,469,353,126,616,927,698,1294,728,721,62,374,2626,2063,381,]
[121,462,192,835,434,1168,346,808,955,268,621,640,929,616,1232,1564,1839,626,1959,122,523,123,683,566,1965,343,707,1423,1864,933,1109,198,861,607,68,981,510,742,121,767,80,865,495,3739,231,519,1935,1573,1012,878,1132,385,402,1060,507,129,2234,1648,272,1497,1789,330,1714,884,]
[916,1645,1524,397,330,876,394,318,983,2199,487,1154,499,1083,211,111,478,400,1475,937,612,1224,646,1461,506,1898,60,575,1469,134,371,581,611,462,736,547,728,468,517,197,3321,129,990,339,991,429,356,453,1228,1898,1200,538,1063,837,1871,631,511,494,1301,799,67,1661,167,819,]
[818,284,2240,545,3218,1690,684,493,618,136,210,439,780,709,541,803,2441,1347,1815,258,343,1062,2448,502,650,52,896,152,905,2167,175,1731,15,254,1180,114,541,175,373,554,440,1003,1399,519,160,655,229,963,527,263,657,779,1113,274,789,2707,851,290,471,1189,1237,727,978,2270,]
[406,1151,879,422,762,791,2440,260,479,304,708,831,1137,330,391,440,532,1062,791,836,2241,372,766,456,610,309,584,1391,298,239,681,627,269,681,365,456,996,457,1851,1921,627,516,341,2777,1207,1250,1479,611,185,2828,569,2406,434,1685,1341,614,660,577,99,789,476,274,3021,411,]
[546,43,340,690,232,1255,328,144,674,1759,733,2435,72,563,240,1480,1027,574,1434,192,1497,2026,1146,1898,203,1458,691,641,1030,1126,1214,759,939,217,543,943,549,1819,1724,931,1140,1618,2834,746,16,123,1106,452,1555,826,85,239,1226,298,748,583,203,644,567,1969,1028,833,83,843,]
[518,674,1098,717,2297,126,412,687,448,163,410,171,448,448,513,73,1224,310,75,437,287,1354,952,603,83,598,64,1226,1487,198,498,161,747,1420,726,1254,321,220,789,653,723,416,490,330,85,497,301,984,395,590,365,599,816,777,241,104,260,783,1717,536,1352,792,781,1290,]
[0,0,0,0,0,0,0,0,1,1,0,1,0,1,0,0,0,0,1,1,2,1,0,0,0,0,0,0,0,0,0,1,1,0,0,0,0,0,0,0,1,1,0,2,0,1,0,1,1,1,0,1,0,1,0,1,0,0,1,0,0,0,0,1,]
]
