This is computation ability:
[
[0,0,0,0,0,0,0,0,0,0,0,0,0,0,0,0,0,0,0,0,0,0,0,0,0,0,0,0,0,0,0,0,0,0,0,0,0,0,0,0,0,0,0,0,0,0,0,0,0,0,0,0,0,0,0,0,0,0,0,0,0,0,0,0,]
[0,0,0,0,0,0,0,0,0,0,0,0,0,0,0,0,0,0,0,0,0,0,0,0,0,0,0,0,0,0,0,0,0,0,0,0,0,0,0,0,0,0,0,0,0,0,0,0,0,0,0,0,0,0,0,0,0,0,0,0,0,0,0,0,]
[1136,985,1417,1163,1096,828,739,1011,1028,1251,1076,1068,1362,1164,1112,979,685,1179,803,1053,653,979,1201,887,1218,1720,743,1119,1486,1270,1261,819,1064,1133,851,1195,1159,1140,1485,1439,681,1117,861,1464,821,1181,1430,914,726,1008,662,1194,1155,1534,1159,707,1388,1550,1444,649,1429,795,1038,1605,]
[449,524,567,386,647,430,708,754,544,509,813,621,572,470,792,614,628,771,986,540,690,826,762,548,647,427,632,704,543,460,425,579,922,467,790,1075,729,461,526,571,366,738,815,529,677,796,760,500,687,828,536,646,728,936,756,735,857,604,800,664,580,939,662,624,]
[1763,1387,1073,1576,1010,895,860,1174,1143,1159,674,1395,1214,1248,986,902,919,701,1218,1260,938,887,1170,873,927,1048,1198,1004,777,1037,811,1534,1218,926,1225,1381,1358,944,1078,1536,992,1248,1182,860,1103,1157,1466,792,1281,907,853,1285,1265,1100,1051,1040,1208,781,740,1507,909,1014,1322,1104,]
[593,598,882,1173,568,654,956,528,737,803,734,907,814,738,843,742,546,469,993,958,605,429,519,483,1060,856,901,602,767,635,908,577,706,824,967,659,594,607,840,1085,571,747,568,989,715,862,1031,863,979,1073,1094,806,498,702,722,887,746,861,603,640,665,540,500,592,]
[821,1216,647,1044,481,656,780,1001,743,964,793,1098,549,792,984,756,946,665,1075,991,887,847,1182,777,1165,1357,704,821,1082,767,995,939,581,856,919,942,944,1530,953,845,1319,941,859,785,1042,974,747,1078,1205,1008,824,612,790,617,1028,1512,852,657,630,763,1065,597,845,576,]
[938,820,1075,901,769,1128,768,684,993,786,752,548,1018,619,817,1076,949,1148,804,791,971,1282,1065,1157,768,622,544,919,701,635,1526,642,521,872,923,1066,1275,992,1004,900,776,1009,1010,796,772,866,1163,636,1254,896,760,963,872,987,836,928,469,792,780,869,868,830,1277,471,]
[731,808,1136,1055,796,822,1120,685,741,1251,1156,858,742,950,559,922,802,826,852,762,779,937,711,1438,767,674,710,576,860,895,695,1036,1036,866,1036,771,1293,992,670,1004,857,1237,1109,852,675,447,773,951,1238,643,897,756,989,846,666,1044,944,605,1053,887,1104,753,948,1005,]
[903,718,766,648,1058,717,556,420,667,842,975,779,962,1063,876,1045,1130,654,896,1143,898,907,945,1321,1963,950,1353,961,858,1137,710,781,1125,696,844,674,936,789,753,818,646,1355,1191,697,576,937,842,688,803,721,876,940,896,819,644,1160,609,612,962,1092,663,506,624,767,]
[956,585,738,1130,710,884,1196,962,905,1261,1103,883,698,948,671,806,598,1018,874,929,659,707,1212,796,511,784,781,1094,958,748,772,858,1020,580,595,878,909,1310,1053,656,804,749,886,678,749,768,1216,785,973,897,840,1472,994,690,1257,842,634,778,898,572,1044,1094,888,731,]
[676,928,1378,896,1098,1064,540,944,855,831,1018,1055,985,1074,1132,954,893,1100,840,1067,706,879,1038,862,918,737,989,743,899,816,1091,952,862,625,561,891,460,769,921,760,978,897,911,938,1310,476,732,911,718,960,1135,891,588,692,1265,913,1174,554,787,802,556,741,988,594,]
[834,1063,957,1176,991,938,766,608,863,1152,1236,848,869,802,1022,852,546,1064,1053,1021,946,967,676,576,581,858,877,737,831,1601,1348,983,920,1038,879,814,709,665,770,737,796,674,1242,778,601,1176,901,695,811,641,883,1195,592,1501,904,1078,641,875,613,806,875,868,1065,558,]
[680,788,910,711,760,1179,928,1005,730,885,688,659,879,858,945,756,456,786,604,1190,754,1061,888,1057,441,871,754,800,1209,387,681,1358,988,740,695,971,780,941,638,1237,823,911,578,531,1440,1038,733,1372,999,685,1022,1164,667,791,1107,751,612,1107,926,927,819,464,632,1192,]
[892,1063,934,940,847,713,752,1082,1157,563,834,901,795,889,854,888,666,754,707,961,738,1212,969,925,1046,1078,849,1010,857,857,807,1144,965,455,1233,1049,602,950,952,528,987,1058,867,576,618,1041,1149,895,808,1100,871,821,1039,912,967,704,427,930,516,934,1016,713,451,818,]
[660,698,922,633,616,1124,663,1104,987,818,623,582,925,951,882,1265,1114,710,727,964,1043,958,987,552,1157,620,488,665,456,730,1153,1580,726,1044,884,844,954,924,918,799,1452,800,855,949,699,678,1064,709,489,875,826,1058,577,1717,737,475,601,921,1346,718,965,887,942,778,]
[836,652,568,828,974,1325,766,778,518,482,644,1089,573,636,1242,802,1168,1200,1012,703,835,1091,1004,815,800,913,1029,659,1058,792,628,818,628,963,699,967,1105,932,1063,1065,620,607,1125,998,786,800,1077,845,900,861,673,1004,649,722,753,883,895,1127,1024,1434,1028,1488,737,819,]
[871,1144,1038,950,488,741,732,896,713,1042,886,902,884,884,951,1029,1194,1144,708,1391,845,1233,967,844,904,473,1065,939,1126,1134,767,875,785,606,871,886,967,722,1137,1164,748,696,723,810,1164,570,840,869,713,755,636,697,741,768,910,997,818,608,859,1145,586,755,1558,774,]
[732,836,1131,866,508,925,1167,969,673,638,927,847,988,749,824,1420,1004,1075,1121,949,823,1019,761,997,918,1337,1210,898,780,1107,1050,734,822,564,1289,1305,1057,527,768,979,854,1074,1104,808,982,865,800,653,977,1478,1162,871,722,865,992,788,1083,945,1230,807,760,763,1042,672,]
[609,686,818,994,787,802,1168,1140,875,579,882,1082,1120,870,788,1142,1179,793,1019,887,1001,843,728,1326,1054,1352,737,952,853,838,971,989,589,592,1137,1091,643,961,593,760,1082,718,400,972,949,954,758,566,944,966,801,1043,979,747,1109,897,961,888,876,966,721,609,672,721,]
[918,1104,835,876,987,729,767,922,556,855,690,737,1198,865,760,783,1000,604,617,904,915,1053,780,576,1133,728,820,1059,560,877,689,644,993,553,770,719,519,775,995,964,1157,766,566,1226,858,722,849,899,948,718,835,588,631,969,993,1003,688,1592,541,765,776,851,882,710,]
[1159,931,880,812,928,1148,775,944,663,1181,989,1186,937,864,1205,673,742,763,615,703,890,917,1054,767,966,842,1017,910,706,890,1170,740,1189,939,869,599,982,687,681,1223,617,685,735,547,892,487,1110,638,395,782,766,1032,1239,854,1097,1257,738,1067,633,720,719,741,735,1051,]
[971,977,919,1023,654,625,870,478,1007,1050,1412,667,1330,705,1457,981,1032,855,1140,626,465,1041,1046,898,735,765,803,718,963,902,900,1007,688,965,599,772,675,1019,714,958,1331,771,884,720,542,1266,602,1087,1051,895,768,957,1070,808,883,661,826,817,832,1090,1180,940,1173,418,]
[648,662,940,789,1021,656,1050,785,1039,1049,810,904,626,481,598,921,634,1287,894,686,857,1014,989,975,857,1130,998,1174,1123,1311,914,810,1130,780,850,1141,739,928,807,595,1216,767,774,846,1200,904,622,633,777,903,863,778,950,1145,643,842,798,740,1133,1089,646,708,675,699,]
[971,657,539,647,1506,513,1011,828,1196,775,616,1059,933,1002,1164,596,1269,810,822,1061,829,1094,905,940,894,930,1069,630,606,617,888,715,963,1173,698,1273,719,792,1205,481,774,605,928,536,1067,860,867,769,976,354,1065,823,1052,1364,976,1145,796,966,857,595,714,811,766,583,]
[950,866,992,692,598,635,990,412,1248,1000,967,497,548,944,499,1068,730,738,1439,909,1192,1095,695,662,1024,538,518,544,442,1140,672,683,803,793,922,827,564,1007,809,571,491,1047,1005,509,865,913,882,894,829,920,996,805,959,865,930,919,1062,749,948,713,861,1014,757,845,]
[570,1080,990,756,963,604,676,804,853,450,831,901,529,841,1032,1079,1509,603,666,635,840,616,554,921,669,1059,923,557,1273,796,824,877,750,882,983,1124,901,901,728,643,1101,627,851,1183,706,816,922,832,676,842,989,1145,988,1072,981,962,765,1078,1093,575,802,619,1017,953,]
[1543,974,898,799,799,756,815,656,873,537,384,976,973,1012,916,954,768,1671,664,1322,904,1114,766,1471,1238,901,495,765,854,925,680,1580,1339,915,756,613,855,856,924,953,868,1196,634,883,968,828,1233,921,983,629,843,611,831,922,1195,1054,782,912,982,770,912,923,871,698,]
[979,712,1222,626,1132,920,1219,1156,910,867,1535,825,820,901,699,760,821,824,1264,669,796,1193,1046,545,1054,659,969,709,930,663,922,751,962,1020,878,800,632,1039,1421,708,631,790,466,999,1057,563,778,933,819,1032,1604,1182,1511,835,1373,789,648,1045,775,1449,794,814,1040,1195,]
[658,1074,1193,649,1165,949,744,941,707,705,728,1020,835,674,1180,1201,1061,849,865,768,1177,1327,863,950,823,1097,1190,1156,663,790,790,1234,904,875,959,959,1569,1221,594,635,497,840,725,658,557,748,1058,1027,1627,989,952,937,1523,1063,1027,644,1197,1058,903,1170,1165,1028,1173,1102,]
[895,620,1184,649,893,1005,763,551,725,956,634,793,678,870,839,747,1247,598,1047,937,588,1207,945,1167,1337,810,1330,591,776,809,1128,654,719,571,860,765,1249,1095,922,967,1694,938,751,929,976,973,1672,900,989,913,1028,842,682,653,871,1280,610,786,829,517,1081,744,1201,1363,]
[1532,1006,1100,661,1210,1204,623,723,700,706,710,1041,641,1265,1083,899,1026,1178,817,773,958,1034,828,685,912,545,908,767,1376,898,883,910,906,906,786,930,685,1365,947,945,764,726,1053,1101,982,1115,592,681,712,712,1352,843,679,1258,897,833,1102,679,818,725,960,914,1030,920,]
[821,888,572,989,1268,761,1021,983,888,634,1090,736,766,1029,818,1117,592,533,960,523,866,1038,931,1731,1292,800,1125,845,815,947,867,760,780,1022,805,1156,1082,835,987,667,869,569,842,949,1060,592,682,979,621,743,756,1229,866,1160,802,883,753,1669,667,791,1189,854,678,980,]
[749,849,819,748,1389,706,583,726,1133,907,730,798,929,798,975,912,586,912,727,848,1010,791,659,1269,732,590,1078,700,865,650,902,847,755,1096,516,778,954,766,879,651,1382,832,976,1061,1281,597,778,1320,541,891,511,775,900,855,881,871,981,726,1391,979,1122,784,874,723,]
[859,677,586,880,1194,984,1059,727,784,1046,814,1232,838,1361,551,1043,820,917,986,620,1458,803,1052,492,564,671,830,935,1000,1177,1224,1245,674,326,1354,814,898,589,995,938,522,561,1020,839,833,1050,731,714,818,1212,574,952,748,1444,739,799,857,1222,710,855,1055,1189,773,1085,]
[1170,751,1143,812,1058,677,910,1124,921,704,804,1054,864,541,942,722,1577,1198,1056,969,1286,761,1328,664,718,929,663,470,833,572,912,670,738,1392,1010,542,1348,741,919,891,875,967,517,610,883,1672,1370,629,714,601,1088,584,1063,979,455,1083,904,596,1014,959,653,690,910,704,]
[1352,543,821,709,1121,555,912,704,986,1058,704,1271,810,886,790,453,662,1152,629,822,927,557,927,549,1027,825,1142,964,936,762,881,841,713,806,562,713,1187,1054,694,1537,736,929,734,628,1030,1180,804,935,854,952,928,1012,1028,943,739,666,1005,884,1131,917,738,980,684,847,]
[839,831,744,1031,601,903,844,799,693,923,652,1091,763,799,933,573,578,1216,1334,738,897,783,1017,1016,764,568,495,595,1328,1239,809,796,534,754,908,962,480,886,1111,683,916,1201,584,990,739,1068,1290,874,828,585,967,819,799,973,771,1218,907,867,721,486,771,720,992,1106,]
[722,639,955,708,973,1177,873,807,487,556,663,615,854,1110,780,849,881,1025,859,700,611,1436,1543,822,1001,748,1030,1096,1014,743,463,664,777,832,705,1334,866,839,789,1368,852,1060,535,896,935,1087,1438,820,704,695,799,775,808,1072,967,898,644,1293,1031,711,630,666,732,811,]
[1232,626,853,566,945,722,839,745,640,847,1048,771,802,572,891,792,657,753,754,916,597,1036,839,834,334,795,608,565,596,1002,945,956,595,842,785,841,588,847,981,517,571,665,921,831,1127,892,966,1251,476,559,650,956,487,840,802,537,692,791,859,728,774,1020,598,918,]
[699,538,761,754,654,834,500,542,523,435,741,627,481,507,479,483,535,1037,692,664,644,515,587,788,738,377,1028,707,332,691,690,614,398,382,535,376,592,816,543,710,783,843,583,457,544,754,697,415,749,588,585,487,458,362,566,464,535,630,618,473,367,838,492,710,]
[987,650,1154,691,648,886,482,835,1291,779,651,848,800,313,658,655,815,803,756,648,892,862,992,694,1153,565,650,792,1102,885,661,861,1154,973,774,723,501,940,522,1061,759,679,761,608,742,878,759,1028,619,698,606,1050,867,869,741,571,898,790,1031,897,958,858,1045,596,]
[482,963,629,636,918,1191,1065,645,963,711,1146,830,840,794,1125,757,1081,767,910,954,680,1002,1400,1099,1036,884,830,605,857,1155,962,1259,911,482,712,649,916,700,891,768,958,701,847,1158,445,786,900,671,1019,685,813,1005,606,885,711,963,990,939,641,496,964,1263,776,1027,]
[990,1022,1128,848,613,745,584,817,985,924,821,1050,808,575,826,806,895,841,989,909,620,1016,843,972,995,691,1154,774,850,555,613,915,1148,754,764,762,1260,474,889,791,892,1669,603,1031,846,1640,575,926,1015,1064,943,780,1056,878,702,1572,746,821,956,615,796,643,955,886,]
[468,791,858,1442,988,690,1024,605,1229,928,753,1068,843,556,811,707,630,893,923,743,768,1430,811,1381,623,811,1041,1229,819,715,539,976,933,1104,671,1064,605,879,555,1195,769,1872,661,827,1173,771,921,1415,1021,576,803,736,758,727,987,1384,912,966,645,517,761,834,879,684,]
[580,690,396,1173,1590,859,1141,1005,1148,642,933,927,824,925,1081,1007,1352,818,1016,801,1435,842,895,837,900,626,886,890,829,622,950,654,1203,635,759,1431,691,1138,955,784,845,737,1049,732,886,703,703,1014,535,897,796,917,728,644,864,989,936,947,734,1101,576,764,653,844,]
[925,674,474,1315,921,628,697,906,861,1284,737,1265,1029,902,1050,712,1367,602,919,693,668,650,1019,562,729,940,1040,387,672,969,1003,965,816,803,807,1373,971,617,921,664,1086,1156,725,852,1063,912,874,974,607,656,1056,1196,833,641,746,726,755,773,623,838,617,893,982,1050,]
[1121,694,894,641,934,950,666,1021,1372,587,916,617,881,944,880,532,840,1008,1266,792,510,847,799,951,895,1225,875,1084,735,790,663,828,752,889,800,772,825,1012,1174,817,421,950,1380,717,802,1129,1050,632,874,946,559,855,628,1162,1077,517,930,1186,851,878,659,792,1063,948,]
[886,1312,760,1402,894,825,664,1039,1177,805,968,968,718,634,708,738,898,1132,1008,1153,509,967,878,534,532,596,670,766,713,718,1290,664,971,827,941,532,600,1028,1373,998,900,882,828,1058,962,853,461,1148,869,1104,946,889,1108,600,664,824,1109,1259,587,602,845,762,837,805,]
[1085,1352,714,768,769,853,949,890,1000,907,1030,807,640,816,1194,830,1103,544,683,570,705,945,1581,1069,932,399,1113,882,651,712,778,774,726,695,669,571,787,1050,629,596,930,981,771,658,1013,536,677,765,1055,842,1106,799,829,1156,701,776,1318,638,703,813,834,812,1109,997,]
[662,716,821,878,919,1141,1432,779,606,862,1003,681,1197,478,456,1294,798,1136,1019,560,659,798,797,1219,616,1079,891,1226,817,945,719,580,1056,806,932,503,1022,1294,1015,652,668,710,996,498,929,739,564,864,739,823,705,677,683,772,1114,757,1496,757,816,1216,845,632,598,553,]
[657,767,730,832,963,812,830,880,1222,1315,528,851,447,1072,982,852,984,797,606,914,1142,484,748,721,717,1446,958,1037,1061,518,870,1054,518,554,861,839,924,1128,655,1202,1116,830,702,1319,803,675,819,970,871,890,1438,629,949,976,896,853,759,815,1118,1007,963,934,1262,946,]
[805,518,793,867,592,534,756,699,629,647,666,567,401,713,517,758,753,844,674,570,409,422,457,594,472,851,805,590,556,523,643,560,775,777,364,455,862,622,849,384,755,683,763,759,1015,532,908,614,535,723,511,830,732,871,490,570,589,606,851,802,845,618,547,570,]
[1020,1367,770,1212,951,1324,1029,899,1161,802,1223,1350,1441,1212,646,702,835,1059,1111,829,1079,753,1059,609,791,943,902,1159,992,974,718,954,1624,1378,976,1357,793,815,1087,1112,1571,1931,997,1055,1995,1212,925,976,1286,1239,856,845,1026,1498,1161,969,834,1739,659,1297,1433,803,1310,1389,]
[693,615,564,676,469,616,630,445,747,439,758,623,725,761,593,574,893,848,628,691,372,760,882,587,709,753,629,567,724,1017,472,927,765,821,556,960,596,810,1192,737,777,731,721,894,720,732,627,411,765,464,535,486,327,526,700,556,608,778,560,1056,600,659,731,628,]
[1325,863,949,864,965,1392,1053,1479,930,923,1467,808,977,1601,1192,1055,1146,1178,675,1089,1134,971,1103,1098,1664,1506,1003,1574,731,1306,1463,1268,921,1163,1529,1166,772,715,1398,1160,1091,606,994,1576,887,439,1575,1244,799,945,713,1046,1449,1005,1173,869,1037,1367,1076,1286,928,1575,1377,1110,]
[926,1226,809,974,967,472,783,756,529,870,336,658,1038,839,527,739,1260,1109,978,698,702,839,616,1279,700,917,638,778,781,445,441,1064,1328,596,736,645,597,676,946,611,842,977,755,706,897,830,727,930,331,775,921,880,1569,1038,769,616,685,759,1034,694,554,910,1091,1234,]
[774,525,527,1026,1098,811,679,1118,928,866,1100,903,763,1316,682,478,1061,962,417,596,756,1502,762,852,703,662,776,867,955,1179,809,617,869,1251,949,1018,1005,954,1007,751,1277,1605,770,568,1041,744,723,828,754,959,812,1252,702,570,796,882,852,579,621,902,866,1051,888,932,]
[861,1001,799,934,810,1029,828,654,978,1034,913,1296,712,931,709,762,914,1190,708,1087,1004,681,1230,454,760,738,668,1382,517,535,1078,857,676,946,1039,616,856,1226,732,932,1060,945,958,1150,1231,509,784,621,796,887,785,525,791,1260,685,808,1088,715,806,763,858,870,747,1141,]
[966,856,950,773,655,1008,861,1130,431,1005,668,669,885,654,409,997,945,1064,915,780,806,1368,1236,834,720,889,1054,690,906,639,794,812,595,504,640,1001,735,967,951,351,1399,1238,745,949,1122,581,1115,877,945,1094,676,731,1010,970,1169,684,1095,575,941,765,782,687,1152,1149,]
[411,809,565,878,886,779,1119,1219,804,680,594,745,772,1447,782,898,1259,749,1135,551,762,1003,671,788,1163,865,605,684,1264,974,969,1219,758,851,1011,787,1222,1069,794,718,1026,727,1215,658,437,717,916,1147,1138,656,1042,790,1048,790,560,1345,803,1723,886,731,788,746,1169,708,]
[937,925,1046,1119,733,1045,854,980,840,966,663,1372,1008,968,948,854,1035,839,1008,1632,545,1221,922,735,791,1455,826,704,797,650,707,887,1108,981,1106,674,924,1016,859,993,1291,667,837,737,1129,1081,778,581,1145,869,763,695,942,792,871,860,560,951,1144,637,473,662,862,814,]
[811,1171,1013,447,763,680,980,589,603,778,833,895,921,1110,843,776,544,811,543,1184,705,852,802,1283,781,1076,857,695,1246,761,805,423,1045,784,1062,602,960,873,1181,1037,1408,1150,875,760,622,876,1397,816,947,721,1010,1179,1054,928,896,1212,1319,887,1319,655,755,840,945,1322,]
[895,593,1000,711,977,1003,658,1130,780,541,1018,632,621,762,643,899,935,887,1048,427,738,1346,592,1143,978,892,876,776,951,1168,861,1185,602,1256,821,627,955,1273,1000,958,859,845,1176,788,699,639,1177,692,833,727,653,1125,866,1009,704,773,944,1010,1722,960,897,1001,932,1183,]
[603,1077,1214,1285,699,822,764,645,1068,1063,1051,916,1164,543,1115,881,929,700,1045,1319,971,524,861,1012,1344,650,920,427,715,791,779,1018,1073,987,1148,931,1036,950,992,810,1063,1061,1218,834,568,690,939,787,1029,799,984,851,798,682,623,827,771,945,456,929,778,1108,755,1362,]
[790,767,592,1304,516,1114,1013,935,645,939,1066,652,990,651,1019,687,555,601,825,1361,734,960,677,1018,735,919,800,714,969,497,933,556,907,805,1097,847,816,851,539,1019,644,686,862,1287,967,804,820,1049,810,643,891,845,1167,620,1155,445,715,1022,586,774,973,999,909,1243,]
[975,778,946,1018,1046,1094,1207,768,701,728,870,934,1159,819,1088,668,754,842,738,967,815,801,622,1083,674,1610,502,682,759,1053,1151,797,1273,1107,1034,1084,768,1287,605,1225,539,736,1134,995,1165,615,968,1056,796,945,1048,786,943,899,944,528,981,644,670,898,950,1558,1012,1236,]
[689,764,724,990,941,698,502,704,865,665,826,974,896,712,1182,1054,833,1031,961,708,661,1148,818,1127,644,529,747,941,996,459,750,659,613,791,647,956,964,809,654,777,776,1293,859,876,669,746,1281,889,750,800,1013,868,680,1106,1193,958,972,775,527,924,534,792,770,1041,]
[824,1050,905,738,910,973,1028,921,843,906,812,983,688,680,1008,855,1022,1355,777,583,744,689,639,837,832,880,1130,588,1445,1000,1230,883,563,1095,1208,911,860,995,1207,773,909,659,912,872,621,756,1034,750,637,730,946,940,917,961,1307,575,1043,757,1131,1211,777,1063,874,842,]
[1276,644,933,733,1160,823,930,796,541,872,840,1101,586,882,745,1177,1050,1210,1288,933,752,809,889,740,806,884,1008,1019,676,989,735,1009,1136,1038,655,720,845,629,912,677,1224,644,954,808,836,685,1033,913,913,1044,1191,850,987,1199,964,767,1047,984,684,1051,964,671,1315,893,]
[777,891,672,877,895,667,1513,911,864,712,904,944,710,735,1332,880,693,862,844,1009,1079,804,756,632,475,697,950,595,976,749,569,892,798,562,715,1106,887,1062,583,860,1041,831,459,893,1286,769,1194,931,948,714,928,739,1108,946,917,732,629,722,867,928,776,683,1044,747,]
[834,1307,821,670,679,826,717,842,651,767,721,1182,775,801,929,728,632,1080,958,831,790,1321,1178,1241,804,803,1090,993,1615,881,796,667,693,675,1084,1032,581,1112,1195,892,855,935,951,581,697,655,671,831,1200,889,1058,535,1075,752,1062,831,795,902,783,1067,858,868,509,676,]
[1212,1228,949,836,996,1005,931,876,1042,894,922,1096,1170,1080,1267,830,701,875,1042,899,942,1048,980,533,1341,901,587,927,896,722,677,879,1258,491,981,1122,842,1058,1098,626,827,1107,386,1061,1077,1574,890,1469,981,765,947,1091,1052,1105,1057,700,1308,954,471,1208,952,733,884,789,]
[1055,1286,1010,922,771,466,825,1236,805,889,821,1537,357,927,871,1408,928,874,965,1224,725,911,898,616,692,819,667,1091,643,985,748,554,1481,976,925,1206,1040,1096,462,725,975,735,1203,894,726,1443,815,753,1267,537,899,846,807,1088,1066,793,703,963,932,957,1113,1112,778,744,]
[935,993,738,503,1398,899,911,706,792,923,922,1196,648,769,697,1093,804,1137,879,804,886,1166,1099,951,1034,967,845,855,867,826,979,1219,1211,774,778,891,670,1079,841,857,898,1016,872,821,664,934,823,692,981,569,737,1016,717,933,800,830,627,1250,579,823,1083,780,939,712,]
[1266,743,476,946,604,950,487,1056,1107,905,1157,596,799,1270,798,1267,913,967,544,635,596,765,1295,621,596,707,984,870,1203,720,693,927,841,515,724,911,871,1649,1021,1024,638,1161,1087,489,1095,985,846,667,1039,1294,993,1374,412,990,649,574,547,735,773,607,644,608,1111,1106,]
[679,955,687,1220,654,847,987,993,724,1030,680,755,614,1061,922,1213,997,926,1102,919,810,1026,1227,705,719,1044,849,731,1422,675,1139,619,717,1289,910,936,989,743,1050,1101,868,1032,882,701,844,810,846,814,876,643,581,757,471,533,1413,650,867,801,688,759,936,1099,935,867,]
[947,790,1083,751,928,534,1405,1015,904,830,969,756,588,660,707,982,1101,739,961,1169,843,992,697,770,719,925,1195,770,1003,573,1020,656,1013,1024,911,483,1471,1204,896,947,890,781,754,773,719,991,675,1217,1056,862,1060,748,628,880,888,1172,1264,467,774,1039,1221,1282,643,792,]
[913,707,777,886,619,1161,651,986,569,898,1112,895,970,880,780,839,863,992,782,1076,1093,704,775,728,729,847,864,736,672,767,861,1263,738,771,924,873,690,1428,1198,655,929,684,714,790,744,537,928,1119,942,628,612,963,685,1043,1043,900,942,1341,909,817,490,682,789,901,]
[852,1011,857,959,947,612,838,680,801,685,766,801,901,1097,631,950,619,570,706,906,1421,651,1068,819,918,969,1018,664,776,1084,895,990,844,964,946,741,830,809,793,782,1191,1036,600,666,1192,692,567,1531,1096,995,1009,933,940,465,1271,1023,936,930,1050,1008,944,1125,879,948,]
[948,981,830,1203,736,688,459,611,544,1217,1002,1232,745,738,1073,522,635,709,496,361,703,556,1021,999,974,884,1001,1096,685,1104,688,1372,835,667,1221,975,560,834,568,842,296,1116,830,734,1367,922,1062,883,714,720,852,766,698,895,694,934,1125,978,833,1188,847,1118,743,941,]
[807,1038,924,842,632,1054,569,999,694,653,377,1158,542,668,773,739,528,489,778,1152,1099,750,806,777,518,578,929,503,769,726,1138,963,720,797,985,867,588,796,656,1151,1036,776,998,1216,812,576,696,1039,765,908,1016,713,939,922,810,735,534,814,634,804,717,1420,661,1143,]
[1255,560,1054,939,1265,1051,744,840,992,755,827,703,949,716,1174,771,582,841,782,599,878,954,580,1044,468,1093,1031,905,884,868,774,1013,1462,922,629,942,703,648,1218,802,1401,664,724,881,982,1098,694,790,983,744,787,745,735,740,1204,988,1237,1414,709,757,785,702,624,568,]
[1143,500,910,897,920,426,774,679,1241,791,528,1081,1036,702,784,1025,932,740,740,1052,620,595,791,1236,771,485,1227,701,936,577,707,923,486,768,921,435,1331,671,934,710,864,991,1373,587,821,897,1074,648,709,1052,1079,1294,756,1098,809,408,878,860,562,506,797,686,764,978,]
[585,829,1079,1048,394,1078,750,1412,1332,1109,937,506,1249,871,711,784,369,939,957,567,1366,781,605,1082,512,1144,586,802,751,869,1168,844,789,1332,915,508,969,1220,917,665,863,952,1267,813,851,616,887,868,616,714,674,929,1210,963,730,703,747,684,1175,933,658,869,798,1313,]
[629,808,909,1486,868,841,988,1107,1097,503,835,609,815,828,1008,1085,779,833,710,634,1047,1035,862,954,1009,891,994,916,692,761,705,536,717,666,713,1279,1071,975,717,834,761,911,585,930,1051,950,949,1018,723,650,1007,1023,920,574,981,568,795,1112,890,784,904,957,809,981,]
[1109,676,1011,993,740,870,709,1152,822,1031,921,790,750,927,891,397,883,665,861,1352,943,767,1052,730,1104,892,1173,642,871,753,799,927,493,908,492,666,877,1053,980,998,594,1055,730,1344,998,570,801,683,727,1127,609,617,797,756,814,1134,1174,715,761,942,952,840,807,837,]
[1246,396,1197,914,601,1130,1355,999,1005,940,429,943,898,680,744,948,1228,803,962,589,982,645,874,821,806,1120,729,1146,450,768,845,740,1055,1070,586,980,770,1822,1148,1096,1257,1108,1232,677,913,1037,1012,1116,980,759,786,758,876,778,1052,783,858,944,906,893,717,834,733,1028,]
[724,723,795,588,798,1195,700,827,1600,695,701,459,826,605,719,790,536,1125,1062,1080,822,977,1324,890,898,1075,661,684,1053,918,720,670,610,1067,1362,974,988,718,794,706,661,656,1099,1006,865,662,623,563,639,971,593,495,1483,1003,872,460,1046,1070,996,1225,1165,933,700,943,]
[1638,596,710,1028,647,1293,660,1055,1066,669,974,1095,1341,706,730,970,763,664,744,967,1552,785,685,785,809,1132,803,681,1138,981,590,603,796,718,1083,1111,1007,957,961,1046,1104,1099,686,671,996,682,730,765,871,1118,653,1068,813,715,838,868,680,1118,684,644,901,1132,986,1251,]
[543,789,967,1005,597,985,665,912,675,638,821,950,996,554,601,710,950,868,1220,1086,664,901,579,752,830,661,714,477,594,922,375,943,437,688,723,706,719,778,889,574,1042,426,1215,913,522,834,585,530,643,1108,672,1188,941,766,763,556,431,432,686,1025,1026,563,529,787,]
[413,624,591,449,798,653,605,697,709,960,537,282,697,501,748,649,552,640,425,363,577,618,744,564,699,545,605,758,642,574,1025,555,711,509,679,791,577,720,1010,849,593,982,583,760,494,726,521,580,480,628,683,601,378,484,479,719,622,568,511,535,561,883,289,561,]
[716,634,548,765,683,702,858,1006,848,1053,667,599,862,1110,607,1306,1104,711,1068,848,431,598,973,582,1154,900,995,726,1177,503,820,1034,903,1053,961,834,1163,864,545,743,1155,889,659,820,746,1027,730,473,924,833,1285,967,944,873,1429,770,1075,634,761,1117,722,1085,1201,609,]
[1431,1161,687,695,1406,709,557,783,1099,957,1037,788,1068,975,749,1018,1156,1422,556,863,1057,1015,649,1377,1097,804,953,975,937,904,731,789,923,872,962,1335,1126,1072,731,748,866,915,651,1153,1052,829,992,1039,756,914,822,1042,984,1292,881,490,1274,568,1014,1280,1023,1135,1014,617,]
[906,383,785,1003,939,998,707,779,1093,1375,1052,1040,818,1120,1188,799,726,684,808,1117,908,799,609,861,994,1035,651,1150,987,921,1253,1140,881,589,649,859,1197,1008,988,762,714,641,1052,599,406,807,1376,785,925,813,566,1190,546,645,709,1134,722,587,595,732,677,832,591,932,]
[854,962,901,756,1036,787,679,843,687,1051,1045,1020,737,1171,1055,549,892,839,1142,783,685,1178,1288,732,898,942,852,1087,1428,760,877,587,1070,686,960,660,963,878,1006,519,1024,1037,931,849,698,963,959,549,920,1200,1138,1189,950,672,652,874,751,804,736,625,1042,705,780,921,]
[869,658,331,965,1019,1139,716,1006,1290,852,1069,1076,914,1146,991,1405,757,1098,832,1097,919,722,1065,1217,555,530,643,1282,839,601,779,537,1356,730,1050,1067,977,771,823,689,1235,839,618,1157,1017,669,918,699,1180,839,824,924,1039,1094,930,1167,701,952,986,862,606,1180,1094,672,]
[900,1486,605,634,954,1004,1026,884,852,1244,657,787,728,1062,524,734,712,893,836,899,749,1113,1089,717,657,986,853,1329,660,606,829,721,1151,697,1370,1441,867,1111,960,1216,725,1365,1196,587,767,859,861,521,1030,861,821,1086,757,903,1056,822,862,947,673,794,887,945,1011,892,]
[783,1299,480,700,978,728,690,826,1131,667,1350,1023,680,1110,766,1041,957,1015,726,1065,875,875,1376,621,694,870,960,948,1193,654,832,716,620,557,856,1497,941,704,1223,1107,730,1176,1072,936,918,990,570,784,1152,668,1130,694,590,1114,679,856,533,646,1137,786,675,1023,1207,821,]
[833,1098,1788,860,1163,929,834,662,1245,936,972,1077,793,803,1228,719,933,734,822,1115,803,914,759,1082,1137,803,897,688,862,976,1202,820,691,589,774,1230,1085,1060,937,1045,712,568,658,1060,546,851,774,574,869,1512,832,649,1180,898,531,733,751,1017,767,702,654,638,1023,744,]
[931,662,1107,801,954,1256,664,845,835,874,969,942,1107,921,674,809,807,976,949,1130,729,703,466,642,1033,866,804,912,483,968,790,1157,853,643,467,933,630,1205,855,1129,972,929,962,1045,943,577,1099,925,556,780,1012,738,989,473,701,829,826,1426,862,779,723,913,504,810,]
[947,940,896,724,769,918,615,1108,1018,962,731,717,917,684,1227,1038,745,1010,803,793,1139,910,710,1040,1546,783,759,1039,608,811,1032,596,658,817,783,1531,862,1165,713,1267,1128,883,775,602,1148,644,865,799,1099,870,1306,1251,529,564,748,973,1099,807,1058,806,918,1410,784,871,]
[956,937,934,982,1020,987,1051,1134,931,1311,678,848,748,790,995,766,927,816,638,995,642,846,663,814,658,1182,717,529,1037,972,571,780,852,1137,1041,514,1105,679,873,717,1065,594,435,1184,742,1084,792,849,1178,871,911,692,1014,870,609,612,718,784,718,693,721,674,481,492,]
[368,473,499,562,604,682,636,632,701,440,621,1053,448,392,990,733,727,575,1021,557,658,953,736,530,674,581,950,440,416,478,631,591,588,494,527,633,460,684,643,715,339,992,508,548,826,772,525,819,456,479,532,663,609,853,438,627,679,656,618,912,380,825,781,556,]
[1440,909,948,1200,902,1506,1005,933,1035,779,1125,1119,480,1549,1114,1601,1333,958,1020,758,661,997,1688,1323,995,717,1185,959,1078,1337,1137,1546,1043,1516,1381,771,2436,912,1836,885,957,1079,1377,1205,1009,1212,1549,1325,1456,818,1197,990,923,791,1497,1387,828,1344,992,653,891,922,892,884,]
[598,723,647,581,797,511,627,580,740,645,421,941,633,661,869,839,358,519,711,731,688,589,505,793,865,713,599,779,778,488,781,623,562,810,1053,813,610,883,919,600,716,545,753,602,597,635,474,467,753,796,518,583,788,631,748,548,635,783,698,697,837,656,481,929,]
[1252,781,1143,937,1224,1067,1155,907,904,1252,1253,956,930,827,924,525,1149,1217,1013,977,1024,1046,554,1394,847,785,1032,1063,1150,1606,1110,1166,1311,527,1108,1006,1208,1212,1374,1171,1159,1637,925,935,846,1322,832,983,952,935,830,967,1009,988,1363,1657,1290,538,1123,896,1189,1293,1012,822,]
[626,433,625,850,1084,816,915,857,846,662,418,809,623,450,941,674,778,798,822,791,669,948,741,1104,799,505,1305,825,539,861,539,963,1010,605,929,757,833,884,985,848,897,585,630,931,1188,1179,564,568,1100,1389,576,851,926,534,749,949,1270,480,712,806,845,484,452,912,]
[789,1365,953,1044,1091,945,610,1092,914,762,748,637,1298,589,924,929,776,798,649,634,1070,1211,625,998,919,998,1185,913,829,795,1051,968,895,999,835,843,617,875,1146,527,1301,1003,758,1299,689,858,599,933,613,638,807,718,786,1121,842,653,1217,587,906,1480,1055,1064,1153,764,]
[691,1746,658,826,680,1145,882,984,1191,1047,767,1091,855,791,828,839,991,779,676,660,839,954,647,873,777,1370,1274,763,1044,1100,589,775,1198,756,758,1087,1168,1022,551,973,1164,839,929,917,794,932,1135,446,1166,791,956,988,694,1143,876,612,746,1117,756,634,602,670,749,830,]
[800,1213,529,1096,978,587,788,812,505,1084,708,796,892,795,1018,1335,942,1055,678,912,951,909,594,828,931,1082,740,757,912,1300,577,770,921,934,1131,762,980,832,739,731,735,899,684,1155,828,1798,696,1038,779,955,574,659,788,816,797,1219,843,816,1227,1336,868,830,844,1159,]
[1339,1014,1277,710,867,1133,938,785,1124,1095,911,831,675,1109,1088,1107,568,981,1167,916,1081,886,648,762,753,797,806,617,743,800,592,798,827,633,860,1254,858,823,867,808,813,820,1135,931,861,802,983,593,802,732,678,715,768,1395,929,1233,1167,1184,1218,539,803,806,1011,968,]
[956,729,954,1287,880,924,955,641,517,977,749,805,690,1112,361,982,1038,702,835,998,674,1360,870,1283,885,626,641,810,874,408,1168,761,894,972,902,1169,831,1131,765,938,769,748,633,1135,631,615,867,1042,658,1398,881,970,772,1049,950,929,879,842,543,1459,914,624,661,1168,]
[944,556,611,566,838,727,964,660,810,826,824,1179,968,1068,884,1056,785,685,858,763,862,1319,1116,1212,638,894,1175,1089,768,1444,1041,850,842,1026,936,779,671,973,650,879,629,986,819,565,921,1278,928,790,1006,783,918,997,843,853,951,889,875,926,1227,1226,471,886,1039,924,]
[486,487,718,1063,1262,1066,933,770,650,902,950,560,421,1578,857,1193,845,561,923,985,1115,897,1027,987,763,881,1169,991,1242,833,768,721,1103,1002,875,884,898,1148,801,762,821,786,492,1166,669,1562,1118,737,1121,1085,1613,890,820,1177,705,650,786,1049,949,742,745,1429,715,672,]
[1586,861,1480,1022,723,768,957,823,886,1131,1061,568,896,849,462,687,754,674,1041,1084,929,706,784,1061,1260,775,913,859,1200,658,419,795,891,832,712,953,794,1116,741,1132,589,577,997,908,1570,813,990,944,894,809,851,610,1371,979,1010,889,1207,1385,1048,658,897,1041,931,901,]
[1127,808,1065,985,813,570,618,962,848,1062,855,846,1168,750,774,698,792,1056,576,591,568,710,1096,933,1341,931,1106,702,1117,1063,851,1050,762,909,1214,972,606,1498,732,962,511,949,657,647,670,872,1316,681,1266,902,524,1103,944,863,989,924,903,905,743,1232,511,838,677,732,]
[1026,854,1231,903,738,894,729,911,953,1020,786,1295,679,824,1064,723,431,726,840,1360,748,1379,670,784,827,1444,512,701,1000,874,636,613,818,948,912,1063,666,686,609,1240,976,839,1095,614,971,885,818,863,1130,608,868,1035,873,697,885,591,727,564,1269,924,753,1056,714,738,]
[785,758,510,639,755,915,915,645,482,527,593,1085,693,1078,511,1042,633,701,1342,772,755,739,990,985,805,1125,608,888,886,595,705,867,1095,704,725,969,723,1201,843,748,975,592,1203,940,848,687,753,970,640,546,1044,1188,1013,915,472,463,664,988,967,875,557,1244,793,969,]
[924,1042,831,915,857,787,797,416,1065,728,635,995,1337,719,618,1116,1040,1511,718,1539,1235,619,726,1049,666,961,1080,833,693,740,590,666,1129,838,449,1011,1036,1297,821,785,1254,811,831,986,712,731,573,620,808,835,1010,1071,714,1111,871,1050,727,715,1150,861,826,674,1026,817,]
[788,1266,740,1140,564,1083,904,998,843,710,1197,1330,888,713,747,1302,651,740,949,1020,1057,1164,1458,589,643,1021,738,710,913,606,732,778,820,614,975,862,1004,932,1201,802,626,1169,832,929,947,464,1161,685,792,558,853,939,761,1013,868,691,709,936,1042,799,790,1093,1029,1001,]
[1110,1013,1283,604,657,971,959,650,925,1234,1182,991,722,1011,736,942,1021,992,1080,741,785,669,854,1065,887,1115,812,958,813,1400,723,643,860,428,1050,952,792,910,882,1004,772,956,587,735,1077,926,1383,752,788,879,662,846,758,1355,619,1265,730,676,863,672,877,815,749,861,]
[795,865,674,965,851,646,824,742,697,854,736,610,1049,776,730,892,1230,1089,751,356,1004,844,835,880,669,828,1000,856,1045,792,767,839,1239,778,476,846,971,812,777,878,927,957,1122,1372,866,602,785,838,565,1113,687,1173,537,978,631,879,692,599,924,785,543,720,506,1286,]
[886,761,1257,643,787,731,1232,1457,1293,576,1013,681,940,970,1011,852,882,767,928,1068,601,886,1144,770,986,774,759,674,1368,835,760,1147,704,1206,580,1040,1071,527,712,630,1060,1070,1158,749,515,1051,728,1285,933,881,569,1039,748,993,472,853,727,1039,661,803,920,973,1286,782,]
[824,657,941,805,899,689,563,924,966,856,1092,1121,1249,894,1491,909,796,743,714,896,895,747,1299,858,494,432,567,719,1379,1036,781,520,1140,604,1149,582,407,746,941,793,934,730,905,731,1000,686,730,774,592,596,875,1323,821,968,829,774,645,1514,625,1323,787,878,784,808,]
[856,663,954,544,1016,1184,678,777,1025,844,813,1207,864,795,768,971,1195,636,893,853,903,766,659,1109,1484,591,1003,627,1231,869,761,1160,890,754,609,1070,998,944,785,708,1191,672,730,633,972,664,1239,894,824,576,1032,701,965,816,1197,788,598,493,1132,985,839,558,819,823,]
[906,1052,507,513,1168,1492,879,888,781,545,805,745,770,1012,698,752,1643,1002,872,783,696,902,695,1043,1087,960,515,348,1502,734,1082,953,1118,959,905,694,1095,959,1201,1095,562,1029,1145,1034,1293,759,842,1186,841,699,727,795,964,1222,1122,301,907,1351,549,907,1020,488,1136,937,]
[729,884,726,995,817,957,1154,779,1094,700,961,859,946,1321,1002,1130,1062,684,1043,906,1073,963,863,1045,962,853,1058,1218,1247,711,660,824,626,1083,731,1097,826,659,1007,1046,648,1006,1326,813,965,685,976,749,506,745,1089,608,1232,722,929,1283,629,1083,809,936,941,740,767,860,]
[669,885,1001,1374,739,1138,717,880,1224,1131,807,1586,818,1145,655,763,809,1218,1060,1280,1314,921,1087,1041,345,762,856,1150,704,876,829,818,1020,717,662,1022,669,733,1232,579,840,887,1262,1236,973,470,1315,998,1101,951,1018,941,1088,1088,701,710,1020,599,595,886,893,1383,1001,790,]
[896,829,837,825,1258,644,1051,935,1086,507,1197,640,749,1101,537,1304,903,748,954,1038,1089,1352,784,898,879,1156,863,966,711,800,849,753,794,1285,683,775,763,772,1188,845,559,846,1220,1035,785,339,548,562,1159,683,743,1005,993,1063,810,613,992,440,684,589,1109,791,871,638,]
[639,904,613,876,1276,948,1057,886,844,975,559,1081,724,943,655,1244,865,934,602,767,749,690,641,576,680,775,1213,948,915,1004,932,590,780,724,1096,722,1078,609,797,772,607,786,809,1171,1068,751,703,717,638,1013,937,629,926,850,716,894,1125,648,790,919,1262,635,846,733,]
[932,871,744,794,911,656,861,880,1077,1104,1182,881,1021,545,939,701,799,549,944,849,1127,958,888,1399,1301,659,621,1224,906,872,1034,926,821,698,763,726,908,619,1079,619,829,792,958,675,711,672,833,910,722,775,963,782,857,739,686,1080,722,1065,1114,997,963,972,890,724,]
[1132,614,757,800,1103,638,1112,715,911,955,1145,1113,922,1040,913,498,832,416,583,910,546,782,759,894,649,803,696,938,1229,688,616,846,827,591,827,741,674,927,1118,995,699,781,719,1052,880,846,827,882,916,879,679,694,580,887,410,1134,569,833,704,844,683,523,1094,765,]
[774,823,534,1001,635,1083,962,966,1240,1000,819,817,1476,752,1007,1088,644,1052,1066,904,971,915,863,813,944,823,953,699,796,587,899,1194,643,585,932,1291,945,998,752,513,816,843,1525,702,463,693,899,1125,592,990,1312,551,1035,1242,1061,753,863,1058,898,978,782,953,712,827,]
[839,932,721,1030,929,1024,1089,951,707,1013,948,1097,841,982,726,1286,1028,775,808,657,943,731,633,573,597,578,1555,1235,750,874,1174,1073,841,1363,591,707,470,963,1029,1029,572,1059,845,705,976,850,1192,844,572,594,878,883,844,577,1153,749,932,368,684,730,1052,650,832,891,]
[540,879,856,872,980,767,879,827,794,1058,976,821,628,628,842,786,1374,647,985,1101,1055,1017,881,650,874,731,542,883,905,921,937,1007,931,907,1436,617,832,953,919,830,798,793,1487,1000,933,427,1464,971,657,614,965,975,751,1211,929,838,1036,816,944,670,827,961,961,729,]
[737,690,772,761,516,1081,825,742,802,1104,1056,863,1016,910,761,611,807,1309,931,744,547,522,859,1230,751,1610,802,649,619,1066,967,826,1163,910,928,708,972,542,696,1267,777,1080,552,683,779,867,911,1414,965,835,969,902,854,898,1361,652,795,723,636,628,988,749,663,969,]
[1206,860,667,1037,954,1161,787,1260,1071,1515,1379,1228,836,937,1291,650,1137,1045,1071,1271,833,701,1028,797,955,839,566,1042,723,836,690,511,636,825,612,728,872,617,391,1217,845,411,623,1299,536,958,832,570,852,682,800,1097,516,1111,531,929,532,691,777,393,854,627,969,1034,]
[659,907,814,690,904,729,741,685,1015,1012,1165,775,946,786,577,812,735,984,818,921,1041,1049,1378,969,779,996,891,1548,758,642,870,697,1268,1016,1642,957,970,617,1223,1024,770,898,924,765,617,917,969,739,585,543,736,687,988,804,1431,906,766,792,633,812,1004,754,935,1081,]
[1055,1204,639,966,848,740,1154,947,1089,736,730,887,585,1412,854,881,380,871,1337,824,1082,927,986,843,895,933,811,694,880,590,806,640,964,841,954,1504,679,943,1120,679,573,857,626,1072,457,1276,930,777,461,847,1036,1025,735,905,685,780,808,986,699,785,644,799,738,724,]
[1011,1088,821,813,566,780,1190,1451,791,840,503,538,945,729,752,1208,739,811,665,786,565,678,561,980,791,1073,1023,1048,571,560,679,709,654,1235,817,534,752,1057,913,566,552,846,1096,966,1236,920,867,924,680,701,592,864,680,767,1093,980,791,639,770,951,954,842,1317,757,]
[1248,1084,609,881,705,903,908,815,790,631,620,1073,592,722,680,1249,691,1055,474,706,494,772,789,451,985,932,807,879,669,716,964,932,573,984,1619,884,994,970,684,669,1168,579,934,647,748,633,515,996,696,1030,945,922,822,894,1183,689,1044,1179,724,624,750,576,1156,864,]
[659,710,852,511,997,568,703,604,713,648,699,573,651,751,722,595,669,480,546,617,490,668,690,712,557,651,808,604,474,623,574,827,538,406,908,558,666,633,680,502,705,803,402,598,525,626,358,538,685,497,731,591,698,432,425,569,803,672,677,592,814,493,455,668,]
[962,1066,952,1476,1031,639,649,390,1075,765,1086,1134,643,955,512,867,855,1438,1201,1215,861,884,650,1181,810,1270,946,731,687,908,491,1102,1393,699,929,776,804,830,1120,745,1034,1026,445,635,782,932,1271,907,1205,1010,1115,879,1008,705,946,711,1124,974,706,1162,711,833,1148,775,]
[703,1064,952,1103,793,740,856,814,908,1113,1001,1031,745,782,817,461,784,891,847,575,841,442,655,1008,844,900,1520,396,581,1185,911,567,1031,1088,756,900,687,1008,536,637,522,780,711,735,981,796,895,765,754,754,933,1217,576,1230,1119,1234,1336,675,850,818,1182,1152,848,1005,]
[782,959,773,1009,1162,702,1156,630,1066,760,541,574,958,979,684,949,625,1055,849,1239,1020,1015,624,628,1084,633,681,1051,674,773,708,1130,750,927,554,334,1277,1204,982,860,934,974,746,871,737,907,1101,1003,925,1006,698,1285,1128,1432,338,980,1713,873,646,568,864,849,1126,938,]
[721,665,661,776,976,554,973,706,985,1079,849,717,544,695,595,676,564,750,1078,1252,936,983,794,1008,653,796,785,1394,762,722,1109,786,857,1134,1356,748,653,852,879,833,935,1152,1124,568,1212,1313,1196,638,1220,1062,1040,811,1230,1064,487,879,980,1142,635,807,629,1082,927,505,]
[871,884,559,770,702,879,851,633,876,817,816,659,837,976,1236,1096,695,765,1098,675,745,1069,1055,698,582,1231,709,646,969,856,1203,988,737,957,718,699,546,1051,1091,921,856,802,1311,585,778,777,1159,944,833,793,750,1133,1120,948,1452,1248,517,630,618,902,885,774,813,648,]
[773,997,1054,880,968,828,742,603,697,718,566,964,732,757,777,843,488,862,833,1326,1097,818,710,918,802,630,755,863,829,1079,795,588,732,917,1084,792,687,1098,955,955,779,915,663,638,858,642,704,656,1042,1088,892,1038,1040,1001,1044,1365,884,954,1127,857,1192,878,837,1204,]
[743,839,735,1078,1019,777,1097,1398,1070,1058,842,1006,1136,944,1342,841,1037,769,523,708,778,752,1093,1039,766,371,579,1245,1150,1567,1178,886,710,1087,727,960,573,858,1109,964,963,1057,681,738,876,1298,767,1057,869,654,1048,907,614,981,871,713,807,753,927,835,679,951,956,869,]
[1147,643,653,736,647,760,896,991,816,1701,907,819,844,1242,646,789,784,712,843,731,733,629,884,776,1120,766,578,1148,808,861,820,767,771,1318,478,1272,831,529,658,859,1006,1082,1015,671,1245,714,1315,1362,659,642,707,700,1272,871,785,1194,579,826,711,784,1024,893,594,717,]
[851,792,635,1061,632,705,586,1067,640,954,743,1206,922,1243,524,840,678,904,669,933,789,791,902,893,753,926,554,1363,1011,518,607,723,899,932,1114,1130,1212,1106,915,904,965,687,967,901,578,1116,819,1315,920,923,884,855,1113,613,662,1115,1080,535,1317,1069,832,1070,899,776,]
[747,688,980,630,1111,918,976,1061,1281,574,958,931,946,1166,760,830,1400,810,793,1536,854,1044,955,619,776,681,553,715,672,1083,1016,769,946,328,971,729,1099,1086,848,933,712,810,1004,1117,907,822,1124,1107,944,963,1200,642,1044,1045,802,1175,1089,1206,835,596,487,1401,1191,887,]
[833,840,604,748,883,1069,975,600,915,882,940,941,1250,1010,1227,1244,629,913,730,800,1056,1082,680,650,859,785,761,1648,359,1001,697,653,864,1202,733,903,1077,925,949,1147,1305,604,984,758,528,1148,860,933,1229,792,832,1468,919,562,473,984,608,826,812,835,990,800,716,1166,]
[608,637,291,677,557,522,545,902,436,515,583,554,621,525,573,394,683,548,854,420,450,533,561,616,858,825,877,419,774,441,648,918,751,712,821,633,659,508,815,371,760,732,614,950,506,648,349,1021,818,741,438,430,413,752,674,753,577,757,760,501,188,544,720,802,]
[1,0,1,0,1,1,1,0,1,1,1,1,1,0,1,0,0,0,0,0,1,1,1,0,0,0,1,1,1,1,1,1,0,0,1,0,1,1,0,1,0,1,1,1,0,1,0,0,0,0,0,0,1,0,0,1,1,1,1,1,0,0,1,0,]
]
