This is computation ability:
[
[0,0,0,0,0,0,0,0,0,0,0,0,0,0,0,0,0,0,0,0,0,0,0,0,0,0,0,0,0,0,0,0,0,0,0,0,0,0,0,0,0,0,0,0,0,0,0,0,0,0,0,0,0,0,0,0,0,0,0,0,0,0,0,0,]
[0,0,0,0,0,0,0,0,0,0,0,0,0,0,0,0,0,0,0,0,0,0,0,0,0,0,0,0,0,0,0,0,0,0,0,0,0,0,0,0,0,0,0,0,0,0,0,0,0,0,0,0,0,0,0,0,0,0,0,0,0,0,0,0,]
[564,1831,390,442,1005,497,3849,43,188,2357,710,4287,1200,1035,77,397,1274,708,318,413,905,614,748,2293,991,2047,357,1250,431,506,250,516,577,174,5457,1949,224,1319,898,1601,265,716,253,2286,938,393,233,2177,335,3173,2825,1282,342,2453,1244,1100,1265,815,174,335,68,362,94,3929,]
[410,532,860,499,1067,425,80,371,1236,785,42,407,557,637,2696,110,67,419,752,670,716,1625,473,671,333,436,897,28,1484,116,46,489,29,2163,992,776,1347,17,708,1410,317,26,1617,188,296,887,1088,576,696,800,404,61,1395,151,1680,416,131,1064,217,2402,67,22,247,221,]
[622,738,662,1089,2734,927,762,495,432,653,253,552,61,49,678,668,1078,529,713,1392,3344,99,1001,505,140,273,38,6,5135,587,38,1431,738,481,620,235,2792,2155,1831,707,151,730,100,1294,136,2861,1290,492,466,175,657,518,1730,1634,209,550,2450,974,844,287,1061,583,622,1550,]
[119,1015,1919,1725,563,3159,267,150,421,261,1098,2482,253,2281,1556,92,335,262,2726,461,618,5,251,17,244,505,1185,2290,592,940,2312,605,610,2287,239,948,313,5570,650,3826,371,17,536,718,1258,269,7,279,173,402,1158,1134,180,1935,637,111,1238,867,812,446,1639,1284,1376,1185,]
[737,664,464,1330,2670,359,70,228,587,282,1467,748,493,18,506,603,1207,1179,335,941,138,1216,1375,1043,583,3095,180,1301,29,441,1386,649,50,833,119,2447,650,1209,223,191,2551,341,55,1109,218,945,1783,2444,319,3275,1655,725,112,102,856,1231,550,256,456,30,2009,507,462,3211,]
[446,40,1880,1387,1007,188,112,530,711,414,448,1516,41,65,428,548,104,3135,396,185,337,790,842,1142,292,594,619,498,886,583,807,514,252,148,3094,770,1664,1627,1143,547,74,910,327,1179,674,2305,1149,250,205,1373,317,1227,850,1989,3428,325,114,2025,691,969,2260,429,226,391,]
[1974,131,1868,261,778,310,2015,1211,209,696,386,236,3482,300,485,1427,342,1677,119,229,1478,588,6,208,1186,305,132,1560,940,1428,2034,575,1485,662,1073,2750,1019,635,305,98,1278,222,1045,116,802,4309,226,3368,61,728,174,488,2707,1697,105,186,6029,479,458,435,581,1247,2351,2772,]
[965,37,822,2094,1446,969,470,1516,614,15,810,2125,3433,147,2164,290,2285,94,1761,1376,162,94,3279,946,278,798,64,219,273,1978,1458,351,441,1473,1967,4046,1594,1746,872,83,1796,741,1829,65,815,1068,1116,419,516,2031,1889,81,774,736,291,1395,1228,1819,1736,1603,102,3251,1884,530,]
[155,652,330,522,111,22,3624,59,32,847,722,2161,211,308,719,368,690,3376,581,280,272,476,116,633,2037,846,532,1710,1182,1587,447,402,37,568,94,2558,778,119,2522,3056,1922,745,773,2694,144,875,320,185,777,1204,2,859,16,910,1410,258,2197,200,911,243,207,903,164,1237,]
[2040,1379,177,228,219,935,240,983,1394,2778,579,441,335,1759,961,8,620,16,998,467,423,127,1573,732,1045,1666,3042,3662,1975,188,414,290,184,662,1790,1099,232,431,94,1258,414,74,3070,873,1383,978,1412,257,370,2013,434,1229,341,17,218,546,1415,101,15,125,2643,1702,331,574,]
[86,347,0,768,635,504,2615,80,663,2,270,127,286,1380,938,2189,169,1095,131,2830,598,169,445,1778,41,117,756,930,416,96,919,3,1192,139,1173,861,99,1174,152,647,903,4295,1162,2770,361,1097,160,227,1011,2764,1297,1353,1037,1205,2311,2146,1763,45,34,835,145,1543,951,1977,]
[1503,15,1351,2579,36,35,834,1931,855,2556,518,230,1174,465,354,1358,1080,1674,13,929,1268,132,1256,733,55,302,2376,243,2818,525,7,888,86,225,33,1172,4064,630,748,218,282,1489,448,1303,45,4601,366,1180,229,915,695,365,127,599,554,1664,1047,685,917,66,307,197,1600,1565,]
[2240,212,118,2224,960,5520,962,1467,484,180,2160,113,1082,342,234,204,246,859,303,1607,409,742,773,564,812,1011,474,773,756,248,1015,86,524,420,863,1140,815,266,610,756,316,2024,1012,213,586,1346,3583,64,45,14,3194,2230,1310,85,33,132,149,887,28,97,839,1743,155,509,]
[970,488,90,124,603,1597,74,664,1773,2615,2874,1095,346,531,186,9,42,429,198,85,1018,331,145,351,28,15,1438,2327,664,308,954,208,311,594,336,861,233,295,809,1467,2659,603,1976,147,545,847,717,851,886,1585,250,1107,355,512,283,106,5170,464,790,938,892,455,321,3243,]
[1357,744,672,246,1136,1893,960,946,963,545,3,2125,511,1207,474,677,336,916,1207,604,507,1863,1197,987,1407,3331,209,565,1190,890,297,550,71,117,6289,462,264,1052,1945,1992,212,49,78,881,312,115,89,179,720,1813,136,1453,309,1075,206,389,2795,655,1572,62,1,265,1338,1239,]
[2455,1181,236,290,12,355,865,41,2530,1390,2687,527,2776,523,1774,141,1497,748,267,697,780,1414,611,797,20,1933,295,799,184,287,576,236,845,1351,106,2292,324,785,102,1765,588,1179,100,710,339,203,2178,240,1786,993,413,444,515,1383,2578,1423,1536,136,604,4036,2341,513,2767,1801,]
[398,1034,791,2803,334,2054,290,199,154,467,887,1232,922,306,835,591,1685,281,143,27,1033,804,414,203,124,1959,330,2711,415,907,1936,589,1140,112,1597,697,846,437,12,841,696,290,895,846,33,135,159,765,340,110,1846,85,609,553,1397,165,1731,630,178,390,433,79,195,554,]
[3147,1161,362,523,229,600,284,1,299,571,2656,64,2322,465,17,974,949,1302,1104,1455,734,1878,588,1009,18,137,1094,515,975,20,983,328,883,379,204,723,929,687,4347,813,3384,487,363,265,242,722,966,422,713,327,326,955,1035,20,1175,4,2313,802,52,156,99,705,780,292,]
[179,274,2985,1972,117,533,161,444,199,2274,1465,1039,1541,1894,70,1290,628,2458,222,754,146,235,58,338,285,1217,848,400,1315,955,1181,280,80,1914,1321,17,19,2878,3176,328,1009,111,732,2423,1047,531,711,322,593,648,488,3048,260,485,578,189,138,611,501,640,4191,1102,1323,129,]
[235,60,1042,445,87,459,1560,2614,653,450,222,866,783,872,125,1150,1887,994,427,3677,74,1363,478,902,72,59,248,1046,313,155,8,204,387,453,12,2640,86,436,3067,2162,604,788,16,624,1210,1254,1572,2111,674,45,1518,355,42,243,645,514,139,1728,258,1943,238,553,413,810,]
[243,886,496,621,1141,410,58,373,425,178,274,671,356,918,607,451,3234,116,197,2793,2964,1472,748,447,1473,745,2248,239,534,28,113,122,157,563,618,2181,488,3198,2197,2865,978,245,1349,1034,724,831,1526,1526,448,1729,385,509,803,13,1976,358,592,83,496,1281,659,2282,1121,3087,]
[508,1193,88,2789,73,364,72,488,479,19,222,272,236,185,636,651,815,1283,972,191,6,1036,911,410,373,1542,722,639,1337,522,528,98,446,145,484,55,419,513,782,260,689,66,259,1842,40,1802,651,138,762,589,2254,52,783,855,493,113,2910,1983,2170,351,245,214,239,2074,]
[1768,542,48,2265,122,1215,193,202,896,502,265,83,499,467,200,802,1448,311,59,4945,499,498,536,152,34,396,74,5735,137,1603,651,515,193,1759,675,171,467,483,467,211,1849,601,1215,29,193,116,552,1729,368,275,602,221,455,184,1905,245,571,4917,373,507,1321,1280,1589,273,]
[926,2035,183,741,182,172,626,550,74,48,859,8,83,477,480,320,24,1343,1218,92,132,445,114,654,834,433,2458,395,1851,937,505,1950,933,1441,691,16,470,2581,1189,440,1444,889,406,3308,168,585,78,262,1526,568,1977,1822,699,3300,461,99,353,1170,266,1561,266,1015,2095,693,]
[2058,1191,1669,1201,106,927,3057,2177,503,294,42,2613,1094,517,13,325,94,4325,1294,1157,251,2129,1077,929,49,272,234,827,1208,683,257,438,2925,459,429,42,87,624,1052,852,1363,159,777,1053,1104,449,657,612,415,180,21,1560,1816,85,92,733,530,757,618,2114,1235,1622,1342,762,]
[2899,1233,496,726,1412,120,857,375,121,373,283,441,423,27,3393,2621,419,1439,176,125,282,2769,418,187,201,3023,888,476,426,13,156,764,507,906,471,21,284,617,605,977,495,88,55,208,770,520,939,59,2213,499,1319,253,2747,861,1312,2333,1837,1841,421,3393,503,366,965,1038,]
[65,1490,1542,121,915,1527,318,2281,52,781,2263,867,1110,302,273,505,104,1655,1030,475,156,450,332,424,1160,8,705,467,895,1743,1672,1302,853,2754,184,10,601,2512,344,1094,152,1089,1327,787,161,536,336,482,108,477,2208,3666,306,463,1254,1022,600,128,2009,136,245,2319,105,560,]
[1967,18,500,497,443,559,1223,54,1026,488,832,2705,1205,57,187,179,68,64,852,22,128,531,62,1606,733,1481,101,122,2046,828,1169,191,244,1070,1586,281,1644,408,25,2035,591,653,503,577,127,185,755,953,200,130,243,20,2952,192,1433,692,2107,316,382,3086,1203,325,191,100,]
[8,484,296,65,106,1012,2885,1136,339,82,947,1447,1620,1217,342,807,116,864,1043,1239,2926,61,1596,691,2038,326,957,550,627,2335,1848,1273,2087,78,1549,861,2230,160,1450,322,735,1390,6628,1069,2172,1661,1319,114,347,485,1879,336,106,235,1177,1334,1012,96,168,566,408,910,277,978,]
[436,859,334,1462,202,2528,443,981,418,1559,943,1968,43,1409,494,574,583,1723,788,1217,1497,654,612,20,1311,263,1657,613,417,1261,62,155,377,1464,1177,200,956,507,3020,349,3004,244,346,320,441,994,107,2013,80,385,856,435,1525,459,645,845,60,155,2219,659,587,852,1879,617,]
[651,277,713,89,957,257,386,259,2824,1369,1633,1746,810,215,1863,1652,331,977,1670,231,3209,1112,631,4076,1025,1650,1762,124,108,1189,48,866,991,1227,844,542,540,702,619,2054,873,383,379,314,244,677,223,1823,464,1691,570,602,856,1492,1498,1041,142,822,858,2634,706,541,33,2388,]
[646,598,754,1735,1687,852,362,565,326,59,278,890,364,235,313,537,673,267,897,1103,492,56,77,974,288,40,1814,474,123,854,336,964,2129,383,3590,1067,525,239,501,567,106,101,147,850,120,361,6,317,12,777,527,1334,789,1144,644,563,2144,1324,220,124,1601,1415,1545,273,]
[2017,167,2502,1601,542,181,521,1712,1545,680,537,891,993,617,327,658,168,1348,46,1498,397,809,294,1925,996,797,339,575,92,755,513,1014,303,1447,2,1047,206,3126,2513,3155,1333,465,73,285,532,13,1318,622,265,1131,2616,267,1744,391,750,169,2854,327,228,81,253,192,36,716,]
[1287,630,790,306,960,256,1172,1365,71,511,3327,1698,231,2100,1239,2145,2472,317,1262,5,122,384,33,430,161,958,430,60,43,48,467,783,1457,363,758,1362,1646,291,688,883,2052,847,1232,929,701,249,1231,916,484,1435,1500,913,2121,620,739,1433,836,737,663,44,2437,1677,1285,1207,]
[1559,964,352,526,829,377,257,346,267,858,96,398,1787,2514,902,86,507,789,277,354,1214,673,190,2170,178,110,632,817,2309,1189,985,301,244,182,649,130,394,1034,834,196,319,376,267,2082,1881,87,425,524,1252,99,1609,714,1566,1499,1457,637,427,515,1333,1496,1977,2611,1483,966,]
[1344,650,263,1076,374,247,1156,141,32,154,673,2867,858,2691,262,1321,1737,18,392,75,498,40,1772,1329,27,488,21,376,1206,25,714,2077,1711,260,1978,409,1026,21,2878,335,1348,1553,705,2756,36,1260,794,1904,132,2507,170,166,431,1512,176,3836,2268,2013,19,1314,30,882,40,1363,]
[86,2220,707,1038,1123,844,149,181,559,298,353,1789,312,281,720,1903,185,66,1404,905,219,407,301,120,1814,597,376,300,104,15,371,585,63,953,1046,1224,1516,273,1566,390,1626,544,744,151,335,4802,1439,800,696,1433,438,583,1116,337,872,742,1801,735,848,1844,342,5,345,186,]
[718,1040,408,735,1613,3890,239,246,163,749,966,785,8,2112,304,743,16,587,115,1183,67,526,219,296,2317,691,564,911,683,2062,246,2293,1023,18,711,515,2136,1053,690,200,1323,462,475,465,947,185,26,1183,1068,2215,2355,77,1841,590,514,2591,171,454,121,3559,660,132,120,540,]
[138,735,642,621,1330,473,726,69,559,868,582,304,383,616,1344,992,2618,1004,621,181,404,29,132,226,120,66,180,784,1832,1634,328,770,316,1636,1200,2282,66,390,53,1206,132,94,1860,1300,205,1091,898,372,44,456,954,1500,1756,274,269,14,465,635,179,181,81,104,828,1315,]
[502,536,1427,107,233,565,1221,3313,1639,679,2016,581,313,53,474,949,165,1120,516,342,724,783,1846,808,161,1558,1452,1438,85,146,151,679,456,208,114,1448,3957,526,196,858,270,1069,272,19,645,2894,2167,32,2757,499,356,256,1982,344,1995,536,605,17,1736,877,1353,1115,491,107,]
[70,348,600,15,327,298,2887,445,995,179,53,1034,401,115,557,1644,1204,122,18,907,394,5,267,195,325,109,726,149,485,195,496,1465,545,123,1433,306,1244,4667,1072,385,1130,101,1156,119,915,250,1087,72,1378,1136,143,5760,2190,384,254,2306,224,131,76,587,441,62,2855,509,]
[917,1336,36,956,98,1117,534,2570,1066,183,1093,853,73,89,1501,275,1765,9,940,368,790,340,19,2662,76,991,48,2234,657,259,141,190,283,201,833,550,556,715,174,2187,3535,1161,297,3199,647,2433,179,750,1469,2659,638,598,1561,332,187,162,1938,970,45,2806,1516,1061,134,633,]
[516,443,106,274,1210,39,1367,561,62,1113,562,1267,262,4184,1082,294,932,360,379,30,1691,936,547,3288,624,2205,1257,509,190,3612,1216,350,3415,338,618,1488,275,571,536,1279,2,1164,94,636,364,1697,1428,331,57,2017,505,38,665,286,791,1950,318,395,49,1376,422,1840,726,108,]
[2082,737,337,321,21,418,1326,1231,257,343,1827,409,350,167,165,586,320,518,1149,150,3619,45,1601,108,1156,2274,1146,493,204,2872,1085,393,1668,2152,202,17,1389,430,299,1493,536,622,214,5260,830,1275,1197,56,3381,478,1309,409,707,834,172,669,237,2596,344,10,418,558,1714,1062,]
[2961,612,454,875,54,188,32,106,652,45,134,95,1392,953,72,316,207,602,810,2388,192,496,111,171,1771,2798,859,327,1,1812,595,180,387,105,1114,671,155,672,1172,796,334,711,1390,5200,3222,1079,504,258,249,482,809,257,685,449,230,271,495,885,390,752,3687,1194,1136,875,]
[1072,430,500,1459,5357,1155,125,94,360,1773,2024,955,1406,322,1467,187,337,687,316,335,1247,1526,2278,194,372,270,1308,62,801,704,674,445,777,3225,631,539,555,1038,553,1269,1439,643,1831,731,295,533,355,2276,1891,9,2138,1240,3269,68,109,395,1214,253,1336,737,4,501,209,580,]
[652,1236,2001,1251,519,438,174,2341,166,4467,1559,385,89,789,1349,912,1525,964,1437,402,11,411,555,9,1637,1095,988,502,216,367,264,918,404,3394,1515,1460,1268,25,1273,804,311,561,46,1317,87,6956,663,855,103,75,9,189,1059,1251,1803,1680,1119,303,117,1482,178,1175,1796,190,]
[223,230,611,423,1635,1351,1532,81,2207,64,1741,1431,179,417,255,577,211,1618,14,1137,336,128,49,2306,1862,727,297,283,1177,382,1273,290,293,150,1417,2415,125,332,1773,200,122,963,791,616,0,212,709,60,1519,726,707,157,773,1552,438,117,2751,30,621,29,2343,197,1379,2160,]
[1869,1656,1323,1679,1249,95,53,2410,2411,2212,1278,785,209,228,1683,1279,920,1121,466,28,1561,289,193,3520,1463,322,248,403,51,850,337,667,504,135,1109,500,203,1683,320,740,2955,929,192,1567,62,200,932,629,1308,233,1312,2340,7,855,2028,921,483,626,1221,149,212,686,1089,740,]
[526,1368,456,1004,1244,1699,215,567,627,1639,1088,605,2300,380,631,301,2689,1379,127,133,725,252,155,708,148,1015,3602,2164,358,1532,765,1258,686,1045,328,1762,961,235,394,260,674,486,1510,1871,434,185,1551,463,242,737,1945,779,1235,102,2498,66,117,821,1210,906,175,92,609,1496,]
[294,228,168,43,241,108,501,1165,1408,1098,536,308,324,121,1167,558,16,424,373,202,943,96,375,65,67,57,1165,370,773,226,72,313,231,640,3,79,1360,57,1746,339,932,278,774,560,690,1000,608,693,67,306,589,184,344,101,1453,1556,265,1227,190,679,156,342,279,164,]
[1422,704,741,1450,1338,155,4149,77,201,1687,780,554,1174,2541,1127,2557,74,596,1097,1613,705,905,10,1640,3547,623,321,278,1001,1584,1085,600,552,44,1424,49,493,180,158,1021,200,97,184,1164,804,1066,1441,928,5970,1002,2058,3875,170,791,3395,1028,1446,153,2552,830,1093,1143,94,2724,]
[4761,397,655,43,936,413,253,1407,1281,900,448,1391,802,257,2469,221,60,1277,1306,183,83,640,427,700,2057,211,370,810,1088,178,357,322,130,24,539,164,467,320,332,478,16,252,272,1494,553,107,207,220,155,53,703,844,579,2154,335,148,263,7,264,259,253,1271,2354,13,]
[129,3700,4523,19,790,1208,1177,370,267,1255,220,282,1325,1854,2503,878,1029,676,341,1262,134,1069,2955,1756,83,177,1536,126,826,2446,818,1325,332,829,269,235,353,1779,550,539,2910,848,518,1270,1852,194,2121,1041,1530,1385,1164,923,223,1604,2932,3207,1041,1320,2007,643,595,940,74,93,]
[779,1644,1424,1474,265,167,3944,883,417,57,270,482,95,347,850,599,273,1031,306,688,1098,82,57,571,936,764,1803,279,33,297,41,1877,81,96,68,39,705,565,409,292,201,3270,263,103,173,307,109,815,259,236,14,345,953,1659,309,88,1190,77,46,2235,85,359,14,389,]
[491,4818,25,269,146,292,1407,3790,254,263,51,305,409,1456,721,335,371,177,595,1161,102,1616,91,433,498,930,563,2440,870,488,68,2292,2484,512,152,15,1325,161,1113,324,227,641,735,2224,1710,208,46,1806,1282,1147,1713,91,3666,1497,372,927,1425,1406,1496,1426,820,810,2027,671,]
[414,433,1094,234,990,679,585,1207,443,959,479,760,110,124,279,471,1433,207,70,217,101,541,515,1605,919,93,812,966,1039,42,425,6704,555,27,237,1340,1324,59,305,187,64,3256,822,737,58,297,4260,775,742,53,449,656,3554,730,570,862,879,71,447,628,1137,278,523,726,]
[1465,922,511,2912,2528,564,119,965,368,1202,719,1107,129,126,1272,3185,1523,5102,1152,2571,300,2781,176,431,152,252,399,2302,461,1785,38,152,60,124,48,523,1829,380,384,133,5450,722,298,1362,73,926,65,348,276,441,1895,860,564,1299,35,859,388,336,53,992,147,1895,1013,329,]
[154,604,162,867,352,277,86,1698,972,591,119,247,115,496,2202,278,50,284,99,295,488,115,782,771,331,1277,499,7961,724,88,888,714,848,276,767,383,1315,476,929,695,198,4,1159,55,652,31,370,2588,1305,525,1042,1046,78,137,1224,1893,880,41,3061,349,304,1682,1369,600,]
[721,416,206,1884,170,925,2227,1560,1252,782,3358,302,1002,40,722,318,202,138,278,723,43,1377,50,405,836,1009,754,841,741,1260,296,1834,1473,625,470,109,1431,1440,69,289,215,384,1351,1797,513,109,373,283,521,1978,465,912,435,18,89,1311,449,370,907,2359,76,1194,463,737,]
[696,43,245,718,1713,39,405,415,400,708,547,1971,1558,2651,1150,320,2212,25,56,2253,207,499,321,224,6,212,3532,931,1779,3382,3661,273,763,2760,497,679,265,85,593,635,2456,771,2190,4,303,1168,706,719,385,384,45,1548,67,617,3880,429,49,2393,270,409,2262,683,1605,2082,]
[367,398,5555,644,46,430,450,221,1050,386,265,75,1062,1279,677,276,2222,21,655,1292,852,328,140,1578,2706,753,346,134,215,1330,66,308,524,2444,429,350,306,727,937,210,1698,113,505,1070,218,1249,659,708,20,1475,714,299,366,323,165,2237,65,1609,956,530,463,1035,1431,3093,]
[620,1384,781,589,96,608,1179,563,155,453,224,559,1037,477,143,796,182,737,2529,101,1584,1071,325,1631,26,272,471,1878,1702,58,651,455,1086,195,348,139,2,1370,450,847,168,16,1769,330,579,209,3173,753,301,223,894,119,255,289,493,91,109,3437,889,232,933,2292,1797,50,]
[537,145,262,182,1730,286,1348,452,1924,513,219,1647,143,422,584,1918,741,2610,1338,2542,688,491,4324,251,347,28,20,944,3415,714,1782,1373,3582,1057,412,54,717,55,326,704,775,166,21,587,11,115,1327,101,468,2231,1060,1302,352,1042,44,1147,2079,2204,206,1439,174,467,54,656,]
[1785,787,290,2483,2877,227,3141,672,528,576,267,259,1410,1634,75,27,511,517,209,1411,420,282,2979,272,2523,962,236,847,1732,2215,900,1900,838,610,193,1789,74,2131,343,1884,24,276,288,1437,609,355,561,233,1037,820,525,596,557,233,264,820,377,108,7,1128,351,1089,385,1818,]
[260,1845,1542,29,168,395,552,2179,328,612,2142,1246,978,1029,693,469,1145,3903,191,767,2238,925,323,449,940,385,1460,1081,923,1236,472,857,239,263,247,277,1394,413,268,836,26,1849,306,333,1497,183,29,1659,27,711,93,1386,246,265,31,277,1149,1602,2109,193,184,1558,306,171,]
[570,35,42,736,162,136,1360,163,195,935,346,820,477,638,269,6,271,160,118,64,83,225,705,1509,280,2746,1640,1660,142,666,260,1003,1123,460,2786,702,697,56,2154,483,747,34,235,185,94,2666,2739,349,774,633,456,248,140,669,603,175,343,64,1303,1438,155,54,548,775,]
[192,658,1521,985,1223,149,340,1371,275,524,1042,1306,1815,82,1948,1879,493,1973,492,500,37,2149,119,241,1676,649,12,2040,1101,710,96,272,449,2546,881,1277,486,2025,140,373,762,427,108,259,1466,567,532,3588,165,589,1150,3823,383,1150,200,302,79,131,305,1022,397,321,249,881,]
[157,150,826,35,39,847,1212,64,537,392,724,2379,1564,4032,201,105,850,412,761,1006,3940,1326,309,1219,1098,736,880,156,565,645,815,1823,145,204,844,333,745,53,5,953,772,2867,68,151,810,899,51,783,2081,703,578,923,410,1692,1166,1070,1078,485,1215,5767,648,950,335,436,]
[657,304,831,579,1052,1179,66,289,356,596,1833,135,1337,718,1780,2288,34,1406,411,4102,468,138,1413,368,432,704,377,2366,1283,572,159,1238,1871,1317,174,79,1699,1532,1249,464,2055,163,426,1016,764,400,132,564,695,475,40,51,425,1355,988,2754,186,152,1813,100,449,671,2401,894,]
[127,515,753,689,336,1658,653,420,258,3750,581,1979,93,468,1029,140,2113,847,104,68,223,163,172,513,100,1169,520,1204,555,843,792,300,141,2069,86,409,1183,772,1555,2200,756,23,34,44,2025,1479,716,775,224,1582,66,396,1401,1918,690,1363,2440,872,3085,139,1346,309,971,193,]
[77,399,772,21,487,6,73,179,417,1346,92,324,51,406,904,538,1177,1270,481,98,1629,1149,1550,1194,522,62,2675,835,1848,148,509,1047,600,507,361,294,375,33,291,112,441,316,443,2200,810,138,2474,335,79,873,919,1095,375,1684,1534,322,367,498,825,704,182,63,20,962,]
[1149,139,349,799,99,54,13,1065,299,26,250,2248,912,903,2100,1845,953,464,229,313,260,1108,1226,243,595,33,1504,1095,305,2053,99,562,535,765,75,382,107,524,54,851,27,1298,53,1646,2169,327,2898,2340,270,587,783,836,1468,1333,1169,850,706,166,75,355,3788,471,858,651,]
[300,2451,623,266,914,1372,71,777,674,139,437,12,1163,308,520,340,319,184,317,737,454,4189,1770,179,1976,44,257,1164,901,309,534,249,77,963,1915,351,615,2534,2468,76,1615,147,97,538,359,89,231,27,484,267,1089,394,308,59,4527,1288,1550,322,732,55,338,129,1759,1932,]
[916,161,18,664,881,289,385,2441,27,869,218,343,554,172,1235,3258,202,437,850,132,29,170,2951,266,1735,332,510,614,628,201,217,515,7,690,328,467,366,1763,119,1099,168,1751,1178,603,454,960,43,177,168,129,727,261,17,3771,65,39,2370,60,44,408,189,412,101,145,]
[1335,1459,1129,205,2713,2797,1236,2154,108,374,519,55,292,3394,2378,1287,824,441,2170,789,248,1491,336,5954,1280,1114,273,223,81,1168,505,3136,3760,1796,200,1721,17,1893,525,138,2165,1107,161,454,1578,149,519,591,183,3181,1614,669,679,121,1844,540,1281,1088,1441,2556,394,2318,790,69,]
[836,1635,342,160,1489,1745,890,2582,106,445,205,1364,425,1099,661,1531,407,358,30,287,181,27,450,1460,343,173,663,1444,210,1016,1976,1090,23,97,30,300,640,246,812,1210,33,1747,1908,335,551,363,978,499,236,46,773,4476,346,230,2028,3721,662,572,2794,222,260,325,217,1400,]
[225,2119,107,1285,351,1139,1242,536,107,1848,171,289,2633,1005,844,1399,2276,1097,49,436,459,317,341,2239,1684,152,1068,2315,293,43,84,2289,1562,5,681,746,1971,590,383,657,48,520,678,1042,645,238,1548,464,918,146,13,27,50,595,630,64,959,166,89,354,85,696,2054,845,]
[3224,3267,1551,505,679,694,14,563,699,388,20,709,372,491,91,453,311,441,929,2138,511,1099,1253,979,1864,690,1236,1311,630,570,1853,1801,289,406,599,1004,1401,393,25,1726,1103,338,2965,603,527,354,1439,825,448,2608,399,93,2050,609,316,431,32,274,244,142,459,117,368,76,]
[802,675,3956,262,581,47,2234,539,269,827,296,611,814,370,21,322,725,1156,463,386,89,1653,1113,662,1569,763,573,1323,11,88,409,320,651,83,1287,243,383,454,68,2227,250,49,2299,214,491,797,75,624,1013,104,679,1114,34,64,764,599,788,983,1189,1428,933,2432,132,445,]
[134,772,886,387,270,834,258,343,1545,17,13,537,23,275,2104,361,900,149,74,1082,1007,333,950,623,161,261,101,993,3684,604,853,701,96,889,423,595,348,700,730,169,464,993,599,574,1530,814,2232,779,1903,473,198,2357,673,741,1230,2601,334,427,461,909,308,118,3158,391,]
[566,1496,2116,115,1066,280,550,1692,1552,2571,833,265,429,108,856,506,742,1324,502,2764,1833,315,519,3437,1055,1896,880,482,779,204,754,492,73,22,228,41,218,6,27,510,2844,492,80,2341,907,2964,713,589,418,23,538,66,629,1263,1541,2161,1163,251,1227,1660,346,64,664,641,]
[1045,752,1113,1012,374,1441,2224,538,164,109,185,148,131,40,525,390,333,171,167,1021,1674,177,1781,2,1195,665,1383,228,500,143,1228,2076,713,520,127,182,249,534,10,2397,148,448,492,274,2063,241,323,488,81,1243,598,1260,1164,46,185,985,765,44,831,784,1,513,84,576,]
[44,861,217,1450,107,195,1739,176,1805,63,8,818,159,1140,556,547,919,1856,48,2033,379,327,3533,1523,754,80,619,446,983,1209,1203,1,395,46,770,2510,908,90,150,530,1279,1329,697,1482,823,130,1458,597,494,473,497,597,894,95,719,204,879,626,153,343,84,2313,337,340,]
[1919,216,3665,877,1503,1594,2983,1455,448,817,407,2737,570,392,36,550,1575,1255,423,517,712,1172,1465,3532,62,929,1984,30,744,392,311,528,481,536,699,343,907,397,1301,468,2067,7,37,906,611,1064,375,263,787,2440,1931,777,176,375,550,439,2935,582,136,1159,1025,180,343,660,]
[237,443,1520,279,1259,22,365,5,1014,83,1984,571,164,781,14,3140,2359,2868,301,722,1044,638,762,141,1108,963,28,126,560,2050,124,165,65,229,1615,286,716,6,526,129,1650,2200,1698,720,184,287,1482,531,789,110,547,733,2488,208,3158,1867,2262,1113,0,2743,92,739,76,404,]
[2559,578,168,2223,78,1014,175,66,829,293,1768,56,1523,1132,1034,269,704,184,45,1528,543,1905,1610,976,409,506,2,134,1500,742,47,1081,419,242,849,1059,162,840,1339,13,262,472,932,180,3382,1533,1745,1381,144,560,1043,1408,1162,92,391,115,1608,1377,676,3210,469,1753,4,209,]
[754,156,802,211,6829,339,453,142,1819,372,496,1724,52,1874,78,167,619,1183,729,137,413,1,207,9,604,1221,477,234,28,467,2067,332,1578,773,231,285,1184,513,1230,2318,700,162,504,524,769,647,606,220,114,1069,247,443,1293,85,232,86,2236,550,682,1512,212,209,5,549,]
[892,684,69,390,111,280,148,1627,1192,1191,511,55,338,622,219,645,1306,345,335,2701,146,251,761,581,255,1577,2415,399,1240,2348,842,605,415,1211,1738,999,1730,647,1687,2521,180,20,48,822,1691,398,846,2186,297,46,313,721,692,799,578,82,1163,112,1164,26,520,419,396,3554,]
[1058,590,643,138,305,1516,9,732,86,321,747,624,454,1266,229,139,906,151,482,267,1767,104,699,122,696,435,586,1000,89,261,8,1539,480,78,235,1290,176,310,803,68,458,414,323,942,717,331,156,70,1067,2302,167,499,451,847,579,190,194,877,5,516,1082,130,205,458,]
[153,366,953,904,1519,55,687,459,3836,1993,443,616,384,575,210,541,325,474,1116,1562,1300,278,2766,904,1426,1644,194,847,587,1394,153,133,3562,550,1256,1414,1842,1687,125,2016,73,27,359,1183,137,31,203,27,954,1393,456,391,93,186,1180,32,365,5830,2,5115,282,1321,449,255,]
[502,543,19,4484,414,1626,263,16,233,1989,550,214,2450,95,907,967,2628,1033,66,160,254,1080,321,634,743,347,351,663,345,376,945,108,2417,201,552,96,202,843,227,109,118,2494,1437,734,459,194,1302,345,1391,2767,831,154,371,1088,129,5203,818,141,356,2369,241,1289,1502,397,]
[90,1280,532,433,1075,1985,590,76,102,1832,1439,1883,4,883,1445,213,108,923,139,567,287,703,2753,1687,1086,1669,831,3739,308,1260,652,611,363,306,27,2786,46,1952,437,643,21,695,2111,1394,238,240,542,684,2822,2060,18,1463,1813,267,1588,754,891,615,206,2239,1154,2042,583,1140,]
[383,336,1971,340,76,1474,755,1579,7227,665,485,1102,622,1556,1936,1682,1171,23,87,2978,86,1383,1367,185,502,612,97,1058,743,12,850,1340,325,488,287,3054,1411,551,575,579,1106,589,795,457,2619,170,1282,193,2067,53,297,95,166,114,1428,638,1473,657,157,2947,752,614,2416,972,]
[592,237,626,18,731,1202,1570,1433,72,592,501,1773,265,676,84,812,1759,1151,1354,1636,1747,38,1409,475,245,457,25,111,494,460,1060,786,252,197,313,196,807,3324,117,2596,587,393,755,1025,759,239,1287,330,997,1112,115,1119,20,2871,569,612,446,2342,1237,244,2004,2179,11,748,]
[1198,702,1231,906,407,223,1951,1068,1795,1760,1614,4277,285,122,2334,584,496,774,17,2602,2320,181,411,304,815,314,2217,309,639,1146,798,1555,11,894,2550,1125,910,644,355,65,1482,468,883,614,757,74,187,908,344,592,225,1462,1079,129,720,785,1514,811,10,1725,3645,1607,2760,767,]
[1839,241,1261,1424,231,3389,120,4829,405,120,1712,381,1790,44,225,1120,142,922,3626,600,2730,217,501,110,61,2881,247,94,124,2600,120,1380,273,1890,174,1122,128,190,1766,800,717,31,201,112,1681,105,1344,1403,401,901,1432,1032,32,1235,1163,447,2133,4074,297,498,86,1410,1381,459,]
[377,150,252,518,512,334,244,720,1455,1804,2093,795,2341,255,1054,1502,815,349,132,146,2780,771,483,282,285,428,50,320,154,591,171,962,807,2028,274,587,1618,353,676,1111,987,663,767,1496,627,115,263,670,298,174,966,687,59,305,940,75,367,662,328,699,86,159,1611,148,]
[2052,438,793,392,359,146,3922,718,2486,303,832,1548,853,1509,866,3,1567,4303,4632,1386,50,650,485,354,222,27,2692,2027,250,2283,191,627,1450,1563,874,117,567,144,1263,173,831,690,835,1147,2103,983,4024,117,2153,1005,1109,1073,523,1289,1454,907,396,191,2421,728,205,237,1149,998,]
[212,1113,705,56,551,931,516,3,164,1503,1161,945,210,10,249,1319,120,31,157,1175,826,86,872,735,581,2313,79,2101,484,290,430,3126,1073,1337,258,1221,883,177,6,1179,356,1095,375,97,626,468,247,2178,116,172,477,25,72,328,99,3879,289,823,206,264,147,932,452,1403,]
[1092,1343,79,1192,350,1651,220,6685,855,274,753,68,2069,897,425,423,1547,152,163,610,1232,1046,1251,310,759,521,126,2308,637,1508,1173,2925,278,543,933,409,3082,439,2412,753,3561,619,263,34,553,2123,944,496,1459,714,352,99,7,3461,2804,1860,867,448,535,261,1020,350,585,1880,]
[98,126,1980,274,32,128,149,2734,1663,175,579,1064,641,1030,895,603,289,266,1170,986,689,223,292,559,1630,554,885,620,766,411,605,393,259,138,495,139,183,780,190,52,261,658,134,369,799,38,147,490,494,38,63,63,422,1487,872,815,460,505,389,249,168,581,595,319,]
[959,5438,3043,210,155,553,160,1322,743,2366,4312,2012,812,531,267,1997,368,1577,438,491,729,1706,74,119,4010,490,92,2067,284,768,764,846,236,2657,670,1634,538,756,88,395,1762,2721,344,2751,192,3603,1557,203,373,213,2033,1686,1545,891,383,1715,3813,577,278,1318,1062,86,500,692,]
[241,3846,313,1815,216,95,440,2461,116,3194,1141,505,899,77,743,1195,1322,269,205,544,577,52,121,1027,1,90,37,163,6,131,72,336,641,590,388,239,243,1007,1069,63,307,359,756,291,601,128,1484,395,449,79,81,122,135,258,71,722,2292,1369,431,1194,111,47,527,115,]
[1060,79,1597,936,950,389,1363,589,1209,257,138,603,940,465,1111,948,722,915,1409,409,693,36,395,572,1134,1186,429,2586,1993,245,865,1208,2197,1045,1522,378,460,4534,543,23,3595,655,1379,177,427,909,1185,172,2972,1531,2224,74,2859,217,562,26,4055,145,438,492,774,1034,122,188,]
[653,464,2110,1916,1031,155,362,2642,1648,313,371,189,124,855,249,2041,1344,28,117,143,1990,1295,1333,688,1466,678,1508,1702,571,432,117,164,1709,70,1194,1408,1032,97,1745,455,459,2197,188,192,1143,369,561,1219,492,61,343,287,221,640,706,545,119,785,1552,34,565,500,381,492,]
[171,1252,580,463,4444,2100,129,493,589,845,1459,503,1031,562,979,2987,1740,2117,359,167,1142,1655,1,267,2776,95,2893,580,2606,769,1353,1063,638,1788,542,1328,1008,261,1200,555,1144,0,89,877,485,134,397,2123,759,776,621,1661,725,725,964,26,371,504,1100,7,443,472,563,159,]
[27,1220,679,370,701,755,314,710,599,241,804,243,486,1113,84,2571,999,580,551,3497,715,116,638,1280,589,770,2031,660,1029,364,234,471,119,727,333,266,310,1396,368,1645,880,523,2276,174,1303,37,1939,1293,1497,1003,755,1852,703,411,89,261,30,1785,2932,1959,341,951,2197,1477,]
[2010,981,284,322,21,2542,1407,215,45,565,301,1118,1890,267,2796,1638,1169,46,1022,314,917,381,1363,577,4999,1466,1587,24,1125,9,719,1101,635,1096,389,414,302,749,2600,1458,2751,3222,25,1513,65,87,59,19,1833,1018,900,580,719,724,580,80,382,607,303,38,989,1975,960,925,]
[210,846,330,13,122,2359,697,132,1524,1773,251,283,66,138,442,1115,2702,31,3605,808,433,1164,1526,1860,3420,674,718,356,1478,53,873,275,594,1028,1939,480,2599,1763,273,2721,1436,3082,88,1948,263,388,780,43,273,875,917,380,92,1997,620,372,1269,144,3504,1576,1375,475,602,940,]
[599,506,500,64,1155,656,1472,273,686,946,1134,253,848,537,1203,107,329,136,1598,469,165,4261,1118,894,65,796,336,206,11,149,3496,543,66,45,978,185,1204,22,284,2621,349,239,897,2606,228,1813,874,1559,24,1414,322,255,482,873,496,1470,22,1881,121,1065,474,492,157,577,]
[2350,1214,1267,258,467,486,1256,1001,1411,2980,1947,798,1358,701,1070,99,3310,844,621,17,635,153,1181,471,883,711,33,1569,1738,1126,462,244,469,419,56,3694,168,1431,666,1659,4100,3690,2798,1273,220,240,635,435,197,404,616,677,724,1001,294,12,477,2163,38,395,96,611,158,1988,]
[1162,1005,668,987,939,731,1889,42,1310,520,274,129,64,746,614,875,1311,1346,1098,536,649,1358,2252,583,151,308,504,20,1845,171,1696,203,2132,752,518,645,524,147,450,3,1105,118,292,1164,2481,209,786,121,315,208,1733,310,461,844,15,605,209,429,664,564,2875,1724,1175,1284,]
[1736,12,504,941,28,193,372,1244,1448,1412,1229,1753,324,647,759,2648,369,196,938,501,115,1950,235,115,1028,1550,2918,573,17,160,127,13,95,139,406,46,654,144,703,362,107,3048,895,3608,2016,1534,1912,174,300,163,73,2417,266,42,659,506,256,279,219,1601,231,311,1025,1200,]
[250,1812,1903,90,2,1025,340,1486,217,186,222,4850,1671,681,767,2039,336,389,194,816,880,403,459,689,1917,1104,1435,4,700,1200,2019,448,1327,248,1010,641,62,931,666,1318,874,29,368,582,4332,1636,176,618,83,1169,117,564,573,2310,253,439,116,970,980,196,1979,51,439,1593,]
[195,300,18,1463,232,459,1093,65,405,870,340,1501,118,977,166,57,856,132,368,335,984,4846,385,302,1603,344,787,1758,799,615,144,454,2004,566,1594,422,3895,645,948,704,242,249,824,917,481,1087,1024,133,685,378,1941,214,115,26,444,45,909,1092,941,661,242,605,881,1729,]
[3258,179,325,256,1120,1368,733,1303,329,1543,1040,649,56,1120,1728,1188,390,807,641,1087,71,560,174,2100,1226,520,3181,464,2914,867,2341,986,340,666,2713,1714,660,451,461,1347,1592,1266,347,262,193,1176,936,1772,1677,999,9,629,920,2153,675,578,1169,278,1735,485,272,451,1851,2098,]
[329,612,1566,846,914,667,26,701,122,146,1397,392,35,600,1749,614,1413,950,539,207,1966,3172,874,964,1385,146,478,238,436,865,922,173,26,1048,173,3736,992,752,927,1455,1955,859,700,1798,941,574,1948,1821,332,547,645,570,66,183,1350,201,1579,504,931,1688,216,640,605,2441,]
[8,246,150,3836,229,640,2493,42,268,914,351,1880,372,492,866,2054,602,1956,0,1633,371,618,366,2585,225,669,1021,1292,366,961,1371,778,736,1770,3109,818,471,969,806,345,5649,61,1441,1227,225,221,285,1298,741,578,161,342,984,454,1018,869,602,2746,1099,384,331,63,446,50,]
[527,533,1675,132,1058,485,964,1277,3100,1348,134,326,784,1743,437,303,1593,918,834,1471,268,1091,48,1009,624,244,628,761,298,1073,1472,415,835,1897,860,194,466,1364,74,375,367,18,2601,493,3808,873,491,252,243,1043,850,2761,324,424,3515,258,1969,283,2814,2037,781,30,553,265,]
[2311,44,1728,1759,245,313,82,19,1788,89,62,3124,3471,1049,118,157,38,1913,808,35,159,588,436,2127,498,3019,58,639,881,599,521,565,349,4061,2755,170,1537,268,284,122,88,268,341,24,318,2260,1172,209,384,93,18,4,598,182,134,234,3374,27,346,4258,473,232,34,453,]
[657,269,1256,522,602,3271,511,699,343,25,1025,163,580,571,127,976,541,558,66,875,1896,369,1726,505,1765,10,275,522,1008,498,444,143,320,9,903,17,4557,1993,691,2944,666,408,2132,1257,2024,76,186,1570,1738,90,827,316,655,194,5018,568,1269,316,693,108,3033,1696,277,240,]
[868,120,4326,1264,2457,46,191,1212,1065,126,948,1026,946,69,51,2741,62,1895,275,651,348,223,85,150,1283,596,216,1688,21,201,2551,264,731,137,376,567,1604,1000,1636,1131,125,2304,1087,105,1232,1208,883,588,461,628,394,1865,1131,713,837,948,185,1357,560,1847,89,460,676,2881,]
[1078,379,220,1107,1153,1031,238,720,3698,1954,102,2975,469,18,2672,604,910,329,28,23,471,1114,1333,1348,40,450,686,1344,592,1536,45,468,2336,519,314,1065,1307,354,297,339,825,1218,876,235,1701,217,1370,1880,70,705,334,1165,2896,1059,1300,1678,17,2107,1393,86,315,208,978,451,]
[44,829,563,119,193,945,192,866,700,848,1523,2021,161,213,622,980,2949,938,1197,1640,354,295,9,1715,53,925,812,71,91,286,959,132,273,177,792,1535,556,1505,1304,180,1336,421,75,357,61,1153,1766,635,1042,144,1028,1527,671,266,1391,1140,625,1114,395,3449,280,198,377,326,]
[821,209,409,1688,163,2094,420,1770,3073,3353,1481,1212,24,208,147,185,10,577,19,1081,268,536,1824,841,4189,65,2323,697,32,365,2431,1317,392,2083,45,659,246,1457,1374,113,920,1035,2316,42,1588,386,644,1966,628,245,334,1095,1712,2135,80,3284,2564,1174,268,203,4622,136,899,364,]
[55,695,1676,1364,2036,1235,1069,2259,761,1595,494,926,232,1263,1369,1301,36,1426,210,384,563,1225,275,414,1518,3273,197,152,279,130,282,343,520,131,287,2504,116,164,4229,221,126,82,108,1092,416,2169,42,320,684,663,2128,11,545,2496,27,1633,148,2025,678,184,1131,1706,441,320,]
[241,756,720,959,804,192,148,1061,70,544,140,865,3499,194,645,243,614,1656,403,118,81,3193,1425,471,1433,323,1591,149,1423,623,3322,1987,103,1404,458,1172,109,945,334,1322,205,1097,2804,940,143,274,101,676,1905,950,413,98,1011,252,1851,1927,2294,47,4076,401,169,296,676,114,]
[1120,77,382,559,613,136,1486,103,668,1581,2189,464,395,317,735,524,59,1041,360,963,48,579,451,1631,18,830,431,568,1395,2454,513,940,730,856,2021,508,4541,25,738,2527,687,676,2050,424,31,2802,839,1073,505,226,428,1618,235,2567,900,2188,732,1320,256,14,272,670,765,342,]
[1025,688,252,523,75,91,597,274,1159,51,713,642,114,1032,1575,1155,730,276,1427,663,519,95,413,598,3093,1577,477,124,109,426,989,603,135,124,87,330,648,491,3480,1312,320,392,458,476,2216,555,130,260,1125,1891,211,456,5,1020,3950,578,173,886,804,1585,933,298,468,448,]
[148,558,139,701,60,1428,530,1315,613,295,255,157,1011,166,753,55,1446,491,143,40,1291,415,2431,1835,924,485,522,2345,1034,1532,371,1368,173,600,1282,1213,1099,285,16,60,416,1004,1025,611,3845,538,1109,216,350,323,1001,2495,395,2236,2752,785,3147,1789,867,1483,967,121,27,1270,]
[22,1331,1740,1386,1055,2207,444,80,45,2501,451,1944,1329,834,1732,137,913,1847,700,106,1864,40,722,308,358,66,866,1331,1746,413,1620,1736,96,124,563,630,2850,87,64,1035,352,335,176,596,1280,245,468,4097,1761,7,365,393,787,941,1546,630,154,62,145,986,1159,621,937,223,]
[858,2708,812,342,5448,665,392,1488,1466,55,626,1304,1089,520,19,2463,2042,1168,701,639,706,211,1307,740,1115,266,1570,1871,1949,271,25,1593,1846,79,1291,1030,2060,511,2106,552,1542,364,908,127,332,189,765,14,207,333,1595,70,607,72,507,3398,308,1001,196,1457,597,685,659,1741,]
[1605,686,100,365,1051,2493,4038,1614,402,1768,147,360,230,102,149,1177,373,275,871,2518,1135,775,618,889,1858,126,402,3,280,304,820,125,581,597,978,109,1057,2034,515,51,4831,100,445,789,331,182,766,2569,569,388,825,4207,146,343,605,494,743,121,999,515,773,3065,769,2657,]
[611,501,272,279,2522,2182,614,532,472,2437,733,1879,395,810,175,1793,1509,495,571,1401,152,807,403,89,1739,154,53,834,475,454,2937,2094,35,4583,248,81,150,590,451,1828,756,1685,87,239,11,905,46,132,1576,709,1389,734,451,1049,72,658,598,1253,1188,333,1506,572,556,535,]
[241,954,1264,47,2692,155,817,89,119,583,105,1509,36,370,395,47,394,1260,529,871,717,202,1175,1250,458,0,1,3363,1028,1012,21,780,385,66,1071,239,2163,226,2723,517,92,440,816,1434,675,888,1742,1699,2092,575,365,1184,29,104,2008,3360,525,1830,1362,45,132,2327,1396,248,]
[1410,77,1339,378,231,878,2616,981,1766,1,724,1204,25,63,501,6,281,2837,771,2157,373,408,517,35,2097,906,381,1413,177,1168,822,728,668,75,707,1837,459,234,436,669,1731,1056,981,135,938,721,846,133,1087,361,302,690,6,101,841,770,1041,958,3521,292,615,392,1271,1104,]
[808,3657,96,25,564,78,2066,1578,293,604,1925,1828,1236,551,31,1671,584,158,857,111,48,1597,625,1968,1263,303,640,1353,282,1159,180,2453,1976,195,1280,1183,3242,1547,4682,74,354,2184,9,36,2583,847,1436,269,42,1551,2936,145,430,56,2051,1499,372,1541,547,1875,1513,338,868,1869,]
[911,1648,51,105,1651,2287,440,341,3837,714,1309,906,690,574,2559,1626,749,1809,3,181,327,369,260,412,1547,1425,71,2792,2820,219,2124,604,513,701,185,720,511,827,124,2081,1025,2309,1066,43,1395,54,733,2741,173,195,138,200,167,179,1583,998,34,3054,833,1896,447,778,2333,605,]
[314,431,1280,2413,1840,1148,371,88,148,2990,1298,629,105,85,475,427,361,467,979,44,129,905,715,1455,205,1117,1874,313,1126,362,1112,839,1745,830,1846,1322,1770,495,636,123,708,2181,1446,727,1841,3137,499,491,780,176,546,577,969,1411,519,691,1594,1204,4617,259,1045,1081,801,371,]
[925,690,816,1109,25,347,473,1098,214,369,812,497,1247,81,770,712,945,222,814,342,21,596,117,4,629,175,131,968,479,1171,1588,299,133,19,183,210,572,633,261,72,477,140,360,1060,328,1784,761,1204,117,1971,1107,767,996,75,1674,516,82,572,229,116,389,477,18,799,]
[881,288,429,548,148,1050,3995,833,613,1435,628,963,2005,1452,1575,427,246,42,62,1430,126,169,2051,667,1191,1386,572,2538,333,503,2268,611,17,700,666,15,1295,1583,1547,1985,2702,363,687,1605,301,183,94,1172,685,524,145,1395,1897,927,201,1306,2463,444,713,283,494,3287,168,61,]
[305,796,524,313,33,482,985,600,916,125,1243,319,633,654,87,12,103,1376,42,18,2721,517,60,1035,177,318,323,1153,601,519,1736,2193,184,1039,29,1421,542,159,1873,689,827,96,16,1864,2067,621,1231,979,88,1361,150,124,627,1299,630,1028,373,689,1654,516,391,144,1453,8,]
[1938,134,421,677,508,463,1386,2458,277,318,614,4,338,806,74,1813,186,277,350,628,196,2805,272,1406,458,265,384,746,462,540,488,35,293,133,293,360,2557,375,1954,69,548,242,274,1943,1052,1789,618,238,466,642,3666,414,363,767,1128,1228,284,794,1685,308,1953,233,1023,115,]
[909,3666,408,2039,226,865,795,461,517,445,56,919,304,261,2179,514,38,1577,862,570,312,1326,344,1303,1383,434,1754,1977,227,96,909,533,689,31,165,366,1306,3444,399,761,790,96,572,206,966,303,80,2185,431,155,77,1576,1004,257,415,1831,1068,3691,137,1638,2172,60,654,164,]
[103,915,1606,1433,147,84,1047,1419,985,2085,83,2089,1083,1701,1143,770,887,803,504,1454,489,4041,87,245,747,943,460,446,1129,198,136,622,1241,448,1724,309,34,1692,1618,1275,599,515,705,414,98,41,178,1187,113,456,48,1021,1032,200,880,286,688,494,674,307,689,1296,26,3040,]
[1343,286,917,1221,186,1221,210,1088,433,1224,139,1510,4772,2630,1026,296,705,99,5,214,5240,1275,373,963,472,285,182,311,924,1329,1414,408,144,3780,622,314,163,619,3244,763,192,2242,770,72,51,392,4253,2900,602,641,616,1982,218,987,262,523,989,808,71,1302,456,223,221,2382,]
[377,1258,1858,218,1200,392,84,557,369,44,78,1253,136,2005,239,1675,1701,1,419,529,528,268,1394,2834,1439,499,1629,2564,1166,202,664,326,1249,67,72,2222,663,375,732,763,1107,646,3734,6,194,2300,532,736,200,1438,1209,741,1366,269,1548,636,2818,0,112,718,1255,668,147,205,]
[1579,1297,1097,300,1035,83,1343,865,1107,1927,463,128,474,1106,13,191,1107,2791,1079,1975,1796,3094,440,1239,867,1740,655,1581,518,1348,763,486,31,682,677,65,620,245,2231,366,1963,624,430,881,130,133,122,2109,1087,649,277,256,431,587,12,809,1161,340,582,172,485,451,328,494,]
[327,185,211,91,37,1441,690,208,781,749,293,46,110,477,87,527,1145,34,604,223,612,272,972,2461,313,1329,886,16,1059,1745,923,492,208,257,2566,38,214,565,153,871,359,103,2,1263,1492,636,1262,1139,788,9,223,2712,206,24,691,525,293,1,1928,472,514,673,935,674,]
[293,1156,233,366,3609,250,195,3552,714,800,2580,393,327,1127,911,878,2120,786,7,1105,383,155,403,1288,435,369,1198,178,1163,129,1034,644,106,1019,218,351,739,2054,349,1101,1133,1342,20,88,746,661,463,284,927,982,4626,44,1402,160,855,571,1635,161,529,452,323,672,6032,1614,]
[1457,306,170,64,1360,274,189,2675,1387,458,811,1785,1386,460,367,508,642,437,521,4824,181,44,710,1498,10,761,671,802,112,1313,1548,317,189,695,248,248,270,916,166,832,426,607,913,171,146,1909,1787,534,1223,916,1342,1096,826,825,974,490,205,419,1842,225,308,42,1025,246,]
[134,1491,114,870,218,1575,42,1185,975,209,527,554,2343,523,18,522,444,321,377,971,42,1410,666,482,378,204,1136,422,1670,592,1056,433,1298,671,198,151,615,2029,342,142,417,395,3,161,476,1934,67,1192,876,578,211,30,86,265,1675,210,393,322,41,121,185,782,719,1216,]
[1912,259,944,330,193,2351,305,3915,2680,1622,1616,606,1564,1395,3615,1872,186,866,1063,166,1850,114,209,2945,32,1878,539,610,146,363,115,427,194,763,255,535,2929,513,4392,1751,675,2175,455,344,110,45,354,6570,71,1450,798,1000,1283,693,365,817,85,2675,130,1220,203,663,178,1003,]
[255,1561,71,2403,1461,557,219,118,143,465,1687,586,399,298,978,310,823,514,245,26,1547,319,1347,249,34,367,396,61,675,253,166,645,661,338,208,562,205,128,48,533,583,170,657,138,2556,796,46,786,134,488,1442,20,210,1244,29,2554,1407,521,345,64,175,2951,363,408,]
[25,172,893,241,90,203,792,1170,1226,53,4511,351,369,2490,1116,2629,978,2512,380,5003,730,27,2243,310,121,632,255,310,128,2895,1834,176,1427,88,1574,1299,1649,1571,285,934,2667,888,1315,779,1187,1355,1874,6256,879,1162,2718,1871,2113,357,200,1665,741,465,1719,817,945,3218,1010,6012,]
[854,778,445,1773,1330,223,1,845,242,238,464,214,474,375,295,2051,166,556,2030,129,281,425,753,1490,375,801,217,1214,370,20,10,278,69,3538,653,1322,916,387,1152,82,689,423,563,92,133,137,1126,1702,1829,683,940,1294,1197,1098,1638,1004,2107,1061,1229,350,29,1917,1507,573,]
[598,16,612,903,1837,1088,207,369,1690,289,449,1106,280,3061,200,811,553,288,297,198,49,1045,212,907,2448,404,642,583,352,212,551,1546,619,620,2548,1425,860,315,55,48,446,1085,872,915,497,563,468,143,358,859,595,248,2926,332,2905,1324,424,150,1131,87,428,190,1410,868,]
[855,204,33,962,1361,404,386,353,1267,697,1329,2520,909,928,93,90,605,975,59,1652,1625,580,506,2505,2643,814,549,2867,1517,1879,2519,977,412,541,596,109,1462,273,4100,3285,2889,2378,10,3699,2322,189,341,400,513,523,739,206,423,269,1215,331,1020,166,1289,2562,1891,402,3204,306,]
[211,1981,71,402,351,748,1728,394,51,1148,2905,518,1077,910,1292,498,23,375,2495,233,267,195,1836,2172,859,1130,324,3236,1012,2035,1229,231,260,3894,901,100,546,993,880,2599,127,168,162,186,1743,352,3622,493,513,53,92,48,386,118,432,863,125,34,675,956,3032,758,850,1581,]
[1355,704,222,1786,74,33,1447,98,56,2507,168,519,453,495,1357,221,125,170,431,990,895,309,333,531,768,1273,641,1205,185,2043,234,328,522,166,639,12,71,2,64,277,554,2603,375,798,470,885,1141,24,1118,26,809,2232,142,861,1445,77,2157,490,1269,1344,967,3800,527,294,]
[452,1209,16,89,1241,471,2687,1158,524,509,31,487,279,1505,567,1557,1225,3421,98,122,289,588,886,2099,755,705,173,1089,936,1394,540,1091,312,463,1539,867,511,3,2,980,296,75,1655,1125,583,2104,297,2916,1281,806,640,1169,2454,672,336,273,2,3985,286,1896,955,953,129,1211,]
[1452,2,329,146,651,850,1703,341,1547,403,107,837,1217,368,1719,166,236,1042,738,467,1110,894,364,37,100,711,1665,600,206,1523,157,197,1428,1529,3423,217,1572,892,805,898,2259,2030,2473,2858,282,1814,1749,970,466,1516,1347,500,519,357,508,2597,61,187,1015,1474,251,2924,320,4891,]
[307,1842,1976,133,3075,696,787,2328,502,2945,2415,2344,672,1491,1313,336,237,737,71,1176,299,115,398,680,1093,948,936,240,685,1832,36,299,130,841,780,495,1017,2450,1335,867,99,268,2,2725,176,3563,86,981,2,1630,1241,969,51,2315,591,276,730,899,607,1096,402,1327,427,127,]
[573,787,284,71,295,655,1487,1040,1482,1004,295,3012,19,1582,746,809,638,1105,91,95,576,40,289,537,424,779,1270,516,769,155,354,1180,1264,1009,1766,2185,956,192,1757,309,3388,3343,2086,1590,504,669,2376,117,715,2095,957,287,1145,348,705,796,1447,1182,130,1939,2357,1224,2052,742,]
[168,2350,2830,214,780,480,2234,79,1510,73,1433,68,343,86,969,6,2329,954,1259,2187,1966,284,432,2255,190,1864,344,1150,289,968,102,736,1409,2190,3424,1379,393,656,2669,507,126,925,74,362,1171,1646,835,5,449,820,249,97,28,274,1276,2743,476,20,2020,739,234,681,967,696,]
[81,815,240,515,159,1448,656,1090,999,1695,78,157,881,265,1310,963,414,492,93,6,759,359,299,258,710,636,648,715,907,550,102,254,155,1364,46,238,195,723,893,747,572,4,85,741,896,236,2260,33,434,496,933,103,276,250,265,526,445,1108,536,581,1828,226,166,370,]
[829,344,972,157,512,1566,2150,163,332,490,397,828,31,806,231,88,1235,161,1150,86,234,648,79,861,86,144,398,1746,1207,369,146,886,910,255,377,1268,456,67,426,29,646,517,230,439,350,825,207,1372,616,1490,304,922,1311,1318,595,103,2814,30,1727,638,667,65,2563,4528,]
[1161,1726,1541,554,502,2032,88,20,1111,388,382,766,3805,179,1057,91,3754,68,632,1383,110,1722,843,43,117,34,420,225,1993,342,726,523,365,590,35,1713,3558,3,483,3221,2335,535,385,521,853,68,114,1403,1339,764,960,806,238,330,764,372,610,258,535,111,221,131,1717,3883,]
[3572,1211,998,1315,1202,1272,1312,265,380,40,1082,159,54,227,53,146,777,316,1629,2290,50,994,967,52,2,135,153,1885,342,1068,373,611,816,984,1945,1379,89,2019,363,1034,774,601,465,3148,374,131,267,115,2076,2531,480,1842,1124,482,283,895,259,128,78,3164,88,1736,3277,771,]
[1731,127,523,739,1284,193,691,806,237,409,192,932,551,232,130,128,332,1179,647,1753,500,302,1324,1422,63,357,1085,509,61,382,348,1163,3400,844,151,916,448,372,948,99,41,1122,19,133,1957,2299,1447,84,132,79,2034,845,187,506,131,713,397,728,374,156,513,3026,1031,96,]
[3000,38,1155,1811,1745,662,271,1820,139,730,1516,167,1143,137,255,1206,1500,3055,1107,2622,408,87,94,27,1373,870,8,119,1052,1572,413,160,952,293,1426,457,267,1366,694,1430,1985,1865,1153,1838,135,222,738,199,660,1130,867,559,1209,660,320,267,95,1055,2670,43,1932,774,60,2283,]
[1057,1971,1229,131,185,300,549,1166,209,1457,958,79,319,897,226,234,862,214,603,2632,522,592,192,590,1283,1802,947,2456,350,118,1018,3509,98,932,353,282,842,1450,383,944,2054,450,5000,2054,194,541,299,303,516,793,2626,652,1380,376,1719,95,116,1165,433,1914,493,1240,991,614,]
[1301,0,2582,1768,177,449,904,476,651,3504,90,1711,2031,1575,234,643,583,246,1823,673,4,102,1875,171,2079,840,1,227,204,88,105,58,503,259,334,1689,1091,142,1958,597,1375,761,533,1276,2538,71,831,328,304,355,288,2,874,581,242,231,1279,526,71,1076,542,60,164,1220,]
[1781,368,1250,1661,387,33,890,1156,1537,563,32,3458,2090,3299,905,267,197,715,447,2014,279,1625,2393,229,512,929,17,116,3167,1184,2197,1748,411,445,562,427,110,1978,166,968,1094,247,3604,764,1693,58,1171,48,471,1745,993,157,1492,1241,1736,2000,5297,345,2944,2398,1080,183,94,534,]
[1733,596,1941,245,17,83,771,1071,605,1936,276,454,299,195,322,605,2945,1302,691,1637,553,1607,411,1087,287,1391,163,1014,1642,179,146,3472,360,636,677,43,1660,1306,1295,24,1463,2273,807,1573,1274,414,886,2159,235,720,260,689,300,86,315,424,162,1088,1,500,180,1652,258,777,]
[1257,1198,475,824,109,306,840,942,424,187,2753,591,10,577,764,114,37,85,927,1713,599,135,280,231,38,60,1231,1009,1870,1001,2350,1759,5,564,745,67,569,780,22,638,620,1424,120,1,663,1188,324,1753,281,942,121,541,210,727,1300,574,622,639,90,1001,1386,462,297,886,]
[506,1499,19,1609,180,611,575,202,150,2297,2678,866,2188,379,290,1555,266,356,79,552,3655,68,2354,318,44,1505,952,619,2838,1762,337,3704,491,1587,451,291,713,381,7366,10,1061,4121,758,1034,760,2942,621,11,59,293,811,203,61,632,88,1680,762,384,43,402,625,1768,878,3298,]
[456,101,107,36,171,3,111,537,2356,1404,602,2046,2348,626,2260,3007,823,56,10,2370,80,1399,440,181,232,2400,999,1114,1823,311,403,2496,522,1197,1646,1628,301,99,105,1157,1597,523,3499,1574,1290,1203,512,407,208,14,152,183,1285,253,1201,427,89,1191,1223,661,716,75,685,289,]
[457,308,1239,227,2712,1530,387,2325,857,568,0,2825,156,2394,1790,196,137,537,404,3238,419,312,264,430,1767,403,387,84,131,1455,520,3444,982,495,1976,13,1120,749,931,2874,819,132,602,21,928,813,889,30,1049,78,40,157,406,1432,474,1011,24,327,714,988,162,575,747,176,]
[769,1296,3679,1787,1329,8,2667,1040,563,597,1375,442,1850,914,341,954,2494,239,1027,1733,180,656,4131,3776,1027,326,457,527,509,557,591,287,73,1528,2687,2402,74,925,1120,410,203,1328,2007,1277,703,177,311,65,1063,898,1248,330,169,357,636,1974,1756,91,112,296,673,2292,1291,279,]
[2129,876,567,214,767,656,862,1533,988,524,1175,414,1904,337,63,703,295,1093,1689,2,773,1862,806,324,374,6,128,698,797,303,105,33,1499,1473,105,227,472,659,640,1094,345,73,824,271,556,506,49,469,1650,1602,23,534,7,28,987,872,432,427,1216,914,251,676,683,12,]
[345,1059,398,1772,990,529,401,3106,943,25,275,895,282,311,512,191,141,191,273,1300,127,915,41,6,110,784,422,567,435,1163,194,218,803,626,628,318,1642,714,35,340,972,136,422,340,2,277,285,340,1196,816,2249,439,177,2172,3579,145,413,1183,142,66,2184,751,830,668,]
[1330,369,1584,345,1177,879,70,930,1435,3285,765,103,625,1222,724,37,19,1859,1875,134,20,102,549,1882,371,106,496,360,1864,3486,2188,103,2723,280,180,438,1581,384,968,529,7062,149,3905,1296,445,70,167,159,917,75,2733,112,756,5,578,1933,555,111,1221,2119,438,1765,714,243,]
[2586,2093,526,1483,700,18,625,2810,448,219,424,479,637,183,109,886,1333,630,239,1757,49,2954,1080,2978,53,834,781,702,30,20,484,2021,919,476,1706,624,49,770,213,513,1833,311,660,937,2106,551,1850,462,603,1465,667,1774,138,1993,2954,498,475,3357,383,561,27,436,429,269,]
[487,3747,1279,2748,185,79,1329,1621,1281,56,94,769,559,1331,186,1122,1713,188,263,1378,970,271,27,767,283,1069,214,1079,2274,380,1049,973,963,611,150,806,1118,374,268,774,241,2670,378,1837,564,796,2297,385,653,1074,575,772,1905,558,175,1721,180,1880,290,269,105,12,623,1218,]
[1259,417,823,1090,1686,84,683,53,1013,254,247,625,341,1533,996,504,129,1772,649,567,861,88,1632,24,61,652,1915,1241,115,2142,1677,995,1155,155,1563,783,418,690,320,1299,897,135,2194,106,575,2454,1196,4153,3410,1375,29,1257,86,357,1553,688,1655,488,2438,832,368,833,3574,211,]
[79,1716,1812,1373,502,2349,1187,241,760,572,2164,55,260,698,521,1383,402,572,775,703,2561,2628,1407,133,2707,307,1019,623,60,516,224,984,425,2121,482,115,17,728,495,1898,2262,562,905,75,1381,385,992,10,470,90,1819,152,552,66,439,24,327,46,145,541,595,471,84,348,]
[1874,8,1005,941,1227,38,556,669,1134,261,382,749,626,201,318,518,241,126,752,344,561,2618,958,77,551,638,1848,1657,143,235,182,1405,963,1771,690,2378,1336,1393,1148,2866,225,112,13,1044,107,2255,621,105,2376,346,2056,511,3282,2230,297,15,4342,517,793,567,74,107,434,179,]
[2508,125,3771,1748,2455,2356,1874,49,113,633,420,425,1787,946,153,635,505,85,55,913,76,609,1148,6,735,29,984,285,540,587,310,591,1439,309,891,921,20,3633,1487,5112,874,1230,504,949,396,313,104,1074,1300,137,54,478,1271,2776,611,308,2199,1896,2240,346,94,1004,187,1264,]
[273,1269,17,831,3436,2533,25,64,495,159,138,130,417,330,1080,115,180,1311,31,1202,385,49,1538,434,21,114,26,985,518,196,692,832,661,892,2477,926,36,554,234,46,429,962,1416,2136,4518,60,318,1005,469,2472,830,348,543,74,639,128,742,2058,1090,1650,233,825,1093,454,]
[431,361,290,239,1120,385,305,495,150,170,314,67,584,371,373,290,2977,1024,144,30,682,625,10,792,196,587,708,663,1534,458,205,238,1003,0,393,776,195,14,177,819,2143,79,63,1820,198,278,2734,932,14,941,43,890,793,788,2083,3,2812,452,68,388,1313,1073,813,268,]
[331,729,2502,1118,1219,642,1414,1397,1732,195,73,2015,585,760,430,1203,761,885,1769,1757,275,117,153,2277,2374,738,129,120,1188,68,1298,459,953,656,628,25,70,297,224,587,4148,1089,66,379,68,294,484,803,184,1497,247,422,196,1310,2659,2055,579,1452,203,121,635,831,679,1262,]
[221,540,468,496,862,116,2387,1045,860,50,226,118,4242,995,2229,1000,382,124,311,242,95,335,1812,1562,459,959,345,406,173,760,1241,2019,2,776,981,1120,2279,1300,247,1968,579,695,1785,554,410,326,147,734,2094,213,377,1173,75,966,424,803,228,707,508,329,657,260,14,328,]
[97,773,286,301,769,250,418,718,762,998,489,908,578,525,306,1839,185,654,327,421,1419,144,73,90,216,349,1597,673,1392,118,442,449,104,2099,1108,469,203,587,1579,74,221,655,321,56,120,234,989,1178,2571,997,1146,2383,1371,478,255,2006,851,119,816,100,873,977,2356,16,]
[572,138,412,2400,1632,930,1099,1424,363,1264,256,1720,839,194,737,1154,1970,1776,2594,90,1380,695,260,386,2209,732,3738,200,289,2076,328,701,486,597,177,366,2577,440,2360,504,793,208,1873,1553,1504,123,250,14,3205,1725,1394,976,1211,434,607,1185,288,1463,2493,499,42,974,64,810,]
[507,35,1256,300,5599,360,527,816,982,62,2092,196,5,2040,108,335,545,6,299,822,14,92,1059,888,441,439,91,1140,2476,5,514,2243,1092,159,1204,14,2138,1821,487,1307,957,740,106,1338,550,1029,354,251,178,98,573,1026,2170,1413,757,123,788,2494,1733,2133,1920,1332,291,702,]
[596,3210,1697,981,752,220,344,198,653,1453,1465,170,101,377,688,3265,1022,117,409,2188,61,26,500,580,49,927,273,97,2192,2466,3247,1393,219,1017,492,1055,395,1950,106,1479,922,352,1102,3168,1173,72,1357,1366,1,351,865,1900,567,190,1012,997,1741,1419,228,259,128,629,1008,657,]
[323,579,925,2965,438,1004,1078,1952,1559,47,569,1254,2143,774,848,1454,386,123,1052,392,1801,1951,283,1763,130,1133,25,1239,1755,876,1075,2722,177,857,2518,17,215,1011,31,840,827,51,454,416,1172,376,993,275,224,2992,702,2677,1531,1590,1078,5048,201,159,465,953,65,112,41,955,]
[806,603,2227,132,264,191,634,790,22,1351,3174,256,514,734,1116,1758,380,770,2073,1177,708,762,400,571,361,289,269,1197,385,1398,656,534,1280,207,996,1649,366,483,432,463,204,1409,558,1203,328,314,1318,350,368,123,641,1320,1060,908,545,320,422,2041,786,32,1838,56,711,408,]
[400,1981,877,1436,701,1403,242,182,1255,906,1555,1079,519,539,150,703,836,399,698,87,493,223,2482,777,133,847,1843,796,604,1804,116,751,440,2311,491,497,1343,327,1135,401,126,363,364,259,1492,2969,1217,500,694,680,515,1883,87,715,519,1659,1377,835,291,1225,1886,296,3143,1385,]
[249,1288,450,261,1474,490,1284,847,2602,1205,379,391,230,715,69,200,186,292,713,2473,831,405,819,67,1031,241,3032,123,627,525,2342,954,230,3623,496,1109,1324,220,1226,3680,1069,1810,654,410,2157,311,1835,409,560,435,2510,43,327,464,97,20,1459,494,338,1768,1587,450,523,1231,]
[2380,403,1631,528,3143,586,2883,1020,449,1775,201,1942,1,899,189,678,314,800,731,166,1567,3644,439,4430,343,31,504,1374,360,1668,538,104,492,16,241,428,619,963,32,1,1087,1592,506,965,445,500,82,262,1369,574,358,35,222,567,238,3156,60,5,3280,404,2765,228,808,268,]
[790,1115,563,395,473,337,8,114,188,880,73,464,302,1218,440,527,92,30,100,855,432,49,503,394,81,1154,2663,49,449,275,836,691,551,375,739,235,748,123,444,1174,259,364,209,559,302,1127,259,2130,39,350,359,1102,74,249,73,713,742,33,2343,516,896,1316,375,203,]
[0,0,3,0,0,0,2,0,0,1,0,0,0,0,0,1,1,1,0,1,0,0,1,0,0,1,1,1,1,0,0,0,0,0,1,0,0,0,0,0,0,1,1,0,1,0,0,1,0,4,2,0,1,1,0,1,0,0,1,0,0,0,2,1,]
]
