This is computation ability:
[
[0,0,0,0,0,0,0,0,0,0,0,0,0,0,0,0,0,0,0,0,0,0,0,0,0,0,0,0,0,0,0,0,0,0,0,0,0,0,0,0,0,0,0,0,0,0,0,0,0,0,0,0,0,0,0,0,0,0,0,0,0,0,0,0,]
[0,0,0,0,0,0,0,0,0,0,0,0,0,0,0,0,0,0,0,0,0,0,0,0,0,0,0,0,0,0,0,0,0,0,0,0,0,0,0,0,0,0,0,0,0,0,0,0,0,0,0,0,0,0,0,0,0,0,0,0,0,0,0,0,]
[1225,1374,1226,889,1418,914,1002,1115,604,1808,819,1065,1146,1086,1050,1305,811,910,980,1302,1397,1199,1246,1272,980,636,1272,835,1365,1839,978,1328,1458,1079,1146,1207,1155,905,813,1223,1227,592,1296,840,996,1561,1045,1384,981,956,775,1513,1147,998,1326,1368,980,1028,1036,1116,1614,1030,962,1245,]
[417,803,962,798,734,587,533,387,828,610,542,695,541,776,552,603,908,503,700,1203,1052,819,490,373,479,843,686,615,444,404,631,766,846,518,719,898,505,374,598,795,434,812,465,356,668,490,503,607,1067,592,884,629,465,652,656,743,444,678,641,492,999,559,681,816,]
[1140,900,787,1147,939,1038,930,1246,952,1130,561,1673,1361,991,1015,1612,1153,1618,1095,1024,837,852,1151,1414,1253,1013,1184,809,799,1613,1456,1274,863,1394,1143,1265,981,1268,1243,1397,841,783,1282,1334,975,999,1099,1042,897,974,891,757,1017,1823,1289,1009,1107,1066,1029,1259,1095,1161,1232,1124,]
[1250,765,931,1060,881,667,640,692,795,1074,1073,764,1020,740,987,951,969,761,914,724,696,1226,847,1161,616,1039,806,1379,783,386,739,679,720,777,950,765,750,1058,690,769,595,535,1202,1124,782,816,972,815,938,867,632,371,477,357,801,997,976,776,1014,1021,1048,1248,654,1222,]
[606,901,883,753,618,748,880,1195,543,1123,1348,1191,747,1120,952,1258,1186,1032,830,824,1002,661,1095,975,853,662,880,930,972,1075,1018,987,1166,813,941,1073,1055,752,742,1270,777,866,772,918,904,821,872,1081,1194,650,878,663,614,768,775,833,1138,757,579,676,843,933,1090,811,]
[651,419,906,692,955,768,888,864,946,568,733,703,840,582,607,571,978,694,1247,1464,641,1257,999,979,1072,1258,519,1136,942,1323,814,803,964,689,723,877,996,980,612,530,1101,928,1163,971,1202,756,879,575,790,1343,483,1030,1033,485,763,1028,1099,722,908,1362,1177,699,837,941,]
[1166,809,651,1257,1480,971,857,1282,814,1242,661,788,714,776,647,884,421,785,1279,751,810,507,665,1047,1048,780,1167,1060,710,800,1176,784,516,748,1037,822,460,693,469,1051,1056,907,1029,620,961,907,678,853,847,1525,968,545,1162,604,838,1030,1105,713,776,734,983,639,904,653,]
[1092,759,692,991,664,917,701,755,962,705,972,736,1008,1023,719,894,872,939,723,733,1208,736,1194,793,1167,987,901,834,715,918,696,1108,740,1304,870,1299,1129,726,930,833,859,721,933,928,932,1157,1090,1270,793,756,871,1075,1097,981,720,917,439,786,878,1150,640,811,740,941,]
[1022,981,926,895,445,1069,698,947,701,606,800,1007,971,664,611,821,1083,824,531,785,910,593,844,514,883,1114,1229,900,818,1030,666,901,773,770,1082,802,1313,620,791,745,862,479,966,879,741,476,1079,1099,847,898,812,776,900,944,957,767,868,662,958,1103,1095,480,1022,981,]
[525,1410,672,712,1027,796,838,693,743,909,874,1248,1076,1007,521,698,564,728,912,1085,463,753,783,668,797,918,1067,562,586,746,1008,1409,676,752,906,739,781,1178,745,1089,727,1464,722,651,921,962,1372,1004,960,923,805,839,637,1035,1084,1180,648,670,1373,776,1147,777,1317,961,]
[897,373,976,792,923,800,898,1172,852,939,1080,1244,758,719,707,826,1055,526,558,882,1076,826,817,896,725,935,1399,703,974,983,832,739,1136,949,940,689,1092,1345,1019,975,814,900,690,984,648,936,1068,838,1158,1213,683,885,885,999,702,1568,810,745,542,791,1184,534,810,813,]
[674,710,796,1228,1411,746,758,1189,630,801,977,731,1057,961,678,866,864,1106,1100,566,778,711,1464,778,921,779,490,625,887,656,870,524,1040,857,1199,966,737,518,766,668,957,831,1201,951,982,1020,792,804,648,1119,961,1004,721,566,1419,749,819,829,707,790,890,991,1146,954,]
[981,846,811,1047,567,1027,1205,1365,910,940,678,783,1116,881,662,894,985,1100,674,1519,659,771,1050,846,764,744,1189,666,748,908,1097,1026,956,689,794,1050,1254,834,541,992,1135,705,905,1078,1075,844,764,535,606,840,570,648,978,1009,784,796,574,1181,658,939,656,983,648,567,]
[814,891,852,1076,654,680,690,809,1051,651,504,1496,1042,729,968,714,980,655,951,963,905,1054,1038,668,1024,704,394,776,1199,584,846,882,1244,652,1128,502,777,889,1121,568,1393,1119,1137,1093,1093,547,810,622,756,806,899,948,997,925,783,904,777,987,948,628,1054,1054,528,514,]
[1053,593,1051,612,1644,1329,1019,638,994,1326,1271,1092,594,973,943,945,1151,1082,855,530,664,569,888,684,884,807,841,1069,481,990,594,802,631,724,899,966,846,985,1080,922,948,605,634,562,657,643,1011,682,751,585,1047,670,836,791,987,1387,957,740,763,729,822,976,626,844,]
[547,802,1086,890,995,632,770,909,1347,680,1141,907,747,1470,927,793,542,888,1167,986,819,587,752,826,1049,1105,1039,1035,939,508,706,1130,742,453,747,841,609,711,689,704,672,1466,538,788,753,763,663,804,863,671,615,601,588,919,627,1139,620,488,984,675,961,738,1088,979,]
[1102,920,1139,539,1083,1640,588,996,771,1065,850,669,1233,677,700,880,654,949,831,734,556,932,749,884,642,882,821,674,766,1129,451,619,779,968,810,520,584,728,1005,1161,927,699,955,1682,989,1232,987,730,878,850,586,836,1337,677,988,960,1072,925,995,1156,1003,796,472,646,]
[896,854,997,890,869,1078,1167,794,889,903,1294,1047,815,1081,1381,821,890,1002,1078,1129,800,1013,933,1377,816,794,689,775,1224,807,1293,729,729,1215,1299,1311,897,931,539,1109,1035,538,790,744,681,790,822,1101,1019,815,710,959,877,651,1169,587,654,703,778,1087,813,698,1080,1210,]
[956,1022,843,987,627,550,987,1234,815,779,861,1190,951,906,748,1117,660,902,974,1215,1024,1193,1408,905,820,789,791,1236,1331,894,1137,632,558,843,813,678,479,707,1200,907,807,960,676,956,617,968,1088,887,1123,759,1070,583,733,917,680,620,932,861,621,792,724,737,1124,1147,]
[792,982,752,849,665,719,609,846,722,728,559,956,780,1311,928,632,962,778,659,884,1193,799,755,1495,877,861,1007,674,1027,705,722,709,993,1129,1039,768,1491,749,1299,812,970,1042,654,658,757,561,1046,798,1397,863,998,629,836,772,657,611,832,818,687,841,864,540,1084,975,]
[1028,1417,846,941,780,600,905,839,672,671,399,651,691,748,834,1312,750,605,971,1090,696,860,1339,655,506,1225,800,409,1097,1494,672,919,747,1166,687,825,719,1085,724,1119,1317,849,935,937,959,680,735,757,971,1245,1059,1038,716,1194,1152,386,899,1018,675,685,509,1088,974,835,]
[851,926,496,599,941,529,748,835,541,1017,1028,1072,708,547,824,976,1056,796,798,1016,844,759,747,1393,765,1104,807,692,1307,1140,695,857,565,738,959,1184,525,890,1113,644,1307,585,628,1057,591,927,783,1087,728,990,976,1059,855,639,561,754,1030,568,887,922,636,1151,1043,1159,]
[904,983,641,801,945,640,792,944,879,839,684,1281,864,859,1047,860,817,616,899,861,745,1247,897,867,445,1270,509,526,585,924,829,710,913,1088,901,696,983,827,893,881,899,1041,845,683,920,915,1120,542,978,726,720,863,743,819,1081,1030,887,641,765,716,887,667,1194,869,]
[1096,899,913,771,895,814,800,974,860,763,541,565,1310,955,997,929,638,781,936,887,1019,1137,940,647,702,780,1038,829,561,556,716,814,1227,830,886,1011,838,514,568,800,791,729,941,916,1044,904,918,1088,583,701,1156,897,1058,598,706,869,987,826,944,733,570,890,935,549,]
[564,816,903,851,743,1169,1020,744,719,723,1315,943,490,486,741,945,974,824,1136,1175,730,782,1075,932,689,1219,1422,964,1131,1495,547,840,798,610,919,1059,994,795,315,598,1059,425,760,751,665,978,1255,1224,926,688,1843,635,1170,1004,961,1201,1774,732,1082,1062,1266,860,864,669,]
[752,1111,638,1264,615,973,806,546,1045,694,1081,550,929,939,769,852,766,904,708,657,1085,1142,900,689,778,632,1094,852,613,592,1288,1386,809,745,995,894,920,999,976,585,1706,811,1033,824,844,851,609,1261,781,645,978,1063,809,1209,925,703,690,835,685,983,1143,840,616,1326,]
[735,1045,821,623,667,705,970,592,1294,562,1203,478,652,771,1002,1138,731,1170,685,1070,947,432,849,1310,1144,704,1062,1059,916,1103,879,614,874,849,823,799,1077,653,925,830,895,1150,845,1026,988,1053,725,962,1012,990,1442,1232,515,792,906,784,834,709,795,978,779,883,718,819,]
[768,821,611,573,1365,754,804,580,789,490,836,844,760,1054,778,849,718,990,597,566,1160,928,1015,693,436,1041,855,825,572,1075,919,700,724,841,1009,1017,765,1212,620,759,1169,727,807,549,1271,1225,779,523,527,597,627,638,744,687,866,783,861,737,573,1160,493,693,907,815,]
[610,747,658,794,870,829,986,901,984,988,936,981,338,1073,1008,1391,878,928,867,1065,1195,659,593,836,1595,810,960,897,1039,1025,1023,634,864,1304,697,1143,964,803,981,749,920,879,1005,743,944,991,633,906,787,1020,763,1081,966,606,685,867,881,1109,777,1099,1243,414,581,481,]
[800,865,845,1014,665,726,1072,675,771,752,836,713,875,1461,1010,894,531,911,639,894,716,839,720,946,1045,708,771,810,921,732,1019,649,717,806,806,792,891,1156,731,571,1167,737,775,507,831,783,975,662,1206,785,1023,812,936,702,905,1061,785,1065,843,392,1129,963,829,859,]
[1005,704,794,570,700,958,911,587,678,1412,874,583,988,665,1110,829,957,784,1152,870,863,834,950,641,1238,984,1488,1400,1073,669,834,708,876,1171,1186,803,916,1238,675,704,624,1091,779,994,891,713,1457,860,1105,796,455,756,961,701,707,1283,945,902,876,1132,765,898,700,586,]
[684,802,1148,628,558,623,819,639,732,709,968,894,884,870,1061,874,741,613,759,986,614,647,977,1028,643,1003,1019,809,1034,985,704,705,715,646,942,1067,865,684,1025,744,884,646,914,826,1047,904,801,570,1013,744,1074,879,1126,882,676,678,1140,863,1137,1278,1075,848,1100,1092,]
[766,1089,1092,809,956,954,592,1421,848,838,842,629,829,797,1285,609,874,466,1018,876,1262,809,1224,648,766,997,577,644,910,924,610,839,663,964,894,851,801,1198,909,894,800,913,738,680,1107,484,830,1023,908,889,710,1112,572,885,987,1028,718,512,1207,590,788,1229,770,931,]
[1112,587,713,728,944,858,1215,978,937,696,646,1110,998,1246,1433,950,905,1148,843,1053,940,616,1017,770,996,790,1086,821,448,1036,512,582,1040,949,1492,1006,611,723,587,1241,860,1143,972,1075,1065,1209,753,600,934,705,876,890,877,1296,792,671,675,594,1441,729,651,579,1522,897,]
[991,515,908,1192,524,1204,1033,612,841,746,857,817,1059,590,657,1001,852,619,789,1052,645,758,837,1144,1002,1188,846,712,831,1106,549,823,796,785,539,761,896,820,655,886,779,1100,1253,705,727,784,738,847,970,916,867,720,1063,966,747,897,622,977,1093,885,743,698,528,627,]
[1023,1031,591,1116,425,947,1099,746,926,1175,1052,625,1252,1010,934,566,1295,1181,674,905,491,1069,981,882,953,1224,1071,938,1181,887,506,712,1040,908,1168,1178,842,976,863,761,807,1070,1287,697,800,559,1014,516,944,759,811,863,555,745,784,1172,912,1382,627,617,932,609,762,737,]
[678,847,1121,624,686,1188,875,975,989,1111,392,925,629,652,1066,525,533,673,441,893,1156,768,784,910,760,917,821,609,1030,712,612,799,1089,730,729,856,882,567,846,747,1208,898,1051,893,840,1213,877,961,700,478,904,678,775,729,1060,898,750,829,884,697,1101,896,810,1187,]
[731,507,689,1006,783,870,566,989,833,643,815,273,1294,593,858,641,816,878,704,947,514,514,675,755,927,923,784,659,1100,994,903,721,679,909,929,773,709,417,543,855,513,589,569,717,714,710,955,931,1095,936,646,463,682,945,696,559,651,1292,853,551,656,744,648,849,]
[487,487,525,547,702,452,814,869,359,514,500,731,514,736,531,449,645,596,690,510,536,612,645,743,446,533,428,518,629,523,502,610,550,680,618,553,643,428,446,557,349,343,519,778,566,682,608,939,518,510,534,551,721,766,569,516,817,601,631,718,560,835,833,509,]
[638,1187,560,1169,548,794,760,1036,971,1340,1059,1090,1115,805,519,832,824,648,1036,601,1034,665,1013,979,775,782,972,851,1278,863,682,1053,533,728,703,866,1026,671,780,1237,1168,542,780,1115,985,877,906,512,815,565,1213,755,1006,831,1047,659,843,745,925,720,708,710,1148,1055,]
[871,1211,1028,1107,651,644,1256,781,1104,718,503,676,933,617,884,972,870,1173,972,560,1103,661,842,1508,734,630,588,558,529,903,673,1239,943,926,1084,683,713,803,1092,1136,813,1009,999,1516,1146,726,796,1362,882,629,1067,807,830,1070,531,544,1056,676,542,867,716,873,711,1584,]
[980,1074,1048,1098,802,599,1059,829,439,1272,744,809,725,436,990,1042,1021,1099,1118,898,512,542,933,753,520,810,1198,799,783,599,483,746,956,840,1440,540,965,954,876,556,888,1069,776,809,531,661,874,1510,998,875,1029,748,957,941,586,541,1111,1172,875,773,730,572,714,1043,]
[1299,790,1388,500,562,808,1633,1069,951,576,1120,430,838,859,836,993,1023,889,1019,885,1106,970,1165,1139,995,622,958,692,918,764,592,853,763,1009,919,841,844,1093,633,1048,1088,1195,484,841,869,540,1177,864,792,694,864,809,875,914,1468,741,1042,903,1187,1019,1017,1330,1043,1025,]
[671,833,938,504,1354,1102,968,647,838,1167,768,816,664,723,1054,838,784,605,610,860,788,670,1192,1056,1291,601,794,820,887,1070,991,774,1002,862,744,1409,1279,766,1128,613,700,734,844,951,742,980,936,975,1034,1249,981,1207,805,996,1042,767,677,1037,856,729,692,649,684,1113,]
[751,1200,618,754,977,993,1165,1191,754,1262,699,825,736,931,736,550,833,442,985,777,778,832,739,1297,1041,817,1240,466,1035,820,852,800,560,1233,1141,725,668,897,1272,734,1158,928,939,975,1192,437,1152,703,1318,804,587,882,956,925,1356,488,972,790,997,821,621,661,922,533,]
[1095,1140,923,634,435,586,856,974,833,676,736,639,801,904,1227,1082,1323,780,531,1094,880,764,971,594,613,530,825,989,1020,635,1273,1244,812,1457,1035,1130,616,927,566,744,906,643,1109,934,1185,983,1386,1147,947,450,648,612,1155,1245,925,734,997,1042,699,679,1176,1011,779,825,]
[1033,833,709,966,884,679,835,1010,739,1120,1058,1121,702,1061,1214,922,1124,1084,1029,1275,1073,1249,880,896,675,1465,693,717,1111,443,705,1203,649,833,1126,1204,1246,954,1258,1260,847,1194,637,693,708,898,892,1348,781,1275,600,648,678,863,1012,1080,949,813,902,1148,757,778,828,1055,]
[497,1050,916,916,1009,630,826,1371,665,944,1281,643,544,819,803,1020,999,809,545,454,785,642,1135,1137,935,1212,1013,826,370,584,1060,1081,1049,1289,574,1200,797,849,992,922,1251,1020,780,597,1043,903,1044,819,642,761,804,748,862,1114,1140,594,979,946,815,818,1093,642,730,1124,]
[879,1250,785,673,618,731,1330,771,760,917,1057,1374,608,808,996,317,722,1335,754,579,1106,782,755,649,725,516,854,940,946,950,1098,1043,852,725,602,1457,963,567,1016,854,654,876,1141,1180,883,647,918,803,1741,841,944,668,1102,993,559,1016,752,836,1249,671,912,1274,773,666,]
[845,733,890,1017,718,844,1114,1046,857,931,852,802,790,725,525,756,790,882,1097,489,938,458,1446,886,981,778,625,1005,730,887,561,1008,697,863,1178,1078,831,777,911,785,1050,879,943,861,854,1068,929,1173,697,729,1277,520,693,1136,678,1073,484,897,595,1328,1028,1084,699,448,]
[766,698,621,749,712,647,818,519,564,552,589,536,610,505,503,685,768,845,780,591,442,626,485,492,753,679,433,633,534,618,609,689,548,501,450,566,1097,517,878,697,556,882,560,795,645,702,491,704,458,891,698,590,700,726,745,597,437,656,445,696,873,514,1006,712,]
[1057,831,1160,1827,1186,1316,545,1317,1455,967,1016,1615,1064,1331,1125,1061,1121,496,844,1265,804,947,1222,1782,1221,735,1094,891,1550,1085,1097,1175,1048,1415,1328,1304,1039,873,1235,1208,1623,1101,1338,1074,1652,997,1380,1477,1084,1165,803,1121,1007,1294,887,1297,1564,953,1449,1417,935,1327,956,1149,]
[870,578,655,581,695,936,936,772,798,668,537,621,539,457,539,524,483,592,251,579,641,280,467,738,534,597,859,528,550,350,911,531,409,789,669,432,563,987,342,547,666,527,564,590,879,692,645,721,708,582,917,592,800,489,556,515,751,513,646,552,597,625,779,661,]
[1022,1510,1016,1076,1219,925,1143,1309,1456,583,767,787,782,1212,893,1263,1022,1710,1062,2285,1688,1511,1642,1025,719,1631,832,825,1374,792,991,1407,1404,1273,1437,1225,1014,1283,1175,864,1238,1021,1135,1980,1573,927,1373,1095,1464,917,894,832,939,1486,993,767,1039,1107,1248,1032,1041,837,1245,1432,]
[573,694,904,467,445,817,810,393,376,917,518,957,613,947,782,705,830,1267,1196,909,1135,470,904,856,841,694,807,836,843,554,675,638,607,914,753,727,563,441,1040,760,1140,969,736,820,652,592,735,368,378,805,711,579,828,982,671,651,1467,601,725,763,508,692,733,854,]
[770,1332,1557,1084,932,812,1044,646,1190,653,1043,950,701,796,1228,932,905,672,1113,753,963,1043,1086,843,981,804,565,998,1132,704,1237,1074,697,754,843,869,555,864,1096,567,764,639,460,746,967,782,793,1451,661,797,735,827,785,892,1327,1141,1068,1015,775,902,1029,1014,1351,1086,]
[1023,947,607,1391,482,757,1540,1040,577,1412,837,1060,671,524,1055,654,841,451,966,725,1328,926,893,1014,415,868,782,620,689,653,764,946,862,650,759,1176,812,1172,771,840,1269,891,767,852,812,693,881,744,753,541,1131,701,863,807,1108,889,872,1015,946,702,1074,748,1119,1058,]
[708,729,1440,672,932,808,1045,654,919,749,830,902,962,1129,454,863,822,1307,990,786,899,1159,668,893,1347,798,668,751,1038,993,1021,1234,955,665,592,956,1081,872,758,994,1090,1171,661,903,608,748,820,794,765,1359,859,1242,882,513,1196,740,724,753,1087,702,782,771,924,763,]
[912,828,481,926,624,876,1316,936,932,793,1101,835,973,987,835,1351,815,1151,723,1005,721,725,805,555,1070,657,891,832,1150,879,1061,574,490,1065,701,554,769,494,1238,992,831,1068,908,1468,789,732,739,1048,811,1014,583,758,923,591,878,1007,905,845,1135,628,981,916,984,874,]
[1113,941,687,986,952,1144,1195,751,893,1240,1218,1012,693,1149,1168,752,1358,711,810,537,619,616,972,629,876,551,1040,984,1013,641,1495,1065,842,907,1087,883,435,705,566,1179,716,768,792,817,883,1038,1047,749,977,1218,918,674,1021,447,873,1084,932,657,866,1095,998,1168,981,731,]
[765,1177,1039,916,584,1026,1099,950,883,858,1112,579,733,887,793,879,965,330,825,798,517,842,838,849,1092,1181,839,693,1417,1263,891,1767,1130,1080,954,1032,1120,561,775,1089,748,833,850,801,1068,687,807,730,852,865,676,784,549,793,792,969,1261,773,845,818,1003,413,580,1445,]
[895,998,622,655,585,777,923,1052,478,689,721,668,1023,822,1039,954,868,1115,980,945,937,1055,812,1021,730,1118,918,1122,698,829,883,1015,1453,1157,972,1199,928,739,837,1290,830,834,1439,872,722,669,1155,962,799,868,558,975,726,915,1283,1281,1070,971,1016,801,1257,882,1036,1164,]
[1099,604,686,948,742,1038,970,1403,876,853,850,1038,979,912,892,816,1002,671,789,1147,807,488,878,604,1011,1010,934,820,676,1052,747,666,855,1222,970,742,1049,1030,481,594,1439,629,1147,1379,833,933,561,809,622,1107,1114,1040,1001,1134,1179,842,1101,775,625,986,1029,921,971,1010,]
[486,711,1492,1155,894,487,527,975,1039,1077,985,974,546,663,1190,674,1080,982,600,858,843,857,893,727,776,1041,922,638,514,829,537,960,1123,609,889,789,1221,754,1057,1233,942,825,972,591,813,875,618,791,638,578,1182,954,780,676,735,745,822,964,948,764,1348,849,813,1405,]
[951,857,829,840,1055,999,1013,1290,644,849,1041,822,713,633,1128,911,996,1210,802,1053,589,1275,1032,535,778,998,974,898,1234,1030,826,864,1064,1034,911,1357,1676,972,607,840,976,707,871,625,825,521,973,1119,1521,628,790,846,721,1124,1120,712,924,1007,1315,795,505,1080,611,872,]
[1201,839,647,1178,715,1065,1050,952,751,653,1233,702,687,719,663,1104,1128,787,860,707,822,710,771,766,1035,448,831,1127,939,785,965,808,1233,525,788,997,896,779,867,546,1303,893,966,719,841,1438,1263,918,1065,915,1000,742,712,778,662,689,874,503,932,1250,668,1043,1163,1191,]
[658,1066,607,987,707,927,1055,751,890,995,887,805,1378,724,603,808,844,1126,1024,1186,775,602,963,744,897,1200,622,1315,1101,935,905,947,872,879,734,998,869,1271,889,743,1163,1038,1070,1248,908,750,860,619,1193,821,875,745,768,968,532,655,1280,691,760,816,1023,1181,898,434,]
[910,657,801,1116,857,816,813,1028,638,1629,772,1030,1192,808,541,731,1152,611,816,596,1061,867,634,736,1222,674,760,673,825,845,827,806,712,1067,1004,612,579,818,763,453,893,1116,805,699,713,1095,923,1307,529,906,970,818,880,917,647,781,980,588,1099,669,1203,818,1207,1264,]
[732,809,990,1098,689,687,438,887,1028,781,747,1194,656,994,891,664,813,634,762,973,823,794,1044,1219,884,859,965,896,715,1111,714,573,1357,670,765,768,767,1050,1118,1077,1158,1040,787,833,829,688,727,661,687,987,1029,673,870,859,807,816,905,999,1038,1000,941,964,902,579,]
[671,1208,726,627,936,533,683,684,942,534,818,449,863,863,807,640,884,858,931,1453,743,1194,872,811,737,799,1050,842,986,785,818,866,477,975,1811,1088,1034,622,910,1194,982,1264,789,1060,569,867,976,673,1321,740,1015,648,753,775,586,1132,1372,562,858,899,724,1132,884,817,]
[1072,805,823,732,928,1109,738,831,951,604,709,670,838,555,490,1027,590,1010,943,902,592,775,741,672,977,821,1470,667,888,797,809,849,1220,990,1012,978,810,737,970,485,605,1073,932,942,645,567,730,957,774,1353,883,731,861,649,855,771,693,1197,913,900,861,1069,993,1041,]
[573,1212,880,761,710,1116,1253,1063,719,1293,718,780,875,851,407,778,621,470,876,1402,865,705,803,561,1084,376,921,834,945,796,814,538,1117,992,1052,955,823,875,930,1008,800,902,1160,804,940,987,966,857,967,978,839,799,840,625,1070,515,1092,685,891,1251,665,574,393,1144,]
[911,397,1310,790,385,809,656,1077,833,951,779,537,944,977,854,888,652,848,1048,973,1056,469,788,1028,1135,397,914,1029,975,1067,1200,794,1153,880,818,658,771,699,1060,698,462,632,713,788,986,710,1122,760,900,748,988,1210,691,1021,809,728,654,1207,1266,916,676,653,1314,975,]
[1070,813,912,1061,875,522,745,718,1513,734,716,755,902,364,1118,545,870,880,1072,1618,971,511,910,778,446,726,1151,586,973,806,771,1216,986,714,1152,1342,792,818,975,1108,1136,1127,873,1249,911,700,794,740,848,718,720,1048,598,838,737,714,503,1314,687,701,939,805,1041,990,]
[1162,803,735,979,954,957,629,982,958,960,885,1422,1034,1186,684,1001,858,1000,652,645,580,1379,1132,687,905,628,643,1062,1051,817,740,895,840,789,637,912,658,1013,916,879,1054,813,1647,1017,1402,766,597,1010,916,578,875,859,706,1069,879,677,851,854,1055,892,1036,1100,884,859,]
[954,1150,555,592,780,1013,905,1241,789,782,572,1182,890,865,815,814,873,695,1656,927,747,1080,1088,900,957,1083,981,1190,741,807,791,621,1046,627,1160,947,1079,1223,931,661,682,1137,581,729,866,937,1120,870,838,573,812,674,841,789,1032,1195,1070,771,538,659,1283,1063,688,1099,]
[932,1102,1024,659,1197,507,851,993,823,860,716,1215,822,902,1370,872,1120,940,687,725,982,906,919,961,1023,1260,786,675,877,1119,958,479,1045,737,1092,638,948,1126,885,680,574,1064,783,1322,992,675,773,897,671,611,581,770,695,1056,749,820,543,950,547,606,819,708,1331,759,]
[641,719,602,1245,709,849,664,1084,735,832,784,645,932,773,749,894,737,557,967,933,864,1245,1100,868,970,1271,1043,824,958,1005,862,772,893,757,769,919,491,1065,648,552,969,672,911,791,733,958,744,1354,779,563,778,978,1275,828,1288,1873,719,970,702,937,690,862,880,1157,]
[1108,774,772,563,879,644,1139,674,1206,1159,995,708,1218,1593,553,1109,850,630,637,680,766,806,809,846,1009,730,743,872,708,1043,1715,794,973,838,939,850,508,1000,1075,1387,513,820,789,870,1077,1155,801,1226,682,996,801,1003,940,1011,924,851,688,1266,744,755,1133,1565,1061,738,]
[1037,897,903,927,853,709,996,600,718,714,780,900,1157,720,933,1300,1345,972,421,1383,646,675,1114,1011,1176,781,965,880,833,1335,770,1383,1382,1209,523,731,821,629,1125,689,592,906,803,953,802,1162,1126,950,950,1066,818,990,748,914,1042,1305,1072,792,816,691,752,1227,613,778,]
[623,1190,941,986,736,796,602,1173,697,1370,768,629,798,596,844,806,750,824,701,903,811,785,1389,779,1068,772,764,479,981,1450,703,905,842,1208,631,1166,922,1047,974,1148,969,836,742,963,933,1284,742,771,474,1072,939,595,1218,1787,966,661,1242,911,1113,772,747,846,1133,678,]
[700,727,843,792,727,543,773,770,837,743,1315,1439,587,1118,826,744,649,594,723,869,650,871,538,1048,485,479,874,850,660,908,899,621,918,955,817,869,733,897,889,496,977,754,500,680,921,967,1332,909,788,614,1378,640,529,635,675,933,801,474,544,599,873,1053,589,1006,]
[555,853,858,743,914,1170,877,1214,1049,684,780,862,690,910,693,1239,1037,506,955,917,1012,840,954,971,952,661,651,1650,780,1312,988,919,1208,921,940,648,1290,908,1069,677,806,1046,850,839,276,1158,840,1039,968,725,725,752,934,758,674,792,1220,785,1026,644,952,865,871,459,]
[789,1270,1025,902,729,843,647,729,900,1143,932,892,451,682,946,1031,452,859,948,1051,543,720,736,706,1030,605,989,775,1072,864,755,866,659,782,868,757,1077,1042,1058,825,572,693,729,565,838,579,1049,732,1087,566,1302,698,546,688,962,606,1216,1043,1034,671,824,975,818,1048,]
[677,812,714,1101,705,787,690,703,1052,1084,593,1024,1075,939,1273,879,651,974,996,1065,796,816,572,1245,1171,1270,1309,1117,946,1013,709,519,1025,1116,822,910,710,1036,735,640,883,1050,787,662,576,595,686,1076,880,1440,1057,776,647,839,1054,1112,1353,1012,1052,856,865,667,443,910,]
[934,1130,596,695,454,923,834,786,644,749,1080,729,1263,753,1362,839,724,1096,768,741,897,686,1007,988,1204,664,1036,770,853,600,597,1131,649,563,791,878,750,725,1108,496,1008,1002,821,755,1029,1124,889,797,611,713,1035,860,887,863,1085,772,661,922,1183,569,1300,624,866,1195,]
[715,915,595,911,770,826,779,448,833,710,722,1091,755,633,743,849,916,578,1013,821,733,810,808,967,399,802,883,714,751,746,990,893,530,1040,756,465,662,711,709,1018,787,591,974,649,804,832,1156,929,622,1294,958,857,917,777,1424,881,1268,622,800,606,615,918,677,935,]
[612,836,965,1330,622,983,761,786,1204,796,952,789,573,537,821,1030,909,1395,760,616,651,612,770,752,638,800,597,727,684,692,968,1215,1107,672,1026,773,1018,1140,874,833,738,775,878,527,1393,899,927,628,1462,658,785,1015,1052,1227,560,806,430,781,905,951,1245,575,1182,837,]
[583,949,551,808,567,656,831,644,680,705,612,729,1058,650,550,950,622,802,626,479,782,720,789,688,915,930,769,671,1467,704,597,605,811,784,750,662,576,950,830,818,841,846,417,727,947,434,594,708,863,718,724,552,804,422,955,364,851,918,628,1026,699,887,885,888,]
[460,639,669,430,518,957,583,512,721,597,544,584,675,605,1069,889,812,346,536,846,768,495,716,712,1005,767,641,369,491,768,818,682,496,924,537,588,652,634,419,445,521,934,718,346,682,762,525,631,441,610,665,581,380,746,677,725,1070,436,616,632,537,864,410,429,]
[1089,893,823,836,479,667,728,1367,1203,677,1022,631,1017,1069,1058,803,709,702,1358,992,720,431,758,1044,885,877,802,904,647,715,743,1022,831,927,1067,1297,893,413,1207,822,716,603,1086,1079,863,1169,791,742,1135,799,551,774,1128,935,720,1075,774,689,569,880,949,1302,1114,834,]
[896,1086,1082,1038,1058,928,945,757,607,421,676,910,776,1337,807,1650,1168,848,1020,738,939,1152,751,1214,746,829,943,726,701,771,1175,656,619,855,1292,1216,908,660,1063,845,790,919,916,911,800,683,1329,488,704,992,990,929,1028,799,831,805,871,845,949,940,608,1174,1033,1311,]
[829,798,781,674,899,786,792,522,680,810,843,843,1186,994,654,1401,980,562,1076,800,1641,1338,866,1062,1061,885,768,817,699,817,1008,674,814,595,872,792,671,961,899,923,757,1146,767,633,951,746,964,687,778,575,1461,1067,1084,694,1045,674,422,329,930,715,677,1056,1132,620,]
[1055,1036,1247,834,930,1091,739,769,778,1008,779,949,923,889,646,825,1002,664,948,1441,635,1080,961,681,467,561,984,529,1193,416,777,708,576,790,1005,1325,1110,1374,958,735,970,1093,751,917,762,615,343,607,738,805,506,672,1136,408,918,441,642,626,800,429,601,1186,1187,1042,]
[742,663,543,1104,602,935,1080,849,1005,891,1080,1532,702,987,821,826,949,438,804,1325,539,656,929,903,667,820,887,546,689,989,738,932,1005,1145,760,768,953,1443,1390,1168,1313,982,641,864,1114,1915,648,785,1186,1065,667,606,1203,718,933,631,900,680,979,1123,580,680,620,1033,]
[909,1181,998,1142,777,1045,647,1353,729,1115,718,995,700,962,888,723,1004,917,627,974,887,1180,780,564,645,782,933,821,922,991,832,769,1148,688,912,616,818,1087,844,715,888,818,699,505,478,721,976,1125,1526,1126,925,883,930,699,723,942,1291,951,637,977,660,880,922,1078,]
[728,731,583,875,869,1030,930,970,1043,1212,542,1054,806,876,832,939,670,775,881,1084,852,1253,909,1249,826,749,871,607,665,1163,773,1061,844,659,975,700,641,874,1022,657,983,630,950,781,705,839,675,1010,1130,684,873,1020,610,865,847,879,725,995,1165,572,1342,529,942,942,]
[791,592,807,788,936,660,841,1052,654,718,1134,768,1343,716,683,800,428,1186,770,1045,1201,729,911,1053,899,851,707,945,983,690,918,998,628,838,732,999,817,704,930,1165,1196,706,945,920,981,697,1342,874,923,608,693,920,1025,846,814,939,772,794,1103,690,701,873,1119,916,]
[613,818,953,1046,544,719,513,1397,1190,898,853,1238,631,1035,673,622,774,553,540,875,902,412,924,769,740,847,1103,1123,1355,880,494,825,643,1218,706,928,802,982,1003,653,860,1097,721,578,1089,754,942,984,866,795,469,518,677,758,1033,1238,1011,907,463,1145,638,796,1203,832,]
[1062,589,879,965,1006,848,457,787,836,873,1059,1214,759,1023,737,842,923,896,531,570,736,723,1065,1103,790,1002,921,941,737,734,1134,552,744,852,1086,927,1060,831,458,940,1354,893,976,1025,815,972,1017,1192,819,758,615,688,567,686,605,1074,752,817,949,931,776,487,895,1090,]
[658,866,1273,1055,924,729,1470,1078,844,857,1294,1143,1796,627,1432,801,662,618,854,910,522,918,785,711,754,892,815,695,844,1021,960,785,815,724,747,840,676,971,848,750,919,739,872,761,1215,697,986,970,932,1357,1024,1200,730,909,937,742,646,749,685,903,1133,919,933,790,]
[798,731,623,931,483,391,843,442,659,598,738,663,604,828,462,410,1029,861,666,684,610,638,980,559,735,662,706,569,473,640,524,468,692,571,404,655,668,307,470,599,917,773,661,681,684,842,627,544,1007,532,798,756,703,616,560,660,840,502,899,733,543,674,545,926,]
[803,1214,1167,1043,1079,882,869,856,1215,776,1591,835,916,1535,1293,1559,1061,499,1256,1120,1863,1430,865,914,1540,1526,995,741,1728,1292,1389,1017,1138,1177,1274,921,1276,1187,1540,726,1433,1257,693,938,1105,1196,1673,1193,1336,2084,1026,830,919,871,1065,1165,1660,896,1426,1061,853,872,1476,1036,]
[683,475,532,760,821,670,606,788,520,747,561,629,602,567,643,650,576,472,435,631,615,746,674,508,679,759,907,594,573,694,631,545,610,721,635,433,492,414,984,729,630,626,336,720,711,729,551,627,657,747,559,658,557,926,568,599,545,987,513,765,753,661,568,992,]
[429,1501,1312,1417,1037,1059,1844,1514,842,1712,882,1466,986,919,1471,1203,710,1341,1308,885,1122,1268,953,1303,1109,778,1129,991,1210,932,1094,1368,1366,880,1378,1189,1250,1509,1234,785,1057,1320,1168,1176,1427,1282,1260,1519,1916,952,1225,807,1345,936,1149,776,1003,1172,1074,988,1300,1593,864,949,]
[963,977,792,1120,449,978,523,881,846,519,806,955,635,582,853,978,841,554,583,994,594,827,529,888,559,663,625,816,705,889,696,870,721,434,559,664,856,433,567,790,914,748,814,851,970,932,1048,535,618,823,786,676,825,1102,905,989,766,357,657,708,974,651,874,847,]
[1127,970,740,749,824,807,962,848,751,1011,1171,616,1008,914,632,1257,798,1028,1328,1154,996,990,680,899,1070,930,913,752,1135,1836,1286,934,1552,1168,512,952,1033,1353,403,1085,679,798,968,702,688,745,703,881,994,763,1346,764,824,841,1067,805,754,1067,798,835,829,883,757,724,]
[1074,672,847,716,575,1105,1060,1089,677,898,833,1153,869,1217,1177,564,687,835,922,575,1172,763,873,961,478,911,661,753,984,1068,851,1356,991,1180,609,686,1522,1043,834,1067,822,475,620,681,947,1250,1233,719,1286,561,600,1143,936,727,528,667,1157,618,897,706,657,1209,972,823,]
[1039,821,759,1191,933,812,599,659,560,526,815,750,746,1311,734,684,1087,809,1090,516,896,904,895,599,1030,1043,815,842,821,408,614,812,906,1178,853,863,496,645,756,648,815,1229,905,1101,819,766,711,1255,1012,998,695,1332,716,746,436,930,691,790,802,982,716,725,1132,687,]
[1269,789,734,964,849,524,943,802,625,850,804,814,1441,1270,906,975,621,466,1202,659,1077,486,604,804,774,615,1136,701,664,914,746,1175,807,985,661,748,1206,887,560,793,743,536,950,888,592,758,850,908,790,979,527,1275,1071,891,689,1025,980,710,973,835,1213,868,787,1121,]
[845,912,951,870,645,694,892,910,741,879,906,1119,827,1294,1300,575,620,692,1040,770,1507,451,1096,792,761,1243,857,1080,756,467,796,1121,837,902,854,758,864,840,1254,844,976,779,551,640,752,903,1008,856,863,882,1105,1202,892,911,1319,960,726,725,922,849,719,631,566,818,]
[682,1121,1102,950,916,966,907,760,672,805,486,828,589,769,836,919,1135,913,738,773,595,667,835,661,726,483,705,787,1511,1083,596,738,1567,751,810,749,715,844,1212,846,1067,501,649,888,569,794,1094,828,882,1011,888,684,756,958,1198,1093,602,1104,821,851,1374,579,713,941,]
[1145,1240,634,1000,828,758,727,1296,1166,741,821,1057,1015,960,605,998,952,796,541,973,834,670,781,784,753,646,936,1006,694,926,1111,1327,872,735,569,1072,632,717,1072,501,851,952,1043,712,859,752,1025,1153,595,1020,966,796,1224,1303,1243,664,862,888,829,993,890,987,971,1314,]
[648,678,871,877,795,662,859,495,805,885,762,884,830,752,819,1022,1021,902,794,956,1185,864,894,795,1111,711,1319,930,693,1129,953,697,645,435,839,608,966,573,807,784,1384,1132,960,898,1026,747,1087,911,702,827,651,856,718,655,964,547,1145,809,924,988,556,718,945,783,]
[1376,894,912,1112,723,828,863,483,913,826,727,1058,1559,807,757,563,898,1403,1015,960,528,858,1039,925,1007,1112,819,662,1009,966,1099,1588,912,889,949,1050,527,627,1123,1297,932,989,534,1320,838,1178,939,1422,841,1293,700,961,571,870,690,854,841,878,980,812,864,1194,956,1273,]
[660,1247,979,872,802,673,710,394,645,792,1201,728,574,968,788,814,835,1033,1238,896,969,1000,952,1042,729,904,864,1288,715,635,1079,1010,747,716,409,1558,632,1512,904,1047,839,1431,926,715,756,769,1150,1028,1052,887,756,889,633,945,868,818,1050,628,1147,506,531,703,1004,704,]
[709,574,806,937,864,654,1128,624,1096,793,954,737,861,815,608,1435,784,813,965,1141,715,1090,692,878,984,679,888,916,723,1135,741,1008,1027,709,1078,860,1666,1007,790,744,896,685,796,1177,481,603,996,1169,741,1235,817,707,958,1457,1172,908,668,472,1145,830,1097,658,620,950,]
[1060,958,1001,770,944,1047,975,931,723,883,1355,1041,1007,653,1083,950,963,1008,822,749,872,808,903,921,987,700,822,1377,973,723,876,872,841,899,675,564,684,991,920,1071,811,1189,938,1081,862,720,1293,631,906,1108,989,1483,976,948,875,704,737,747,1081,1609,1197,885,1042,617,]
[442,984,1210,505,927,1229,801,735,991,1317,1197,593,713,624,978,429,899,953,718,1078,1000,850,1507,677,578,498,707,858,1412,663,640,601,913,691,875,1029,1032,804,1078,843,898,1201,822,1029,1204,834,929,669,1329,957,1270,844,842,1007,1033,1010,1323,1031,951,876,867,744,1422,1053,]
[1088,1155,864,833,544,709,688,1042,840,917,1101,578,847,984,876,738,694,928,1076,673,611,604,904,637,741,797,861,612,381,1160,680,617,729,842,709,890,765,684,511,844,790,538,912,674,992,732,1027,1122,1166,1316,606,1070,990,845,693,341,1024,832,591,670,946,965,973,460,]
[948,589,905,1274,986,1010,1056,727,728,574,998,787,1118,1113,981,452,913,1323,1021,1005,680,978,549,1014,1145,952,598,612,822,1050,843,588,626,1113,863,692,845,874,725,1287,796,1013,929,1119,686,1033,716,782,765,871,822,1220,1288,786,1130,937,1135,1034,477,990,817,1022,967,869,]
[645,844,1020,772,653,1310,713,1115,1310,931,980,865,1122,1014,1050,697,554,954,940,927,745,708,723,998,570,558,1235,700,869,997,900,775,930,731,927,992,942,886,796,584,611,756,938,619,1025,1021,1185,768,1025,786,712,1289,1252,783,651,566,952,1182,661,890,948,1077,754,874,]
[559,558,1486,680,627,654,418,925,951,1066,960,743,827,1138,1007,1013,827,624,610,1011,902,718,681,732,1152,861,570,805,840,1206,584,806,635,575,1091,1072,650,1157,609,864,706,1144,1052,743,589,748,574,1259,681,919,907,1427,906,1068,436,727,1031,1378,1141,1054,1048,1152,703,861,]
[844,800,1324,1356,1016,796,922,982,1136,929,563,582,1113,522,1030,1250,1173,835,674,797,688,1130,937,1076,1139,682,861,940,610,834,1248,893,1343,879,1067,827,644,924,1045,1017,1070,576,510,1010,914,1159,688,703,1044,548,642,1422,900,900,715,863,890,851,1042,793,850,486,626,819,]
[1033,681,918,1434,1308,741,970,883,1252,1218,894,687,864,485,866,405,921,598,791,839,655,953,1213,715,944,791,709,839,1050,875,811,498,998,1031,1116,1135,787,1044,1283,822,531,851,758,506,811,926,898,1418,788,735,735,1084,961,1066,925,1077,788,459,1289,884,1256,785,1289,542,]
[637,704,824,1045,936,795,1395,951,566,763,621,805,743,859,702,742,599,1008,1638,837,1442,928,537,776,1067,948,1231,638,803,904,707,957,536,969,799,758,842,611,704,1122,1182,757,615,922,1316,1031,665,949,706,790,752,961,709,910,785,708,626,1389,698,941,1098,987,1046,1068,]
[705,1069,1217,702,1091,1059,772,1017,509,592,1225,486,1206,801,1247,990,746,1212,832,944,830,951,632,711,892,833,633,750,671,856,1176,1249,1230,932,871,1333,1080,664,1281,843,809,536,796,867,811,1158,830,743,950,641,1027,614,569,955,954,661,719,858,825,715,1146,1152,728,569,]
[771,957,693,926,841,1296,640,798,850,765,859,1080,1025,815,593,518,1164,797,993,470,485,688,1265,1015,765,991,1090,756,793,647,855,1033,518,1723,1023,744,929,635,619,536,1065,1115,1182,927,1189,763,831,934,1106,617,974,676,1084,754,911,737,927,545,1078,1057,723,705,912,990,]
[813,1169,703,712,986,827,919,676,810,724,1091,1454,662,1022,1275,917,1033,701,672,665,660,728,584,609,566,823,653,989,753,742,604,1012,899,944,807,1346,824,1010,634,807,759,964,870,855,730,639,795,1212,561,1185,715,772,572,1034,680,869,1173,726,774,768,1089,685,804,965,]
[812,1406,816,732,807,1052,762,479,1155,616,701,1297,756,872,689,487,723,1212,925,853,927,1116,1028,502,1171,690,969,1194,656,833,628,1223,709,730,986,823,568,912,1188,958,1202,774,516,923,729,769,1065,859,869,775,696,799,1255,1048,1207,711,1162,792,822,939,552,610,657,703,]
[727,1237,939,965,1091,948,593,682,621,896,546,739,1061,749,698,640,940,1084,1001,737,1187,812,780,809,987,543,920,939,771,720,753,882,744,883,1142,744,974,1049,1211,645,837,984,522,1211,1012,1109,889,569,477,1058,886,945,1090,613,871,914,929,725,889,758,1528,788,996,701,]
[846,783,535,1382,736,546,721,862,1093,852,709,884,924,964,936,724,689,684,751,904,855,936,638,926,1294,1084,758,582,863,1257,895,650,649,675,821,929,1029,1161,724,1078,781,682,1030,986,749,710,986,560,965,1031,771,681,871,746,689,626,662,1023,661,705,703,904,876,870,]
[1322,1270,998,787,897,1288,933,1080,915,1337,855,769,877,825,1096,907,769,712,866,1182,763,600,947,1078,1070,698,791,972,1207,907,662,1313,781,1199,629,882,993,739,748,668,658,828,641,595,965,781,797,721,841,1139,1103,974,975,699,830,717,1028,1057,941,738,1122,627,789,1117,]
[991,619,899,1026,712,1306,1042,864,767,642,710,996,1428,945,516,653,599,890,925,543,556,1190,1033,883,518,854,891,861,814,1231,1191,752,720,1278,512,1074,1213,762,1212,545,655,700,706,802,723,1024,1019,890,1044,803,1391,885,1149,921,1079,1009,825,703,751,791,1135,856,997,816,]
[1250,1118,615,884,1149,779,1203,1066,816,895,1037,828,644,799,1058,934,973,647,469,1378,739,1091,1256,1014,1108,741,642,518,1217,876,923,1041,785,661,673,544,826,1433,936,839,829,466,1000,859,1065,1291,689,1527,946,677,1427,638,1138,1080,1032,879,793,833,1214,877,899,801,567,684,]
[1053,903,871,1088,1135,803,840,720,1011,823,1116,794,800,646,497,920,767,1442,556,729,1286,910,543,867,1020,1082,1132,717,591,709,645,882,798,931,750,817,858,759,678,919,727,802,613,588,931,559,908,725,736,1058,536,838,578,1092,867,942,562,942,1033,833,742,650,847,926,]
[705,435,1061,668,1073,1210,1231,657,1347,641,917,841,741,1046,1222,850,1034,522,603,866,637,1143,1354,837,1248,1109,969,906,487,686,751,742,865,725,994,1084,711,620,915,590,718,790,574,1175,622,945,853,539,698,722,744,950,661,990,922,744,782,638,785,499,754,923,705,891,]
[794,1493,746,769,1192,1144,1168,802,1094,744,689,1033,1103,817,693,803,585,990,994,886,987,1305,1162,863,1055,999,918,823,905,593,987,526,904,863,1346,1534,608,683,808,907,642,695,768,765,1137,562,966,1045,732,926,755,586,844,626,554,566,768,527,969,1257,574,822,1007,876,]
[682,373,761,641,1423,821,1007,605,964,991,748,875,1046,1090,1149,755,1235,620,717,1144,1142,867,1200,1053,682,1082,916,996,918,967,543,1107,758,1032,705,1398,584,750,1623,707,528,563,1188,811,849,903,796,513,937,1217,1007,401,1002,619,1078,823,1231,717,929,1102,755,967,597,891,]
[694,1033,963,945,851,1489,1185,812,532,804,895,726,745,720,1022,1143,1026,963,891,904,745,655,1071,944,629,862,794,797,1028,634,660,764,1141,556,1053,644,709,778,594,736,1083,818,748,752,897,1209,588,578,707,719,724,562,732,680,1099,676,688,1238,529,717,903,959,1015,951,]
[519,539,496,509,471,614,853,727,420,561,684,438,722,516,791,515,479,618,466,706,696,477,736,617,799,608,551,337,553,598,815,859,505,609,485,696,361,815,725,876,903,670,512,706,796,520,519,878,799,411,629,655,663,505,885,508,682,497,683,880,813,586,717,951,]
[638,781,638,1395,630,956,742,619,833,748,1172,934,729,950,705,787,1533,813,640,751,1037,959,648,726,999,877,977,1254,1187,506,775,751,1648,811,527,1019,903,769,907,839,948,933,904,1553,748,702,729,1140,816,622,1076,874,1131,833,440,1356,992,730,777,709,1261,768,655,1077,]
[692,515,998,1119,1082,939,566,719,895,1130,521,1236,886,1498,1101,815,669,875,853,1031,834,1422,754,1027,958,943,926,612,1039,770,903,1096,1038,866,1013,984,608,955,661,1164,906,872,1071,1069,632,558,1149,778,957,852,756,987,1119,1023,927,1181,783,902,1035,1001,742,1153,862,834,]
[572,559,1076,584,860,510,841,1061,825,1294,874,482,566,1164,790,653,681,1128,750,684,515,801,1447,1253,899,711,648,789,1010,1690,562,698,857,1025,976,577,588,401,744,491,462,905,884,953,1425,602,1153,741,962,1016,823,717,687,1104,1025,432,693,738,813,1013,798,1120,1119,736,]
[925,767,1436,710,1409,1093,1028,862,1031,827,693,1183,937,1141,1048,1034,866,775,1013,710,812,1054,711,757,791,450,905,785,1005,1162,877,886,847,1197,886,761,667,771,940,767,819,557,662,824,652,806,859,963,1316,825,854,921,1123,966,1119,909,667,857,898,947,984,1497,721,596,]
[1144,1240,974,748,920,627,1101,692,1281,1168,1075,858,540,834,915,888,995,735,836,736,784,784,574,830,823,979,580,1307,1090,986,978,795,664,775,667,911,701,776,700,974,1214,1226,494,618,813,1048,1389,860,1042,763,1087,1332,850,1008,600,913,743,849,1012,1587,624,1108,751,530,]
[884,1722,648,1054,864,1067,1186,993,729,916,801,776,1022,927,867,797,937,1206,935,878,1086,1033,1103,1351,881,1103,684,873,1242,762,845,1042,1509,773,1126,1070,906,1043,435,604,789,903,956,660,602,925,1049,992,437,701,669,724,1101,1556,1011,806,1057,1389,918,1020,1020,1253,1294,869,]
[923,676,924,966,987,901,840,747,1318,1124,1151,1042,842,489,946,753,567,1029,856,1001,969,922,963,922,703,714,723,949,515,944,732,866,807,700,1029,1299,1192,828,1031,949,876,502,1001,1058,763,1267,829,1364,759,736,1061,967,778,783,1104,939,942,700,932,979,1085,725,1339,844,]
[732,890,660,1099,1399,908,962,721,868,691,530,1185,842,904,933,599,884,1156,862,916,892,1012,1226,709,568,1063,792,886,570,1232,711,721,602,787,824,788,1063,931,865,841,1309,889,1198,665,504,977,791,829,716,743,921,659,683,524,809,766,727,1044,743,498,701,748,666,966,]
[798,821,1121,889,1140,709,647,1033,1234,657,1083,885,861,735,1353,1021,1182,957,729,861,1205,708,519,1041,754,1048,904,863,1161,968,1115,623,989,620,1179,731,646,849,998,768,762,883,508,675,648,1116,1285,691,695,612,1503,990,617,713,850,652,1055,1478,721,633,1118,1051,934,1033,]
[820,547,756,648,598,677,803,1329,740,745,777,1138,650,969,896,581,757,860,778,712,705,940,1154,515,1152,888,1128,1234,901,696,567,742,615,775,628,869,620,840,609,743,1157,1071,705,655,743,820,1027,922,768,820,1033,919,516,728,917,653,899,1052,1149,931,1038,567,705,820,]
[607,1254,716,772,1568,434,1196,1397,745,817,959,978,712,604,442,681,1230,717,734,725,992,863,1022,850,741,515,1107,925,704,1158,675,1167,1186,927,1194,540,585,942,1169,783,974,1104,968,893,834,730,907,1013,308,896,654,1078,475,881,727,1089,602,791,642,768,752,863,1444,906,]
[518,830,530,750,628,745,629,760,431,697,528,673,730,544,826,325,620,586,725,1053,458,333,577,621,727,395,503,584,451,789,547,836,601,404,689,976,815,698,755,675,909,613,550,538,605,723,628,695,964,565,427,440,749,693,675,1006,714,610,527,782,528,819,649,1046,]
[1155,1463,872,1407,1094,783,1202,1133,1111,1191,1233,783,1593,1565,941,816,1134,1065,1235,1257,991,648,1050,738,1097,1010,1199,761,1295,1736,672,613,1423,1408,873,1128,985,1522,1240,1607,1338,1359,1123,807,677,1050,1682,1185,938,1603,1643,1087,1175,813,1236,1635,856,1003,830,1308,1409,1183,829,467,]
[924,524,473,644,575,693,595,764,802,390,522,883,480,542,746,483,558,715,498,790,377,778,598,350,571,657,695,431,736,986,754,509,798,718,699,662,609,613,534,531,616,342,656,635,368,501,760,1013,522,698,396,671,842,767,626,628,561,498,740,517,501,989,704,484,]
[1407,783,811,1001,972,1433,813,920,1987,1599,679,827,802,1065,1190,1210,1152,1014,1195,1493,852,778,838,1197,1607,989,1415,1719,1222,1375,1168,1073,759,1046,1104,1024,1307,1421,991,854,1399,1465,1131,1398,1088,1318,1404,953,1070,958,1486,567,1335,1834,602,967,1456,1383,976,869,1390,1153,1257,1042,]
[640,869,797,997,665,846,971,1202,601,682,938,490,516,576,768,526,784,891,1008,879,665,697,938,838,730,447,594,741,1050,598,417,852,907,655,814,743,1517,858,752,801,773,748,686,993,758,645,982,784,920,1014,853,707,536,904,748,726,982,939,830,903,542,432,991,601,]
[772,966,710,1023,1155,730,547,1003,1146,675,933,590,921,975,741,654,977,574,888,892,577,1180,1212,609,979,728,791,1116,972,566,660,1029,1115,927,1106,1006,1120,834,998,976,1246,880,1021,439,707,655,757,921,894,800,908,783,936,1333,907,1289,743,580,771,749,818,448,951,779,]
[1154,378,806,604,1046,681,787,910,1040,777,1167,753,833,639,947,1211,1019,985,974,799,668,775,1169,711,707,833,652,678,462,1097,1143,607,690,1014,1836,921,761,781,977,1083,272,911,836,506,881,786,738,547,1454,806,402,977,580,674,638,1128,1022,1186,1018,539,439,844,1187,765,]
[1022,860,937,693,580,633,695,883,719,1078,1265,850,721,868,763,708,869,909,677,807,925,955,1096,1221,846,866,749,779,875,865,685,730,671,1032,574,896,520,975,767,1191,739,1369,547,724,857,1163,1023,669,886,895,828,1204,992,687,1011,1039,1032,854,715,883,1303,1241,1097,887,]
[976,690,600,1268,1498,833,598,809,1055,778,861,881,767,781,964,1083,797,1011,639,658,1015,778,956,999,941,906,674,1018,593,637,1057,1134,469,1284,1015,813,1156,1050,496,1213,631,1235,933,1037,1381,778,1404,885,435,962,913,1429,1091,1148,822,667,1010,549,924,440,539,621,639,891,]
[1202,835,836,704,1001,1094,910,640,564,808,534,845,803,722,1390,855,829,1027,789,676,954,945,971,847,603,821,872,833,1082,664,1229,847,863,473,451,530,1272,765,442,1070,805,750,685,744,751,835,1043,659,808,754,960,834,835,872,755,933,1149,931,1569,843,879,811,1403,913,]
[865,867,768,999,586,652,836,1017,811,1082,760,847,747,1029,737,947,892,675,751,699,1026,492,849,749,513,656,887,1136,760,1108,948,713,958,952,1018,652,863,931,659,952,999,940,1335,514,538,949,1273,631,1053,1138,871,982,866,910,943,683,836,720,1083,1364,1248,755,1124,970,]
[938,982,1051,465,553,716,977,1038,872,1024,1053,960,1067,1105,766,727,1115,913,1017,1303,1366,940,622,921,972,483,1306,826,600,892,891,1061,930,1432,779,1508,667,977,722,593,993,1106,869,690,798,973,831,1069,647,826,567,949,675,739,675,983,764,831,885,812,816,482,856,734,]
[1237,526,850,1138,692,772,1151,1039,934,599,1486,551,564,576,632,557,768,893,832,1147,785,888,669,1024,791,1376,566,1043,1158,702,801,753,881,1014,1097,729,1191,680,642,833,1301,913,611,791,925,992,699,825,953,846,1106,780,1087,828,492,928,548,917,827,633,931,1290,668,1102,]
[688,968,415,870,995,1057,1301,1809,676,890,898,776,996,815,1031,776,627,789,786,1092,669,648,811,867,961,1017,1033,1412,1132,724,868,800,1008,1427,681,677,721,1266,871,1220,731,795,957,668,434,623,1385,595,747,534,1016,814,717,566,1085,875,886,661,1155,1517,532,1128,557,1181,]
[882,752,1092,777,725,807,785,1194,730,1159,1235,647,1045,839,622,787,645,1078,804,854,714,1058,1156,737,1085,781,1127,897,1384,1041,775,664,1100,764,959,856,1349,668,1319,1118,770,776,645,1009,559,675,1292,952,1062,724,998,760,832,1621,1304,900,819,1171,741,784,1093,994,658,717,]
[456,756,557,1018,1004,993,837,834,1050,666,619,961,617,786,765,812,999,556,1038,735,1152,782,755,1262,771,720,918,678,723,754,1274,834,1016,716,665,776,860,1532,1032,843,1326,798,1069,606,656,828,774,1067,1170,928,604,698,741,1043,426,738,997,313,943,1295,893,636,949,1142,]
[738,870,1013,934,586,850,935,790,499,1177,783,859,1360,1082,803,815,532,864,851,1044,1044,865,820,894,1047,960,744,696,770,742,882,799,997,627,1213,881,908,813,1281,1065,754,1021,836,414,1146,625,918,847,970,1416,1316,895,1049,740,1026,629,849,773,908,953,1029,765,744,933,]
[675,891,487,658,1084,1119,916,795,656,572,973,815,976,830,1474,1007,843,769,882,990,948,874,885,738,848,799,1052,1067,765,468,931,1095,973,664,1034,812,846,572,791,787,1000,747,972,766,877,580,869,480,716,724,1077,979,979,703,989,1432,867,858,828,806,523,809,1028,939,]
[1354,996,952,907,811,873,779,726,1212,926,1274,873,1252,1460,937,843,1157,716,701,827,892,413,653,956,681,1166,929,1019,500,488,971,1052,773,904,982,490,629,937,688,627,551,620,1071,1069,738,934,1274,914,1056,1391,723,486,1153,1126,725,787,592,1176,1123,972,654,1167,547,503,]
[871,1258,1024,1023,898,1054,966,990,694,1119,1118,754,623,1042,942,863,1143,1066,831,995,880,771,796,660,1202,956,543,1110,1116,667,1057,778,826,993,1251,1162,650,878,853,885,818,557,1045,734,836,1085,1000,1363,669,1001,720,882,978,1007,615,1119,1072,900,923,1513,886,906,400,944,]
[1015,828,949,1077,1130,663,1337,637,1007,827,907,898,907,1093,899,903,639,987,647,980,1102,755,355,1066,898,726,1224,790,1213,756,922,857,1015,825,902,717,618,699,1052,703,1027,880,514,988,802,1259,1256,619,785,1021,1310,689,814,938,1069,743,848,878,976,575,813,1162,720,884,]
[606,684,863,936,1506,906,849,1275,931,1124,1125,915,695,1031,863,811,942,773,1203,947,1271,1126,867,883,965,1111,1060,1104,746,853,760,1135,844,673,647,1104,1061,958,629,796,855,697,1128,628,968,811,1044,672,1217,828,622,762,881,630,518,695,1175,1197,981,897,1093,902,571,1059,]
[812,768,710,793,974,1180,939,870,756,641,769,751,775,1239,612,1206,1438,592,592,1208,837,862,724,727,685,862,1010,1250,649,567,1202,776,762,1394,694,1352,1004,532,1123,609,1031,859,963,802,1037,982,698,1389,996,1012,767,1239,789,912,1009,677,958,691,921,699,1077,884,775,1045,]
[430,1389,963,678,853,617,883,1353,645,904,810,539,1139,857,1035,995,506,1208,1004,710,824,1311,1218,867,715,1045,1077,956,613,1045,765,738,1439,828,1078,1157,1033,853,661,894,828,760,1077,637,588,832,1087,778,853,786,1121,723,879,821,571,752,845,808,748,639,851,1044,604,1377,]
[1620,1024,1033,630,1330,1086,770,1098,723,773,1159,777,1251,906,1489,1130,460,816,753,742,463,895,1216,1024,761,1368,810,977,1116,599,1159,904,691,953,1357,1134,972,593,557,876,832,1345,1258,1122,743,672,938,655,791,814,831,619,697,988,522,550,530,665,728,559,1027,1388,750,958,]
[626,441,1048,733,861,1401,812,762,687,754,604,1192,917,829,953,1138,755,1094,960,1104,809,950,813,945,773,1140,1116,781,745,846,1191,1272,1104,1235,678,940,918,845,794,1027,843,818,845,980,1081,840,1191,1004,575,731,1038,1010,853,832,1570,803,902,901,896,777,716,954,838,996,]
[508,836,812,1029,1305,873,549,630,871,500,817,877,905,550,820,653,794,760,1275,999,815,759,718,1134,965,1064,544,967,1042,1238,659,750,750,672,800,959,929,673,1074,805,884,963,837,572,1139,1110,711,776,707,818,1185,727,894,1349,908,849,977,1189,1174,890,812,587,1032,423,]
[1075,1106,941,908,899,773,1188,927,1130,848,1092,1268,1008,598,1116,680,830,867,1014,1147,991,762,717,738,842,1046,944,955,896,824,734,601,827,688,791,631,474,605,577,1610,1172,803,544,1107,887,950,1026,866,644,816,883,576,785,818,460,657,1273,1086,646,905,1171,372,633,1397,]
[835,564,1176,1115,1365,989,616,783,595,1090,1364,772,904,1311,934,985,988,748,937,1108,740,1001,586,602,1256,872,695,727,616,1547,714,609,969,864,386,775,791,670,497,720,916,669,640,1138,620,1065,732,907,819,746,814,1243,864,1172,815,676,936,720,826,732,865,909,584,821,]
[932,625,467,980,724,660,939,942,888,939,796,803,827,536,772,1023,1354,607,871,630,888,1211,1105,1158,827,1148,612,825,981,850,821,914,1033,1337,686,847,678,613,1119,1178,1124,861,899,549,714,658,1159,1454,826,685,801,672,1155,1211,867,970,1027,697,778,566,1031,860,1102,1043,]
[983,1189,877,1551,1028,492,573,785,1137,811,1090,856,821,787,1149,682,943,599,647,884,1349,1184,1402,654,1089,777,718,888,739,767,902,889,720,978,1190,1247,779,569,734,550,987,781,777,783,1125,1417,1306,966,1066,783,990,731,1010,1113,834,636,523,1013,740,1607,767,748,770,989,]
[655,1398,1355,390,1300,1286,942,572,1382,708,1213,833,888,1265,971,661,1059,896,918,1042,733,790,1344,771,879,1011,1147,1125,572,1183,1134,823,1148,1099,649,913,764,779,780,781,791,676,1122,882,1128,872,664,877,1403,1254,614,518,929,896,655,834,891,878,911,1201,1300,939,610,1683,]
[804,857,723,776,1023,594,608,1021,780,886,909,799,871,857,1019,1011,649,1212,1098,587,640,877,935,1020,690,996,732,791,441,842,791,932,640,615,668,617,575,811,736,758,687,694,1193,818,690,1226,641,1266,1253,864,769,948,793,1005,653,951,822,796,769,1020,776,698,606,555,]
[703,633,1450,860,666,859,596,1149,1103,579,1151,1096,745,618,900,842,1197,712,1236,812,459,634,1065,827,963,614,753,865,753,898,1022,633,878,794,1133,635,758,822,815,1032,1352,1128,604,1021,757,706,967,943,898,817,1305,691,804,731,966,998,829,851,830,932,1135,1087,1078,730,]
[788,921,698,958,764,1148,1046,657,915,601,995,1075,852,780,899,667,811,1037,990,822,947,637,834,802,804,756,1195,551,918,920,812,782,1184,760,833,1218,671,597,1349,709,534,1178,667,1230,558,763,751,686,953,1124,1231,579,912,1148,853,1078,729,787,807,1368,927,831,1046,1117,]
[1041,757,1048,556,783,925,754,967,1127,1060,687,702,883,636,624,1060,681,894,1138,1107,883,1368,514,681,577,1053,1025,753,820,1146,1214,887,614,978,806,948,768,1093,773,480,906,609,963,486,920,708,1296,790,779,780,1208,831,920,917,1004,1138,1066,678,1174,824,971,1070,589,672,]
[704,590,731,1170,1127,1031,710,936,933,451,1076,1284,662,707,591,835,1221,835,899,1126,987,719,770,1188,687,700,959,740,1435,889,954,1061,1408,649,1040,791,856,837,730,926,1296,756,1430,741,835,742,1295,1060,508,1051,981,893,1325,1357,736,1078,726,878,757,774,975,602,544,753,]
[930,814,657,928,1232,1055,581,897,614,1269,1046,1504,725,868,880,1288,1046,783,766,718,718,1205,719,478,857,1332,729,684,896,761,950,874,637,753,754,458,1014,998,928,709,637,1267,684,1100,870,1180,756,703,455,849,938,966,1064,1547,712,765,945,698,1167,641,666,405,916,659,]
[468,1263,983,730,428,627,836,1138,791,533,1210,999,871,783,870,801,684,1481,676,741,554,809,656,612,866,706,810,747,1067,800,955,583,569,1279,819,565,1101,871,865,1157,825,829,818,819,602,472,944,863,923,756,1155,589,981,1026,960,831,945,1229,845,805,845,794,806,564,]
[659,607,467,587,502,626,838,700,844,678,647,783,845,622,350,849,592,1022,517,514,738,631,588,713,317,418,634,724,636,620,627,817,640,748,449,872,366,655,466,579,720,809,671,796,959,617,541,584,656,823,837,975,800,1026,624,563,1083,692,293,624,465,576,810,648,]
[539,788,846,1105,1065,938,802,889,640,487,942,893,753,1101,1304,831,962,486,517,1004,420,461,715,1252,831,837,940,1101,1298,594,1218,863,927,758,672,1125,745,689,791,569,882,1207,1272,906,841,1448,802,996,934,926,1036,896,1258,727,1021,703,991,993,459,615,898,917,702,881,]
[727,508,825,831,533,680,1038,973,476,864,989,864,844,734,1067,634,870,653,719,862,733,920,731,629,812,1021,1026,541,611,1125,694,738,801,858,818,1067,1058,601,1009,680,695,508,938,691,1237,824,1004,785,627,1070,881,563,1275,1104,885,770,995,851,894,1274,1279,870,1036,921,]
[828,773,745,1045,1101,680,880,1059,709,666,1055,998,1427,1046,1315,783,995,1110,1024,955,658,833,639,844,851,748,635,987,947,1159,561,1014,733,1031,556,1269,671,695,763,784,697,772,1178,933,743,785,1131,1062,1135,774,516,758,654,783,581,1087,1301,844,905,773,677,509,830,815,]
[1064,762,889,1155,1120,901,709,724,1091,1052,1475,817,856,587,802,806,538,1171,1112,852,904,1048,628,650,1015,928,693,862,1321,571,1392,906,836,898,1338,489,587,556,767,1211,831,746,559,912,964,677,1127,891,904,1280,781,922,774,569,454,700,801,1014,718,942,919,1022,845,849,]
[867,685,601,614,596,1207,787,1142,603,938,1077,683,1034,1141,665,875,1083,699,650,970,1430,868,1126,818,754,737,765,1157,695,836,965,956,869,534,876,719,850,938,845,1055,826,758,603,970,643,721,874,979,1136,533,741,709,988,1233,635,886,1142,1256,856,912,813,1273,1010,1129,]
[773,663,651,605,910,741,571,565,1025,934,993,780,671,806,509,898,520,1131,507,842,633,1252,845,1073,629,1028,1033,834,844,1039,894,939,880,1239,493,939,852,964,1044,590,939,936,737,992,1120,652,1008,606,824,767,1160,801,1082,923,1100,575,515,947,1160,791,768,1019,493,818,]
[661,644,904,860,683,664,659,971,727,864,919,1257,1070,837,869,588,1036,780,822,630,828,857,498,704,1372,767,735,962,656,868,1391,1076,673,693,1060,1070,757,1578,738,943,1241,958,1325,562,821,794,902,382,724,1073,701,813,1195,794,749,1092,895,627,1057,466,603,754,906,655,]
[917,966,506,1231,559,1012,775,822,704,778,946,590,1085,1239,1222,804,689,712,855,1104,815,1014,1173,1008,745,634,840,1194,931,987,869,641,863,612,859,761,776,1241,1111,531,770,1114,1062,775,1038,1174,808,861,719,867,1085,792,831,703,751,1403,544,851,599,1032,897,747,791,1225,]
[949,1339,730,900,892,977,719,769,1088,567,682,1562,922,543,882,631,840,631,781,1310,817,836,1340,894,839,685,1005,786,712,464,599,748,1033,986,585,971,675,682,814,617,792,873,538,870,676,581,810,965,806,794,668,666,1230,695,1015,744,990,1201,683,949,1280,552,979,698,]
[967,1350,729,877,1572,637,784,830,818,1032,691,831,904,767,560,911,851,1105,847,859,1116,1065,992,866,556,915,365,763,777,1242,556,961,1228,1047,1061,684,867,959,1439,1119,931,1006,1099,891,989,810,544,576,997,529,744,1110,1097,544,1051,1108,528,442,850,733,460,844,791,642,]
[1267,1395,582,864,1041,512,724,1064,1130,927,657,962,1167,853,859,933,933,665,619,914,1007,910,777,1156,1054,760,922,964,1129,734,618,673,730,697,1083,690,1096,968,906,1014,751,1029,504,832,1079,1025,801,1000,1333,1080,792,863,575,810,761,462,703,1073,1108,531,1109,1208,1166,820,]
[645,712,882,654,492,468,635,881,730,349,324,918,770,848,801,660,781,712,712,614,673,365,470,742,763,607,699,843,538,505,568,557,673,609,747,921,465,609,812,489,713,443,614,662,855,461,622,749,632,379,929,566,525,811,1101,248,795,740,767,646,432,848,848,653,]
[0,0,1,0,0,0,1,0,1,1,0,0,0,0,1,0,0,0,0,0,0,1,1,0,1,1,1,1,0,0,0,0,0,0,0,0,0,1,0,0,0,0,0,1,1,0,1,1,1,0,0,0,0,0,1,1,0,0,0,0,0,1,1,0,]
]
