[955,10612,2837,1110,8775,1596,13616,6815,8277,1400,10182,2789,6512,922,700,3596,2999,6691,1192,2791,1461,2878,4100,4858,13919,6766,1867,1567,1126,6538,1487,4975,1896,7445,2406,128,11170,29171,231,6142,6296,10095,12311,14356,6398,4503,8732,8763,2802,5842,6119,256,13639,7319,6171,5292,529,10576,1682,7513,7457,6421,3212,2685]
[821,412,3112,623,531,702,2775,9568,540,1130,2824,1580,500,7734,841,5519,1098,2960,8060,782,3367,706,5782,2944,12156,2639,4166,2847,1384,1309,347,914,71,2824,7812,261,3486,6770,9988,542,2588,327,938,6097,5000,1338,152,2782,1703,1366,7497,26,1160,1059,14669,1966,6455,4268,10884,686,5695,1604,1950,1409]
[288,6843,137,9443,3156,136,10419,740,7599,5459,2260,277,1229,1691,574,7194,5456,15362,15405,2888,4403,2888,552,4007,11214,25,13476,6046,2542,6485,6163,12720,10332,7092,1033,12188,14977,2916,1139,12966,1466,7901,15352,18238,364,908,1114,1698,4825,7600,16143,2609,3435,21,6821,932,298,2831,8369,6756,192,2589,3915,12568]
[9667,3800,5334,2161,359,5897,11435,4408,331,16392,1426,3014,1859,276,189,582,571,4046,13438,5031,3074,305,7451,1069,12,5926,1174,8541,15303,4196,4075,522,1846,7236,698,657,1855,9014,763,4499,5567,2956,128,10567,6024,1127,3266,7379,11912,2508,1842,293,6697,13452,12808,2330,1323,1043,19024,1018,2642,2309,140,4497]
[1438,2707,437,16752,947,1335,655,1199,4362,1326,6510,14110,1151,1434,4424,7395,164,2373,1455,731,3633,1573,8505,2002,1730,5120,3137,23710,10000,1212,6842,841,4384,12769,1764,3109,2971,47,542,4598,3626,1746,2901,11837,16349,5564,13305,2482,13810,1055,3883,4293,1075,5048,4465,8615,1745,1203,1232,937,2487,2375,368,3728]
[5530,8638,4226,14565,4351,3996,2654,6268,1162,3234,5257,2025,2890,1053,1731,3291,8544,501,3986,1135,14070,2175,4961,9304,2393,6341,6420,1179,1717,8899,2864,2661,2258,6802,4370,4690,3112,13647,2025,7725,9793,1766,606,11304,1192,893,2623,8911,704,98,2145,4280,11257,294,6947,129,5805,7841,8989,2791,3307,14465,10605,949]
[7016,2443,3213,2816,5844,13277,3684,762,1445,17913,5209,1516,1897,25893,1480,3231,13887,2573,4066,3299,9246,5311,696,4194,535,3437,14787,996,1787,9578,2605,6153,21698,2146,1772,10450,6210,10569,1887,1369,533,5871,2149,7768,471,7666,1314,3436,7214,7391,5436,16858,5052,5339,10824,2232,545,1210,10733,4437,2034,4895,1611,186]
[1265,9916,590,6039,10965,4021,4449,1136,6844,1171,22989,5200,1162,372,1414,6269,1768,6089,12905,3955,11718,1935,346,1717,3959,1860,9354,5838,2756,757,4724,157,134,858,2271,9102,3857,3360,352,5169,285,2946,2812,871,7991,12360,4986,5018,2082,102,6015,577,4906,829,1542,1849,840,183,2103,2552,1392,3875,1158,4619]
[3245,1245,929,1952,2255,5540,7061,2473,8659,18377,6148,655,4258,6362,2323,2993,3159,3416,871,7775,14,7383,2531,14469,1549,1513,1642,13355,4070,40,2197,9036,3278,1719,14479,1991,1250,1043,4231,921,5762,493,70,3424,130,638,2367,1688,5073,6010,7493,4336,4081,189,2448,363,673,2838,2616,1075,1715,10371,1615,5418]
[101,1839,1341,260,3184,1635,408,701,15235,3037,1059,9580,9294,459,572,1047,8470,16336,2942,908,6543,24,9950,3918,2157,2733,4781,234,9258,6823,7718,3482,2587,19117,3990,60,3387,12199,1109,1570,301,3649,6450,704,1843,6371,879,5955,3432,3106,3465,1401,810,298,7959,200,4357,2936,1806,7221,1326,2788,1178,15427]
[2226,6548,1943,3732,1037,7160,3982,97,2438,12660,350,11835,26861,8222,6263,4551,21673,1147,8714,3732,4141,1346,4684,32,98,502,3860,7846,6762,5761,8002,4037,2285,1100,1405,9559,1272,4264,24871,4123,482,10267,1859,415,1520,5869,3069,7724,1057,5061,2607,7438,13322,3062,1487,13166,4151,1110,890,1956,587,32,1018,196]
[2222,8009,1855,1267,1832,2182,13796,2503,1107,2334,4278,1198,16224,596,107,413,103,5761,5450,4593,2990,3317,6840,603,385,1892,781,2133,6856,2851,3911,5332,2061,6157,2942,16468,3868,1194,14916,3664,27070,3790,14,2680,3820,6735,15523,1613,127,4191,10766,6138,1521,1468,3160,4416,3478,3966,2199,18736,2663,17184,3129,2049]
[206,2281,17288,1092,6257,864,638,1430,605,10373,1875,1469,4551,2383,9291,6793,3141,671,530,5882,817,9940,1908,2664,13,1071,609,1551,6362,22702,535,4308,2978,8263,5411,3545,13326,512,585,11596,4654,2902,5938,341,3216,5486,5960,114,4353,833,89,5527,3619,2791,6127,9620,1077,592,1543,4488,233,2796,10766,1074]
[6676,6660,3091,8839,33,247,4243,181,3176,1657,846,2401,2702,669,4613,7977,2256,555,1910,9,2853,3467,4380,3629,10177,87,670,6781,1120,9406,7444,4056,1444,3122,740,4509,1367,2946,5614,1899,6212,7430,2301,10742,296,305,7298,75,4067,136,2108,7022,3951,300,5408,7750,4022,2368,517,4720,145,4243,1679,4250]
[5293,10417,2418,17813,285,3009,2611,5463,1472,11680,4514,294,4903,1746,1985,20346,961,595,1861,7697,605,125,6309,5947,352,2429,7744,3306,234,9351,1143,3413,7320,2250,1015,4610,753,1914,1024,1803,2633,935,2837,7767,3807,2115,17546,3252,5517,2076,3471,28,4917,8957,666,1573,8287,2896,6741,7495,2524,1434,6698,7891]
[2152,1189,11391,12808,11928,2592,1084,7446,1637,6537,9018,4064,6662,7362,1973,5068,11242,140,5675,4324,3471,6036,2327,7844,1486,8573,420,1247,7925,6080,301,3222,2871,856,2939,179,6920,1051,2324,4242,3157,9088,6001,1110,4932,838,6887,3762,1951,1817,5275,1159,12775,3459,1509,2894,6355,1161,2636,1208,0,1287,6191,981]
[1010,9349,9863,2436,7972,469,1395,2642,6529,9683,2399,1510,4487,6871,4338,2075,5193,11048,1382,6355,3080,405,213,1919,363,1630,1303,10899,4572,698,3721,4518,3484,2784,1023,7863,17147,1537,1470,11911,2539,1798,1428,964,400,404,374,9142,470,8744,492,1885,8908,7815,1503,450,6353,1578,1113,5925,2723,342,7982,1595]
[12635,1379,7135,6930,7770,7404,4189,9201,4113,262,2150,10328,4841,39179,6393,7061,12268,2407,1970,1399,3590,764,6122,4689,6463,712,7287,3371,6217,692,221,570,1590,203,836,10678,14278,3680,1162,1555,7162,1118,4265,7009,1218,2295,602,746,22635,5583,16694,4382,2220,5087,6621,8103,6467,1237,3068,14839,1935,2328,3642,156]
[3145,31692,2501,5314,4805,522,3005,2192,10631,1178,12203,2586,6733,8390,8790,11157,6106,1406,12771,5928,486,1433,4400,374,1493,6768,358,226,1829,2933,3718,2012,2632,6567,14467,10971,1124,13388,4879,7219,574,16031,12393,11300,2772,4507,1606,4478,3168,2363,1348,7319,8070,7923,10882,2438,6870,9963,3859,1013,3836,1593,1184,4549]
[543,3187,1428,10615,16942,17064,364,20786,8934,489,731,154,1956,5622,3788,11158,117,7306,2410,181,4918,811,446,4242,767,6622,672,3398,636,6509,3183,2839,6615,2285,8461,987,1757,5657,4054,896,6525,8647,7376,2163,1520,103,3605,1540,2778,8212,353,6915,1345,4296,6974,6509,7989,5377,407,6473,3676,4449,6376,2480]
[4445,157,427,3188,432,75,7800,2725,5848,1247,1894,5491,4087,3464,6826,6343,3080,6959,1364,4107,2213,5198,2012,916,2179,641,64,788,2926,7802,6861,2048,3340,621,1509,15215,4479,2285,12159,90,583,8488,11608,2158,672,8738,172,13676,1844,1821,1645,1234,1956,3876,3051,6296,4569,539,5449,1315,1627,2903,2746,13301]
[827,591,14293,8705,6321,3607,5662,725,3386,970,500,6161,18958,628,7635,4988,8552,6531,12380,12628,14283,6751,2375,1817,6223,8897,2937,3392,1669,476,2223,9662,2219,929,1293,15202,1346,4039,3564,2188,12739,5818,1789,9514,657,2544,5147,624,3484,4663,17918,2553,879,1002,5970,496,18,1223,1974,5866,1442,2741,1964,7858]
[2294,1606,802,13134,21544,3700,1746,3691,7467,3443,653,5586,3089,44,8768,2298,13834,10067,1860,11329,62,473,2337,1996,5046,637,2891,2926,5949,1663,353,4338,3559,4132,11701,7952,7809,483,16915,4200,2556,2499,2643,18177,9433,10196,2986,666,1501,444,2624,2706,3892,3881,1286,2010,1773,644,2208,4103,1422,5785,9319,808]
[783,1836,1287,4815,1150,2289,1387,2304,5169,2792,7901,486,3524,1325,209,5348,1047,3634,354,427,5807,6531,4829,1112,3312,2679,7097,2253,3821,7280,9578,23062,2346,849,7993,5096,563,759,2257,1052,5921,454,5593,632,1799,2403,1447,3001,14688,6984,13711,3932,7320,5887,1477,1587,2354,2182,2304,1458,1981,7189,842,186]
[534,8497,2078,12646,4,6053,1347,3752,5439,4167,4169,12287,595,19271,14060,8733,3241,673,4445,1117,3638,13788,1897,4723,8084,1923,4089,5736,1072,4294,7216,2233,419,356,7161,2964,2821,3633,1029,246,13740,8010,11411,7248,8961,7631,4128,3252,5374,3544,1957,8029,13912,1349,3334,2929,9949,1006,2165,5855,11957,55,5207,3824]
[11282,3477,83,940,1731,319,2092,4169,636,8554,1352,3715,5523,4009,1931,2292,35,666,1895,6920,11200,801,4383,2070,3171,10344,4877,36,13123,333,766,2724,937,6559,3707,7192,4048,8056,127,1379,912,2336,1544,31487,229,257,4250,2706,1938,559,4675,6872,14868,2669,3221,19071,2179,1371,3717,16634,181,6610,2321,454]
[2570,3040,1002,4194,3205,6269,6607,6078,930,2509,1609,1948,3988,4384,7615,618,3016,6103,5532,328,8519,1664,10760,4261,5789,7776,1831,1671,6572,59,14659,8,14429,2816,1721,3169,9815,8118,4059,8254,20046,247,5538,10013,2136,7980,729,8365,2143,3862,9138,5243,963,7377,54,14000,2218,12364,4399,11511,1614,3240,794,1371]
[2097,1302,3547,896,991,293,1387,2337,2021,5474,1813,6704,7026,16792,12022,5830,9561,2312,1809,1729,10207,5917,1327,2784,1612,4912,2705,14051,1002,11848,521,2011,3689,3624,3772,10199,3401,2119,10838,123,8953,3415,9288,2912,2893,8901,853,11637,1728,560,8647,976,4598,2520,6347,9020,1629,771,2883,7783,2762,417,469,11159]
[840,1538,1363,2155,713,2459,2554,7990,1605,472,4200,2766,1594,2499,6852,2400,6801,1659,3427,3531,2278,4133,459,18014,9668,1625,315,2925,6679,13624,1932,1949,7763,3680,602,9068,5381,3605,1810,11645,4419,7061,3035,1943,4960,3031,1539,4139,2287,11731,1979,959,808,100,649,5004,7486,4790,8173,1237,3659,4354,5437,6367]
[7568,365,525,695,9348,2990,981,6521,12901,10956,689,5834,969,420,6487,9478,547,575,10094,1515,8796,5704,2708,5383,3033,4410,10478,352,2950,4123,1086,6199,12122,4438,3231,283,3430,6487,4528,947,1263,14415,8456,13998,14932,2266,6531,1796,1860,13813,3645,10191,293,2832,1271,1422,7177,1437,4710,6240,6762,3283,5944,2955]
[5001,503,4950,652,1365,3075,341,5008,9554,30408,2929,2121,58,1113,4826,1173,2886,746,2794,1042,5546,5252,2081,4221,7052,3552,5549,5293,539,366,4303,885,8627,1816,343,13887,2740,3531,2858,6656,1868,6384,268,3628,1203,3577,1838,3298,1852,7090,961,2932,6634,2719,120,3952,3587,5194,1214,4151,2127,3393,1665,5412]
[7157,262,7601,17702,18053,12033,6667,1589,7525,8986,6353,3202,12647,3973,1535,2901,1824,2565,1226,3396,4851,2316,13683,13805,1825,823,2039,3334,2777,5546,8881,596,599,217,1688,7401,1450,8246,32,1358,6442,1505,5082,404,10141,95,3837,1805,2926,2665,4119,823,2710,3464,1302,1691,4052,460,2583,2152,3664,247,8588,529]
[4353,3247,5982,437,15027,11506,14765,4717,348,3891,313,1105,1116,2148,3496,560,3384,4319,4199,6,14003,1290,4486,433,1526,443,600,2129,822,19317,3504,2391,6690,6054,1873,8626,111,2968,422,4889,4227,10117,4377,760,448,6595,5381,8338,1027,5711,8696,6550,1245,9988,3134,1926,3160,4915,2447,2764,10178,1202,2518,4219]
[6935,20048,9269,1633,1222,5934,2535,3611,20842,5569,2158,846,6091,7791,8376,4065,3177,4512,26,8326,2419,1648,21884,2052,142,2547,7205,1241,1165,779,10518,2253,12165,1049,19745,2893,3351,3034,4438,1517,361,874,9568,7512,28162,1755,11650,3285,5155,1330,5076,2554,26,2450,2835,1044,1127,6676,8625,2297,2489,1408,8131,2185]
[28504,10053,8333,15734,242,1192,967,524,362,3993,2518,3375,5961,9017,2117,759,3049,2020,4192,7881,7356,5364,1396,16309,1992,7167,3358,1157,881,3224,4073,631,1853,1394,8765,6013,1300,1013,6715,6599,4504,10903,9949,675,2634,850,1116,4756,3081,5564,3127,889,9872,2029,567,6692,478,14826,118,5091,4619,3262,10432,6653]
[7468,7917,4138,2406,3386,1613,11778,3758,10682,4878,3731,16343,423,319,3240,11890,1766,7574,7032,1430,2334,5237,61,13616,3874,1105,18658,3510,1271,7300,4586,1548,4724,873,3645,3448,5670,8350,7356,6630,3680,6157,3510,3333,1190,5797,3249,3618,7335,162,3808,7351,11814,8118,1453,3493,307,1745,11635,2312,8128,76,2472,4694]
[417,2715,2720,88,7993,9097,2106,12546,3142,4291,10394,2316,12394,6832,4081,1348,1490,660,1909,811,536,10534,8559,3015,24,5546,912,2428,1389,4304,6113,1507,2852,1799,8717,2243,2301,438,364,608,58,95,1993,534,7460,553,142,109,1783,7326,574,354,527,8959,235,1894,1425,10847,7643,5480,593,66,16987,9053]
[11576,5638,816,4850,7116,1635,3159,4492,8681,58,1756,3925,4980,1802,4115,3825,5870,283,8738,4952,2810,5180,2022,3376,697,4910,6552,92,1127,4208,2261,3144,11969,5689,52,1575,69,3164,9978,2126,11080,2427,337,593,10195,1002,2403,4175,2473,561,5276,3686,656,197,13177,11,7066,868,4615,734,6937,8388,1590,2607]
[7677,4143,1742,4773,2240,1198,9857,794,1231,8597,1882,1007,617,1825,5167,1973,5051,1532,3162,4879,1188,4116,792,1782,4324,2724,1918,746,3947,860,2186,5156,2921,5966,7011,606,1366,1582,2553,26,367,1255,5268,575,880,1796,13567,776,934,4463,21429,3926,2007,735,20,316,500,1425,3654,3491,2270,4795,1846,1084]
[1562,3958,1430,628,952,2454,4412,2449,3777,4070,37,7902,2694,478,343,416,5584,3825,3765,804,399,1823,4828,2810,1407,7806,5977,8836,16610,8841,1784,4169,996,2688,230,4838,3619,5741,2508,2190,6651,13093,4732,1239,2155,554,12832,7474,199,25354,953,5013,504,6309,2392,83,816,1795,1199,3713,5698,3822,11880,3269]
[7105,494,11100,3149,3479,2788,306,8070,1173,4730,5180,6160,6433,309,937,348,280,716,3541,4602,4564,925,5235,776,1126,4667,1134,3973,3010,733,5398,1442,732,1496,5914,1287,3620,5482,1659,3430,5341,19360,4251,15760,3914,662,1270,295,12153,904,315,1941,380,3322,1622,4225,1097,5205,11234,31696,6031,1665,8260,1241]
[5180,2367,2544,742,768,3593,2616,5133,1125,400,10257,1939,3378,1035,20413,2105,6162,21807,384,2545,12215,5394,3432,2732,1335,837,15856,2958,13789,6981,3712,4443,19189,11286,14780,2307,2839,5406,14678,4980,170,3182,5082,571,4529,5505,5201,6972,1336,1646,1311,7231,1758,4792,4069,2662,83,2745,3412,8886,8220,986,358,4309]
[6532,9892,13743,602,3406,1510,4681,57,11241,449,147,1061,533,6911,8090,9382,234,2153,2124,9390,8296,146,2684,1146,26,5998,9134,5509,5572,1072,4706,3698,332,1502,3779,19489,5795,52,10213,998,35,821,2988,8453,9502,3836,273,7818,367,8655,2577,518,3503,2854,7758,305,2032,494,1282,1902,1260,4921,701,354]
[1690,1832,2306,3949,14324,3412,368,216,788,1758,14247,8740,14395,417,2087,4518,631,7013,2037,1934,162,969,9330,1436,10376,7127,20415,10519,154,1980,4855,1763,1838,2417,7983,7039,7747,7374,9454,607,1183,4142,3238,4216,2407,4565,5092,1761,2166,2159,2199,5777,699,1848,5453,4450,4884,2068,7245,5479,9476,1478,822,799]
[4321,2890,16266,2962,1119,11371,2708,365,2990,4775,4789,3534,3031,12278,2401,6389,6918,322,469,3723,0,2725,417,14219,291,399,398,2106,2780,1138,7498,4348,8820,3520,4162,1452,3536,3229,4121,1906,5440,3369,5747,3137,3345,544,9521,3051,5092,20705,2401,3843,5954,516,4147,10037,1429,10877,15690,7932,2077,140,4277,205]
[1462,5288,3333,1212,3217,4685,483,1283,11469,467,2110,1132,233,3660,9884,4593,52,8050,4400,3407,1460,4115,3332,5335,7105,1070,324,3999,2751,3856,7487,2204,3923,5774,3987,342,9263,3007,2169,3298,3166,1957,2506,2358,3762,16378,3795,762,133,1280,1277,1333,17351,70,1678,6872,646,7475,162,2306,5740,503,8938,1404]
[484,6597,3170,2274,3754,5781,6528,4586,3730,777,930,2501,5375,4201,3963,181,6673,1658,2880,3546,7630,19415,119,80,2950,10,10000,7174,2759,4029,2466,11875,7173,2783,835,3420,6274,213,7051,594,570,9029,11707,4390,6587,11617,1646,2730,3612,9311,1318,6877,7409,71,1150,1187,1091,393,6009,538,3602,5663,12928,8064]
[6995,4232,5933,1954,5256,6829,3558,545,1901,6754,1010,1576,2152,5810,382,4273,1859,6262,13931,28178,28,8656,3732,2545,1193,7157,5973,13351,1108,1433,3486,1937,2966,1303,2710,1182,212,525,13596,6386,4890,3704,1927,2849,9028,513,408,3228,1969,7006,950,7914,2437,20119,289,3496,419,5906,17,4017,4563,431,696,20480]
[1043,1501,271,608,9354,8870,5536,889,28132,695,3463,1923,3665,4031,20717,2508,11654,1520,259,4776,5027,579,1647,12161,2943,5437,240,5769,403,326,3403,2302,2623,14820,6117,1247,923,2185,6006,18211,7080,233,14466,426,689,15563,1831,192,4407,1534,5359,1800,12811,1872,29,2665,24618,15178,2615,334,2229,5582,17308,974]
[739,4562,2163,1941,100,6605,2035,1682,830,1212,39,3167,17965,99,1700,476,6181,9655,1531,5943,4467,11597,4352,2639,5061,367,298,2183,1257,3711,4247,425,3354,10024,1353,1366,1396,2799,3833,4294,4982,381,3427,43,1948,2816,2753,6062,5401,5831,281,36,21991,76,2528,4872,2190,15292,827,33,1689,1230,7773,251]
[668,22155,27,12462,11169,7116,4723,485,17947,1391,337,8667,1376,5283,742,1106,1935,2897,8500,648,2509,488,1598,3507,189,3200,11108,8682,999,568,428,2503,1944,4902,1746,2232,1030,10325,6806,1182,9806,12613,8730,998,12050,438,1360,5975,1650,2783,1154,6066,181,2480,9466,8892,2781,361,451,1019,7294,12351,25184,3533]
